id,V_SAEM,Cl_SAEM,V_mode,Cl_mode
1,0.661345,1.38009,0.661345,1.38009
2,0.661345,1.38009,0.661345,1.38009
3,0.661345,1.38009,0.661345,1.38009
4,0.661345,1.38009,0.661345,1.38009
5,0.661345,1.38009,0.661345,1.38009
6,0.661345,1.38009,0.661345,1.38009
7,0.661345,1.38009,0.661345,1.38009
8,0.661345,1.38009,0.661345,1.38009
9,0.661345,1.38009,0.661345,1.38009
10,0.661345,1.38009,0.661345,1.38009
11,0.661345,1.38009,0.661345,1.38009
12,0.661345,1.38009,0.661345,1.38009
13,0.661345,1.38009,0.661345,1.38009
14,0.661345,1.38009,0.661345,1.38009
15,0.661345,1.38009,0.661345,1.38009
16,0.661345,1.38009,0.661345,1.38009
17,0.661345,1.38009,0.661345,1.38009
18,0.661345,1.38009,0.661345,1.38009
19,0.661345,1.38009,0.661345,1.38009
20,0.661345,1.38009,0.661345,1.38009
21,0.661345,1.38009,0.661345,1.38009
22,0.661345,1.38009,0.661345,1.38009
23,0.661345,1.38009,0.661345,1.38009
24,0.661345,1.38009,0.661345,1.38009
25,0.661345,1.38009,0.661345,1.38009
26,0.661345,1.38009,0.661345,1.38009
27,0.661345,1.38009,0.661345,1.38009
28,0.661345,1.38009,0.661345,1.38009
29,0.661345,1.38009,0.661345,1.38009
30,0.661345,1.38009,0.661345,1.38009
31,0.661345,1.38009,0.661345,1.38009
32,0.661345,1.38009,0.661345,1.38009
33,0.661345,1.38009,0.661345,1.38009
34,0.661345,1.38009,0.661345,1.38009
35,0.661345,1.38009,0.661345,1.38009
36,0.661345,1.38009,0.661345,1.38009
37,0.661345,1.38009,0.661345,1.38009
38,0.661345,1.38009,0.661345,1.38009
39,0.661345,1.38009,0.661345,1.38009
40,0.661345,1.38009,0.661345,1.38009
41,0.661345,1.38009,0.661345,1.38009
42,0.661345,1.38009,0.661345,1.38009
43,0.661345,1.38009,0.661345,1.38009
44,0.661345,1.38009,0.661345,1.38009
45,0.661345,1.38009,0.661345,1.38009
