Cl_pop,nan,nan,nan,nan,nan,nan,nan,nan,nan,nan,nan,nan,nan
V1_pop,nan,1,0.091986,0.0684273,-0.0358447,0.0424837,0.0743107,-0.00244588,-0.0763051,0.0787876,0.0668845,0.0278,-0.0139958
V2_pop,nan,0.091986,1,0.602435,-0.322919,0.400183,0.675701,0.0122743,-0.701939,0.711329,0.655365,0.311146,-0.126426
S_pop,nan,0.0684273,0.602435,1,-0.502796,0.38215,0.821862,0.0104373,-0.839838,0.856883,0.751466,0.310443,-0.161965
R0_pop,nan,-0.0358447,-0.322919,-0.502796,1,-0.28359,-0.491996,-0.00734528,0.477951,-0.469145,-0.425605,-0.173321,0.10479
gamma_pop,nan,0.0424837,0.400183,0.38215,-0.28359,1,0.559151,0.00570537,-0.49914,0.481437,0.443955,0.187402,-0.0927862
MTT_pop,nan,0.0743107,0.675701,0.821862,-0.491996,0.559151,1,0.0101577,-0.924848,0.900046,0.825402,0.340429,-0.174261
omega_V1,nan,-0.00244588,0.0122743,0.0104373,-0.00734528,0.00570537,0.0101577,1,-0.0125504,0.012895,0.0122379,0.00226892,-0.00276931
omega_V2,nan,-0.0763051,-0.701939,-0.839838,0.477951,-0.49914,-0.924848,-0.0125504,1,-0.950294,-0.872568,-0.365104,0.184602
omega_S,nan,0.0787876,0.711329,0.856883,-0.469145,0.481437,0.900046,0.012895,-0.950294,1,0.829121,0.356355,-0.179796
omega_MTT,nan,0.0668845,0.655365,0.751466,-0.425605,0.443955,0.825402,0.0122379,-0.872568,0.829121,1,0.32503,-0.174379
bPK_central_drug_concentration,nan,0.0278,0.311146,0.310443,-0.173321,0.187402,0.340429,0.00226892,-0.365104,0.356355,0.32503,1,-0.0671929
acirculating_R,nan,-0.0139958,-0.126426,-0.161965,0.10479,-0.0927862,-0.174261,-0.00276931,0.184602,-0.179796,-0.174379,-0.0671929,1
