rep,id,eta_Cl,eta_V1,eta_Q,eta_V2,eta_S,eta_R0,eta_gamma,eta_MTT
1,1,0.0026732,-0.583768,0,0,0.0157237,0,0,-0.000710936
2,1,-0.00356489,-0.556011,0,0,-0.00304581,0,0,0.000461609
3,1,-3.7607e-05,-0.562588,0,0,-0.00958435,0,0,0.00193364
4,1,-0.000780849,-0.524974,0,0,0.0107334,0,0,-0.00216808
5,1,-0.000295312,-0.602883,0,0,0.00858478,0,0,0.000376234
6,1,0.00652129,-0.574074,0,0,-0.0121479,0,0,0.00181333
7,1,-0.00255423,-0.530586,0,0,0.00126433,0,0,0.00257309
8,1,-0.00139575,-0.554368,0,0,0.00904737,0,0,0.000264808
9,1,-0.00321182,-0.611846,0,0,-0.00338392,0,0,-0.00214738
10,1,-0.000633335,-0.53581,0,0,0.0152355,0,0,-0.00106437
1,2,0.0013267,-0.226494,0,0,0.00745241,0,0,-0.00035526
2,2,-0.00401729,-0.344822,0,0,0.00605371,0,0,0.000151074
3,2,0.00308271,-0.221468,0,0,0.0042051,0,0,0.00225338
4,2,-0.00278888,-0.24891,0,0,0.0135949,0,0,0.000589951
5,2,0.00221007,-0.284678,0,0,-0.00905942,0,0,0.00215027
6,2,-0.00581126,-0.353737,0,0,-0.00560295,0,0,0.000441496
7,2,-0.00808698,-0.336413,0,0,-0.00168589,0,0,0.000173456
8,2,0.000195689,-0.326808,0,0,0.0137511,0,0,-0.000379895
9,2,-0.0064359,-0.214935,0,0,0.00332369,0,0,0.00258762
10,2,-0.0077501,-0.203704,0,0,0.0082646,0,0,-0.00145034
1,3,2.14649e-05,0.399009,0,0,0.00442536,0,0,0.00293233
2,3,-0.000997309,0.330122,0,0,-0.0139598,0,0,0.000765711
3,3,0.00518584,0.317356,0,0,-0.00912464,0,0,-0.00182151
4,3,-0.00226315,0.327568,0,0,0.0123321,0,0,0.00111655
5,3,-0.0011429,0.312424,0,0,0.00416595,0,0,0.00105292
6,3,0.00830344,0.383138,0,0,0.00532619,0,0,0.001612
7,3,-0.00294006,0.284536,0,0,0.0023362,0,0,0.00145434
8,3,-0.0057022,0.305078,0,0,-0.012913,0,0,0.00226654
9,3,0.00251148,0.360706,0,0,-0.00525863,0,0,0.00269469
10,3,0.00129713,0.248121,0,0,-0.00295509,0,0,0.000961306
1,4,0.00368708,0.0404254,0,0,0.00697262,0,0,0.00177349
2,4,0.00310559,0.0205253,0,0,0.00856139,0,0,0.000958894
3,4,-0.000511833,-0.0198612,0,0,0.00589121,0,0,-0.000188339
4,4,0.00066393,0.0261729,0,0,-0.0113973,0,0,-0.000847678
5,4,-0.0122597,0.0456144,0,0,-0.015568,0,0,0.00118393
6,4,0.00260615,0.00371072,0,0,0.00160461,0,0,0.00114492
7,4,0.00287895,0.070533,0,0,0.00789158,0,0,-0.00259894
8,4,0.00367315,0.0207252,0,0,0.00417843,0,0,-0.00104992
9,4,0.00467298,-0.00925262,0,0,0.0088911,0,0,-0.00278797
10,4,0.00364031,-0.0011215,0,0,0.00954853,0,0,0.000689311
1,5,-0.00856654,0.405045,0,0,0.0149707,0,0,0.00198216
2,5,-0.00734668,0.518422,0,0,0.005218,0,0,0.0022058
3,5,-0.0090213,0.482991,0,0,0.0015489,0,0,-0.000352614
4,5,0.00660286,0.540222,0,0,-0.0045485,0,0,-6.70573e-05
5,5,0.00304165,0.481612,0,0,0.0097665,0,0,0.00210172
6,5,0.0040579,0.508904,0,0,0.00111451,0,0,-0.00299768
7,5,0.00472822,0.512123,0,0,0.0156162,0,0,-0.00305882
8,5,-0.00207378,0.531114,0,0,0.00242218,0,0,-0.00107588
9,5,-0.0050755,0.545253,0,0,0.00967626,0,0,0.00339357
10,5,-0.000691878,0.498371,0,0,-0.00171351,0,0,-0.00237545
1,6,-6.96003e-05,0.459634,0,0,-0.014054,0,0,0.000928002
2,6,0.0100275,0.421297,0,0,-0.00789449,0,0,-0.000673208
3,6,-0.00304936,0.383671,0,0,0.0101594,0,0,0.00249671
4,6,-0.00656564,0.342465,0,0,0.00773347,0,0,-0.000684731
5,6,0.00270263,0.369417,0,0,0.00694667,0,0,-0.00151292
6,6,0.00182485,0.409441,0,0,-0.000640548,0,0,0.00308585
7,6,-0.00941673,0.344586,0,0,0.0154479,0,0,-0.000123686
8,6,0.00423838,0.445313,0,0,-0.012198,0,0,-7.06751e-05
9,6,0.0121105,0.447668,0,0,-0.00434945,0,0,0.000477939
10,6,0.00534997,0.385257,0,0,0.000655126,0,0,0.0014166
1,7,0.00243903,0.0854241,0,0,0.0121953,0,0,-0.00144288
2,7,0.00443704,-0.00821733,0,0,0.00578798,0,0,-0.000686575
3,7,0.0037283,0.0467659,0,0,0.0109799,0,0,0.00154911
4,7,0.00271268,0.0624017,0,0,0.00930211,0,0,0.00250865
5,7,-0.000674908,0.100611,0,0,0.016809,0,0,0.00103797
6,7,-0.00448589,-0.00761686,0,0,-0.00171019,0,0,-0.000389005
7,7,0.00586908,0.0580886,0,0,0.00905611,0,0,0.000618281
8,7,0.00258014,0.173369,0,0,-0.00205626,0,0,-0.0015913
9,7,-0.000432186,0.00493998,0,0,-0.00345351,0,0,-0.000547406
10,7,0.00127948,0.0372311,0,0,0.00545455,0,0,0.00026197
1,8,0.00147866,0.391177,0,0,0.00470633,0,0,7.01114e-05
2,8,0.00475124,0.319653,0,0,0.00361786,0,0,-3.20818e-05
3,8,0.00610253,0.374527,0,0,-0.00340863,0,0,-0.000178522
4,8,-0.00047021,0.420758,0,0,0.0113123,0,0,0.00136613
5,8,-0.000740501,0.374458,0,0,-0.00805969,0,0,-0.00207551
6,8,-0.00114764,0.280057,0,0,0.0172217,0,0,0.00100102
7,8,-0.00495483,0.363277,0,0,-0.00627547,0,0,-0.00550458
8,8,-0.00141563,0.410925,0,0,0.00866701,0,0,-0.00290803
9,8,-0.00126751,0.384247,0,0,0.00329078,0,0,0.0024232
10,8,0.00163777,0.426193,0,0,0.00190119,0,0,0.00225725
1,9,0.00139256,0.248301,0,0,-0.00492102,0,0,3.01597e-05
2,9,0.00165408,0.21872,0,0,0.000454598,0,0,-0.00103735
3,9,-0.00309651,0.281332,0,0,0.00607916,0,0,-0.00136195
4,9,0.0026938,0.221479,0,0,0.000543132,0,0,-0.000160401
5,9,0.00262633,0.306139,0,0,-0.0175654,0,0,-0.00173439
6,9,-2.35273e-05,0.28273,0,0,0.00575702,0,0,-0.00159012
7,9,0.0022408,0.220333,0,0,-0.00257384,0,0,0.00219286
8,9,0.0107352,0.28787,0,0,6.01498e-05,0,0,-0.00119991
9,9,0.00467637,0.220275,0,0,-0.000254107,0,0,0.000208489
10,9,0.00233659,0.279853,0,0,-0.0192569,0,0,0.000546612
1,10,-0.00126182,0.232403,0,0,-0.00682444,0,0,9.15985e-05
2,10,0.00297844,0.338408,0,0,0.00627669,0,0,-0.00109292
3,10,-0.00288255,0.19004,0,0,0.00173131,0,0,-0.000944423
4,10,-0.00437154,0.299812,0,0,-0.00297195,0,0,0.000915046
5,10,-0.00658544,0.246344,0,0,-0.0108379,0,0,0.00191074
6,10,0.000712171,0.235123,0,0,-0.00182552,0,0,0.00050195
7,10,-0.00109594,0.257025,0,0,-0.0137418,0,0,0.0014568
8,10,-0.00476483,0.277389,0,0,-0.0106297,0,0,0.000755571
9,10,-0.00639675,0.286921,0,0,-0.00249778,0,0,0.00171984
10,10,0.00383492,0.308765,0,0,-0.0184968,0,0,-0.00103374
1,11,0.00331347,0.661973,0,0,-0.00227525,0,0,-0.000793613
2,11,-0.000922147,0.635955,0,0,0.00185085,0,0,-0.000514168
3,11,-0.00323778,0.676473,0,0,0.00847018,0,0,-0.00207433
4,11,-0.00544727,0.658252,0,0,-0.00481002,0,0,0.000360779
5,11,-0.0029214,0.61836,0,0,0.00482729,0,0,2.20046e-05
6,11,0.000952186,0.716605,0,0,-0.000103368,0,0,0.00155729
7,11,0.00808542,0.695104,0,0,0.000164574,0,0,0.000302414
8,11,0.00467659,0.651352,0,0,-0.00822894,0,0,0.00226614
9,11,0.000978136,0.645967,0,0,0.0139837,0,0,2.53245e-05
10,11,-0.00914062,0.635635,0,0,-0.00177111,0,0,0.0011703
1,12,-0.00201653,-0.21102,0,0,-0.0105809,0,0,-0.00041624
2,12,-0.0110936,-0.156718,0,0,0.00252356,0,0,0.000204206
3,12,0.00345923,-0.193263,0,0,0.00101865,0,0,0.00185418
4,12,0.000394307,-0.154782,0,0,-0.0040781,0,0,-0.000571118
5,12,0.00176588,-0.196069,0,0,-0.0036363,0,0,-0.000169995
6,12,0.00100309,-0.231935,0,0,0.00293124,0,0,-0.00133748
7,12,-0.00461864,-0.223084,0,0,0.0155134,0,0,0.00221875
8,12,-0.00115321,-0.209311,0,0,0.00601507,0,0,-0.000304772
9,12,-0.00673527,-0.232384,0,0,-0.00606505,0,0,0.000612458
10,12,0.00879742,-0.150225,0,0,0.0126436,0,0,-0.00100064
1,13,-0.0010671,-0.1988,0,0,0.0082685,0,0,0.00130577
2,13,0.00386979,-0.185508,0,0,-0.0125395,0,0,0.00337026
3,13,0.00654409,-0.132167,0,0,-0.00924412,0,0,-0.000557993
4,13,0.0014241,-0.17903,0,0,-0.015511,0,0,0.00141595
5,13,-0.00279836,-0.182863,0,0,-0.000340689,0,0,0.00175172
6,13,0.00235489,-0.22537,0,0,-0.000388098,0,0,-0.00256557
7,13,0.000615897,-0.217367,0,0,-0.0064466,0,0,-0.00215861
8,13,0.00263374,-0.197711,0,0,0.0115902,0,0,-0.000441313
9,13,0.00214607,-0.222217,0,0,-0.00260852,0,0,2.9544e-05
10,13,-0.00165386,-0.181418,0,0,0.00173484,0,0,-0.000517381
1,14,-0.00538729,-0.0588812,0,0,0.0061536,0,0,-0.00137656
2,14,0.00204098,-0.0843761,0,0,0.00235583,0,0,0.000313001
3,14,0.00812415,-0.035912,0,0,-0.00400996,0,0,0.000176747
4,14,-0.00109641,-0.014093,0,0,0.0015567,0,0,-0.000737415
5,14,-0.00216197,-0.121732,0,0,-0.00516321,0,0,0.000593261
6,14,0.000567677,-0.0304091,0,0,0.0154462,0,0,-0.00216468
7,14,0.00359762,-0.0207115,0,0,-0.0024819,0,0,0.00212372
8,14,-0.00117591,-0.115277,0,0,-0.00691957,0,0,0.00248806
9,14,0.00162987,-0.0687737,0,0,0.00606408,0,0,-0.00137275
10,14,0.00334538,-0.167108,0,0,0.0179958,0,0,-0.00302941
1,15,-0.00613571,-0.133252,0,0,0.00184635,0,0,0.00108399
2,15,0.00472426,-0.0825995,0,0,0.00176462,0,0,-0.00227147
3,15,-0.000917839,0.000468259,0,0,0.00729893,0,0,-0.00166904
4,15,0.00113758,-0.068867,0,0,-0.00945002,0,0,-0.00114513
5,15,0.00117459,-0.0958699,0,0,0.0176765,0,0,-0.0004676
6,15,0.00112447,-0.0500997,0,0,-0.00179527,0,0,0.00113015
7,15,0.00219103,-0.0661527,0,0,-0.00137514,0,0,-0.000310337
8,15,-0.000169134,-0.0754626,0,0,-0.00745996,0,0,-0.000351991
9,15,0.00721618,-0.0766494,0,0,-0.0150831,0,0,-0.000554693
10,15,-0.00714723,-0.0326338,0,0,-0.0184013,0,0,-0.00142368
1,16,-0.000446832,-0.141988,0,0,-0.0107235,0,0,0.00192868
2,16,0.00132328,-0.174921,0,0,-0.0111836,0,0,-0.00176377
3,16,0.00569218,-0.126418,0,0,-0.0115388,0,0,0.00069661
4,16,-0.00260716,-0.0905529,0,0,-0.00395365,0,0,0.000788626
5,16,-0.000763584,-0.179337,0,0,-0.014713,0,0,-0.00090174
6,16,0.00109885,-0.111252,0,0,-0.00429697,0,0,0.000518434
7,16,0.00277463,-0.12951,0,0,-0.00394292,0,0,0.00170901
8,16,-0.00251442,-0.11018,0,0,-0.00223001,0,0,0.00106403
9,16,0.00200221,-0.0613522,0,0,0.0105218,0,0,0.00164444
10,16,-0.0055505,-0.136475,0,0,0.00234238,0,0,-8.44221e-05
1,17,-0.00240981,-0.34709,0,0,-0.00781203,0,0,0.000262495
2,17,-0.000755191,-0.307068,0,0,-0.0108149,0,0,0.000613236
3,17,-0.00650322,-0.33244,0,0,-0.000898523,0,0,0.000407767
4,17,-0.00131209,-0.333448,0,0,-0.000435276,0,0,0.0021666
5,17,-0.00156317,-0.316707,0,0,0.000834984,0,0,-0.00108271
6,17,-0.00551687,-0.304159,0,0,-3.4746e-05,0,0,-0.00298115
7,17,-0.00754558,-0.316632,0,0,-0.0150559,0,0,-0.00116351
8,17,-0.00345038,-0.322401,0,0,0.00794903,0,0,-0.00124072
9,17,-0.000774437,-0.288716,0,0,-0.0111115,0,0,-0.0012988
10,17,0.00492845,-0.335729,0,0,-0.0221408,0,0,-0.000365296
1,18,0.00476099,-0.00213583,0,0,-0.00829235,0,0,2.42594e-05
2,18,0.00626829,-0.0992288,0,0,0.00537822,0,0,-0.000297765
3,18,0.00409108,-0.0935623,0,0,0.000895278,0,0,0.00141897
4,18,-0.0074293,-0.0898178,0,0,0.00489217,0,0,0.00183014
5,18,-0.00420206,-0.130995,0,0,-0.0226598,0,0,-0.00149029
6,18,-0.00349019,-0.125902,0,0,0.00902009,0,0,0.000920153
7,18,-0.00189364,-0.0552694,0,0,0.00216087,0,0,0.00128843
8,18,-0.00327043,-0.126842,0,0,0.00519123,0,0,-0.00112156
9,18,0.000506606,-0.0386861,0,0,0.00939852,0,0,0.000288542
10,18,-0.00386584,-0.103148,0,0,0.0125389,0,0,-0.000263293
1,19,0.00598508,0.348826,0,0,0.00358379,0,0,-0.000710825
2,19,-0.000341674,0.340439,0,0,-0.000992088,0,0,-0.00016221
3,19,0.000382162,0.276604,0,0,0.0113396,0,0,0.00132048
4,19,-0.00127844,0.361106,0,0,-0.00912067,0,0,0.0031603
5,19,-0.00496803,0.365945,0,0,-0.00942331,0,0,-0.00235466
6,19,0.00535156,0.333275,0,0,0.00136476,0,0,0.000261266
7,19,0.00209296,0.304874,0,0,-0.0055117,0,0,-0.000195939
8,19,0.00144792,0.263078,0,0,0.00586383,0,0,-0.00257484
9,19,0.00558496,0.257301,0,0,0.0029178,0,0,-0.00107339
10,19,-0.00310507,0.351936,0,0,-0.00734496,0,0,-0.000888441
1,20,0.000632685,-0.31304,0,0,-0.00886479,0,0,0.000377409
2,20,-0.00429466,-0.356121,0,0,0.00029526,0,0,0.000230007
3,20,-0.000812529,-0.309471,0,0,0.0163885,0,0,-0.00289919
4,20,-0.000654087,-0.3206,0,0,-0.00171221,0,0,-0.00026972
5,20,0.00511097,-0.373518,0,0,0.00487156,0,0,-0.000433962
6,20,0.00114988,-0.260403,0,0,0.000654084,0,0,-0.00207924
7,20,-0.00718934,-0.345298,0,0,0.0122669,0,0,-0.000181978
8,20,-0.00453484,-0.366844,0,0,0.00188782,0,0,0.000960622
9,20,0.00696033,-0.395713,0,0,0.00839507,0,0,-0.00205649
10,20,-0.000730722,-0.323081,0,0,0.00473693,0,0,-0.000964091
1,21,0.0027848,0.107076,0,0,-0.00474726,0,0,0.00181759
2,21,0.00340756,0.0845603,0,0,0.00768463,0,0,-0.000753203
3,21,0.00594313,0.118492,0,0,-0.0075888,0,0,-0.000427943
4,21,-0.000990953,0.0665486,0,0,-0.00247372,0,0,-0.000320215
5,21,0.00132578,0.165996,0,0,-0.0105366,0,0,0.000470662
6,21,-0.00144065,0.157217,0,0,0.0103406,0,0,0.000750784
7,21,-0.00443455,0.04954,0,0,-0.00879212,0,0,0.00111538
8,21,-0.00592527,0.0906125,0,0,-0.00400668,0,0,-0.00176
9,21,0.00295361,0.143974,0,0,0.00677582,0,0,0.00171846
10,21,0.00608629,0.104123,0,0,-0.00125532,0,0,0.00131478
1,22,0.00483309,-0.399518,0,0,-0.00522939,0,0,-0.00118583
2,22,-0.0014392,-0.42837,0,0,-0.00563714,0,0,0.000729485
3,22,-0.0103816,-0.397668,0,0,-0.00339682,0,0,-0.000774449
4,22,-0.00184129,-0.439927,0,0,0.0016293,0,0,0.000269031
5,22,-0.000471906,-0.419664,0,0,-0.0184086,0,0,0.000107511
6,22,-0.00633802,-0.45402,0,0,0.00435475,0,0,-0.00163626
7,22,-0.00183271,-0.363261,0,0,-0.00999372,0,0,-0.000308703
8,22,-0.00369226,-0.392744,0,0,0.00910976,0,0,0.000964667
9,22,-0.00210226,-0.435536,0,0,-0.000780783,0,0,-0.00169483
10,22,0.00250539,-0.477041,0,0,-0.00445029,0,0,-5.09267e-05
1,23,6.024e-06,0.591391,0,0,0.00417563,0,0,0.000266982
2,23,0.00382166,0.550131,0,0,-0.00286472,0,0,0.00174311
3,23,0.00352778,0.608246,0,0,-0.00756963,0,0,-1.75065e-05
4,23,-0.00267897,0.558153,0,0,-0.0090465,0,0,-0.000862716
5,23,0.00507991,0.557624,0,0,-0.000812896,0,0,-0.00100363
6,23,-0.00311122,0.555049,0,0,-0.00472524,0,0,-0.00100807
7,23,-0.00274105,0.534118,0,0,0.00340357,0,0,0.0023009
8,23,-0.00806086,0.55886,0,0,0.007215,0,0,-0.00222585
9,23,0.00308298,0.5646,0,0,-0.0209532,0,0,0.00041009
10,23,0.000788908,0.502624,0,0,-0.0149715,0,0,0.000906103
1,24,-0.00285476,0.0030122,0,0,0.0124021,0,0,0.000278237
2,24,0.00155728,0.0689125,0,0,-0.00590144,0,0,0.00164352
3,24,-0.000304102,0.101779,0,0,0.00132111,0,0,-0.00129958
4,24,0.0036929,0.0787716,0,0,-0.00532619,0,0,-0.00301909
5,24,0.00580513,0.0556899,0,0,-0.0100093,0,0,0.0015254
6,24,-0.00240546,0.0902813,0,0,-0.00490145,0,0,-0.0018759
7,24,-0.00578127,0.00699462,0,0,0.0129852,0,0,-0.00124605
8,24,0.00443537,0.0778723,0,0,-0.00671995,0,0,0.000177779
9,24,-0.00213901,0.0808261,0,0,-0.00425462,0,0,-0.00152049
10,24,-0.00109425,0.0502316,0,0,-0.00437546,0,0,-0.000324271
1,25,0.00172448,-0.0709001,0,0,0.00805205,0,0,0.00054801
2,25,-0.000169538,-0.0989503,0,0,-0.000673214,0,0,-0.00198415
3,25,-0.00352113,-0.0890042,0,0,0.00793411,0,0,-0.00069644
4,25,0.00674466,-0.0766227,0,0,0.00995822,0,0,-0.00285344
5,25,-0.000417091,-0.126018,0,0,-0.000246894,0,0,-0.000749478
6,25,-0.00121291,-0.11455,0,0,0.0182606,0,0,-0.000885185
7,25,-0.00413635,-0.114442,0,0,0.00244951,0,0,-0.000285229
8,25,0.00448514,-0.0244697,0,0,0.0183612,0,0,7.84866e-05
9,25,-0.00344935,-0.0715937,0,0,0.00918121,0,0,0.000357242
10,25,0.000826563,-0.104326,0,0,0.00632319,0,0,0.000112064
1,26,0.00229428,-0.239984,0,0,0.0182198,0,0,0.00353858
2,26,0.00166665,-0.233502,0,0,0.00610526,0,0,-0.000567953
3,26,0.00123277,-0.240219,0,0,-0.000752824,0,0,0.00136597
4,26,0.00192297,-0.21223,0,0,-0.0111154,0,0,-0.000501011
5,26,-0.0042067,-0.189598,0,0,0.000406229,0,0,-0.000270426
6,26,-1.46047e-05,-0.264333,0,0,-0.00380554,0,0,0.00164661
7,26,0.0050463,-0.244079,0,0,3.72695e-05,0,0,-0.00105816
8,26,0.00203679,-0.25053,0,0,-0.00312967,0,0,0.000350744
9,26,0.00847601,-0.254854,0,0,0.00823397,0,0,0.00121476
10,26,0.00185156,-0.271124,0,0,0.00631212,0,0,-0.00102169
1,27,0.00205437,-0.129952,0,0,0.00337555,0,0,0.00151652
2,27,-0.000179632,-0.179582,0,0,0.0068327,0,0,-0.00251861
3,27,0.00407447,-0.124592,0,0,-0.00806308,0,0,0.000196685
4,27,0.00217835,-0.121042,0,0,0.00533388,0,0,-0.00031964
5,27,0.00451251,-0.13828,0,0,-0.000826412,0,0,0.0025055
6,27,-0.00107928,-0.137131,0,0,-0.00637375,0,0,0.000375153
7,27,0.000824246,-0.140734,0,0,-0.00310254,0,0,-0.00204241
8,27,0.00376261,-0.104021,0,0,-0.0200239,0,0,0.000305836
9,27,-0.00350994,-0.150864,0,0,0.000715909,0,0,0.00104519
10,27,0.00313241,-0.140906,0,0,0.00504556,0,0,-0.000883949
1,28,0.00528745,0.329868,0,0,0.00402048,0,0,6.98263e-05
2,28,0.00415777,0.358207,0,0,0.00983698,0,0,0.000248396
3,28,0.00668022,0.395458,0,0,-5.02263e-05,0,0,-0.00147762
4,28,0.00182598,0.332966,0,0,0.00193089,0,0,-0.00106025
5,28,0.00903185,0.354698,0,0,0.00346577,0,0,-0.000988378
6,28,0.00502984,0.334325,0,0,-0.00115812,0,0,0.000739551
7,28,0.00379946,0.30387,0,0,-0.00321706,0,0,-0.00162689
8,28,0.00614915,0.295375,0,0,-0.00094849,0,0,0.00167633
9,28,0.00836689,0.392779,0,0,-0.00823893,0,0,0.00192073
10,28,0.00211199,0.315772,0,0,0.0123467,0,0,-2.24471e-06
1,29,0.00163878,-0.0578594,0,0,-0.000916861,0,0,-0.000235754
2,29,0.00196631,-0.0969963,0,0,0.00297888,0,0,0.000501458
3,29,0.000885052,-0.129282,0,0,-0.0127011,0,0,0.000254814
4,29,0.00355385,-0.0799941,0,0,0.00746718,0,0,-0.00241616
5,29,0.0029848,-0.102959,0,0,0.000548897,0,0,0.0025065
6,29,0.0027638,-0.0398398,0,0,0.0129469,0,0,0.000418457
7,29,0.00180566,-0.0525516,0,0,0.0074088,0,0,0.00177778
8,29,0.00191124,-0.0734898,0,0,0.00740426,0,0,-0.000689774
9,29,-0.00393279,-0.100566,0,0,-0.00947841,0,0,-0.000590326
10,29,0.00153255,-0.0995716,0,0,-0.0141995,0,0,0.00118642
1,30,0.00520918,0.49639,0,0,-0.00747438,0,0,-0.000769333
2,30,0.00426384,0.466273,0,0,0.000122854,0,0,-0.00201727
3,30,0.00334534,0.433993,0,0,-0.0135316,0,0,0.00149541
4,30,0.00561601,0.441514,0,0,-0.00247001,0,0,0.00124601
5,30,0.00260305,0.547324,0,0,-0.00472912,0,0,0.000622527
6,30,0.00536095,0.461337,0,0,0.00857098,0,0,0.00252074
7,30,-0.00164526,0.416496,0,0,0.0082193,0,0,0.000356622
8,30,0.00450502,0.479423,0,0,0.0136294,0,0,-0.000346992
9,30,0.000342878,0.474477,0,0,-0.0114748,0,0,-0.000779974
10,30,0.00771952,0.498616,0,0,-0.00340242,0,0,0.0027052
1,31,-0.00430378,0.165763,0,0,0.0011081,0,0,0.000863191
2,31,-0.00155758,0.125247,0,0,-0.0148405,0,0,0.000144398
3,31,0.00447096,0.156402,0,0,-0.00432228,0,0,0.00170807
4,31,0.00444092,0.140438,0,0,-0.00420157,0,0,0.00164848
5,31,0.000550801,0.154722,0,0,0.00762066,0,0,0.00169791
6,31,-0.000499642,0.169188,0,0,-0.0153192,0,0,-0.000767888
7,31,-0.00285706,0.127767,0,0,0.0206344,0,0,-0.00102719
8,31,0.00409732,0.20441,0,0,-0.00611522,0,0,-0.00274888
9,31,-0.00117776,0.175215,0,0,-0.0142503,0,0,-0.0023358
10,31,0.000698289,0.113995,0,0,-0.00758012,0,0,-0.00041222
1,32,-0.00559844,-0.702337,0,0,0.00212079,0,0,-0.000291849
2,32,-0.00186641,-0.792549,0,0,-0.000710067,0,0,0.00201714
3,32,0.00400635,-0.72075,0,0,0.00888795,0,0,-0.000462775
4,32,-0.00521969,-0.808292,0,0,-0.000260559,0,0,0.000467084
5,32,0.000483191,-0.732065,0,0,-0.000816163,0,0,-0.0020369
6,32,0.00532851,-0.772048,0,0,-0.00429532,0,0,4.45146e-05
7,32,-0.00298061,-0.841706,0,0,-0.00492998,0,0,0.00122904
8,32,-0.00542945,-0.754028,0,0,0.00414437,0,0,0.00127885
9,32,-0.000306724,-0.714935,0,0,-0.00382725,0,0,0.00134846
10,32,-0.00604099,-0.817774,0,0,0.00659419,0,0,-0.000106812
1,33,0.00115254,0.0317618,0,0,-0.0164682,0,0,-0.00155698
2,33,0.000512006,0.104887,0,0,-0.00265597,0,0,-0.000836973
3,33,-0.0015884,0.138202,0,0,0.0101454,0,0,-0.00258019
4,33,-0.00410901,0.128258,0,0,-0.00745197,0,0,-0.00179309
5,33,-0.00416842,0.054405,0,0,-0.003551,0,0,-0.00229242
6,33,-0.0016644,0.150457,0,0,0.00110517,0,0,0.000868059
7,33,0.00324534,0.126015,0,0,0.0104579,0,0,-0.00165925
8,33,0.00124333,0.182871,0,0,0.0081572,0,0,-0.00201953
9,33,-0.00242811,0.102601,0,0,-0.00271776,0,0,-0.00169406
10,33,-0.00628591,0.156261,0,0,-0.00407348,0,0,-0.00241234
1,34,-0.002153,0.31229,0,0,0.0127142,0,0,-0.0009661
2,34,0.00335203,0.310623,0,0,0.00542058,0,0,-0.000148593
3,34,0.00159764,0.313229,0,0,0.0120377,0,0,0.00221201
4,34,0.000886102,0.30108,0,0,0.00658558,0,0,-0.00164113
5,34,0.0117382,0.32179,0,0,0.0126411,0,0,0.00104975
6,34,-0.000870875,0.362813,0,0,0.00244243,0,0,0.00158355
7,34,-0.00585018,0.306338,0,0,0.0126181,0,0,-0.000711078
8,34,0.00236274,0.326629,0,0,0.00892888,0,0,-0.00199722
9,34,0.00267749,0.372867,0,0,0.0127417,0,0,0.000570983
10,34,-0.00121722,0.306419,0,0,0.00255531,0,0,-0.000213975
1,35,2.68964e-05,-0.335319,0,0,-0.0142845,0,0,-0.000671695
2,35,0.000486524,-0.339143,0,0,-0.00829707,0,0,0.00112488
3,35,0.00436131,-0.343058,0,0,-0.00475157,0,0,-0.000287977
4,35,0.00544388,-0.325281,0,0,0.00394875,0,0,-0.00125614
5,35,-0.000375049,-0.34655,0,0,0.00596867,0,0,0.00108154
6,35,0.00302039,-0.303891,0,0,0.00814109,0,0,0.0015091
7,35,0.00101966,-0.35075,0,0,0.0036421,0,0,0.00142104
8,35,0.00618814,-0.322523,0,0,0.00141951,0,0,-0.00168718
9,35,-0.00265677,-0.29719,0,0,-0.0138442,0,0,0.00112468
10,35,-0.00246917,-0.328494,0,0,-0.00813418,0,0,-0.00106168
1,36,-0.00289747,-0.510662,0,0,-0.00554742,0,0,0.00167065
2,36,-0.000372045,-0.500193,0,0,-0.0239727,0,0,0.00186651
3,36,0.00150589,-0.484631,0,0,-0.0191196,0,0,0.00125275
4,36,0.000950333,-0.513445,0,0,-0.00120526,0,0,0.000384316
5,36,3.9269e-05,-0.508989,0,0,-0.0127935,0,0,-0.0010076
6,36,0.00291061,-0.53734,0,0,-0.00911017,0,0,-0.000230197
7,36,-0.00344897,-0.481435,0,0,-0.0101431,0,0,-0.00229404
8,36,0.00259884,-0.491709,0,0,-0.000615037,0,0,0.00262129
9,36,0.000126284,-0.500368,0,0,-0.0108082,0,0,-0.000140511
10,36,0.00453119,-0.519988,0,0,-0.00674386,0,0,0.00129163
1,37,-0.0043737,-0.211031,0,0,-0.00195944,0,0,-0.00196408
2,37,-0.0035469,-0.224032,0,0,0.00245708,0,0,6.28536e-05
3,37,-0.00117175,-0.198848,0,0,-0.00578575,0,0,0.00108627
4,37,-0.00358968,-0.221498,0,0,-0.000356225,0,0,-4.74188e-05
5,37,-0.00249795,-0.262657,0,0,-0.00935645,0,0,0.000559491
6,37,-0.00399493,-0.16403,0,0,0.00945174,0,0,-0.00039175
7,37,0.00297904,-0.184403,0,0,0.0043554,0,0,0.000370627
8,37,-0.00467896,-0.258274,0,0,0.0100003,0,0,-0.000949837
9,37,0.000552916,-0.21368,0,0,0.01535,0,0,-0.00331652
10,37,-0.00784586,-0.222447,0,0,0.00307801,0,0,-0.00206997
1,38,-0.000169197,-0.27714,0,0,-0.00365717,0,0,-2.66379e-05
2,38,-0.00501091,-0.322301,0,0,0.00254731,0,0,-0.00181218
3,38,0.00017858,-0.31301,0,0,0.0052327,0,0,-0.0017733
4,38,-0.00268781,-0.226956,0,0,0.00445438,0,0,-9.50442e-05
5,38,-0.00495585,-0.310494,0,0,-0.00814744,0,0,-0.000532744
6,38,-0.000698343,-0.261077,0,0,0.00212022,0,0,-0.000348986
7,38,2.06876e-05,-0.307393,0,0,-0.00597235,0,0,-0.000672106
8,38,-0.000775502,-0.268675,0,0,-0.00557613,0,0,-0.00126299
9,38,0.00140916,-0.312652,0,0,0.00231437,0,0,-0.000895445
10,38,0.00131327,-0.261243,0,0,0.0057171,0,0,0.00054225
1,39,0.00254925,-0.186849,0,0,0.00031337,0,0,0.00123254
2,39,0.0102045,-0.158761,0,0,0.00510366,0,0,0.000665673
3,39,-0.00216901,-0.170195,0,0,-0.0113801,0,0,-0.000552881
4,39,0.00546135,-0.190387,0,0,0.00161286,0,0,-0.00181772
5,39,0.00829273,-0.15435,0,0,0.0126699,0,0,0.00176978
6,39,0.0014799,-0.18252,0,0,-0.00427183,0,0,0.000419205
7,39,0.00775377,-0.154753,0,0,0.00703713,0,0,0.000445951
8,39,-0.00205518,-0.183482,0,0,-0.0131462,0,0,0.000370116
9,39,-0.0033602,-0.230064,0,0,-0.00392151,0,0,-0.000951752
10,39,-0.00244373,-0.184175,0,0,-0.0107439,0,0,-0.000140622
1,40,0.00107489,0.4567,0,0,-0.0127335,0,0,-0.000511452
2,40,0.00034299,0.426679,0,0,-0.00520787,0,0,0.000705896
3,40,-0.00270485,0.457019,0,0,-0.0118707,0,0,0.00142054
4,40,-0.00263138,0.488265,0,0,0.0014615,0,0,0.00165084
5,40,-0.00148929,0.467385,0,0,0.0148487,0,0,0.00107994
6,40,-0.00210727,0.476891,0,0,0.00392993,0,0,-0.00121686
7,40,-0.00575144,0.437046,0,0,0.00966186,0,0,-0.000609368
8,40,0.00048009,0.449263,0,0,-0.00764013,0,0,-0.00115719
9,40,-0.00644898,0.474549,0,0,-0.0132844,0,0,-0.000438607
10,40,-0.00693421,0.433338,0,0,-0.00390138,0,0,-0.00141365
1,41,-0.00135128,0.0826503,0,0,0.00892289,0,0,0.000557373
2,41,-0.00336518,0.081654,0,0,0.00288214,0,0,-0.00183673
3,41,0.000749356,0.129017,0,0,0.00938996,0,0,0.00112457
4,41,0.000599994,0.0839716,0,0,0.0107904,0,0,0.000266818
5,41,-0.00673417,0.0623645,0,0,0.00649001,0,0,-0.000121549
6,41,-0.00352302,0.068189,0,0,0.005495,0,0,0.000553675
7,41,-0.00328964,0.0710865,0,0,0.00783507,0,0,-0.000544161
8,41,-0.00344211,0.0713236,0,0,-0.0105138,0,0,-0.00151919
9,41,-0.00705185,0.0273346,0,0,-0.000552629,0,0,-0.00194535
10,41,-0.00909181,0.0502262,0,0,0.00687397,0,0,-0.00120716
1,42,0.000854964,0.111726,0,0,0.0041361,0,0,0.000643263
2,42,0.00812993,0.109689,0,0,-0.00870116,0,0,-0.00015865
3,42,0.00361416,0.106273,0,0,-0.00326457,0,0,0.000395521
4,42,0.00057817,0.100037,0,0,-0.00722417,0,0,-0.00291175
5,42,-0.00265071,0.106396,0,0,0.0067563,0,0,-0.000539633
6,42,-0.00431823,0.0981601,0,0,-0.00693933,0,0,3.69543e-05
7,42,-0.00216069,0.071728,0,0,-0.00830135,0,0,0.000678109
8,42,0.000513217,0.104635,0,0,-0.0177886,0,0,0.000253776
9,42,-0.00249013,0.0503717,0,0,0.00135485,0,0,0.00029915
10,42,0.00477878,0.159723,0,0,0.00345985,0,0,-0.000923756
1,43,-3.69132e-05,-0.148366,0,0,-0.0187171,0,0,-8.93603e-05
2,43,0.00453285,-0.2262,0,0,0.00349468,0,0,0.000203786
3,43,-0.000963,-0.236867,0,0,0.00476172,0,0,0.000974033
4,43,0.000429854,-0.200929,0,0,0.00978826,0,0,-0.000219238
5,43,-0.00227658,-0.164182,0,0,-0.00528911,0,0,-0.000869998
6,43,-0.00569597,-0.255521,0,0,-0.00503202,0,0,-0.00290804
7,43,0.000533955,-0.201517,0,0,0.00184055,0,0,-7.14332e-05
8,43,-0.00609016,-0.260904,0,0,-0.010041,0,0,-0.00365013
9,43,-0.00656179,-0.213771,0,0,0.005471,0,0,8.4754e-05
10,43,-0.00100844,-0.181735,0,0,-0.00619521,0,0,-0.00119323
1,44,-0.000426693,0.0553307,0,0,-0.000806973,0,0,0.00176542
2,44,0.00218793,0.152635,0,0,-0.0103372,0,0,-0.00179593
3,44,0.00164451,0.148352,0,0,-0.00758378,0,0,0.001464
4,44,5.99881e-05,0.0492285,0,0,-0.0108182,0,0,0.000221253
5,44,0.00379013,0.185597,0,0,-0.00962138,0,0,0.00408519
6,44,0.00204659,0.15341,0,0,-0.00809804,0,0,0.0011935
7,44,0.00357313,0.112983,0,0,0.0166734,0,0,-0.000214783
8,44,-0.000348898,0.118147,0,0,-0.00825331,0,0,-7.28164e-05
9,44,0.00221779,0.191942,0,0,-0.00875325,0,0,0.00095457
10,44,0.000777025,0.127189,0,0,-0.00632198,0,0,0.00138029
1,45,-0.00164731,-0.300728,0,0,-0.00284495,0,0,0.000800692
2,45,-0.010608,-0.380817,0,0,0.0088875,0,0,-0.000740856
3,45,-0.00117688,-0.358516,0,0,-0.00140139,0,0,0.000608869
4,45,-0.00636259,-0.345895,0,0,-0.00783068,0,0,0.00113228
5,45,-0.00513232,-0.345061,0,0,-0.0138951,0,0,-0.00163538
6,45,-0.0011775,-0.342218,0,0,-0.00930562,0,0,-0.000664432
7,45,-0.00365723,-0.41922,0,0,-2.16557e-05,0,0,0.000638568
8,45,-0.00437965,-0.429718,0,0,-0.00010148,0,0,0.000260722
9,45,-0.000120346,-0.339512,0,0,-0.007075,0,0,0.000694217
10,45,0.00209475,-0.381325,0,0,0.000418642,0,0,-0.00308299
