rep,id,Cl,V1,Q,V2,S,R0,gamma,MTT
1,1,2.83007,0.386472,2.34107,4.93153,20.403,983.327,0.435491,84.9398
2,1,2.81248,0.397349,2.34107,4.93153,20.0236,983.327,0.435491,85.0394
3,1,2.82241,0.394745,2.34107,4.93153,19.8931,983.327,0.435491,85.1647
4,1,2.82032,0.409876,2.34107,4.93153,20.3014,983.327,0.435491,84.8161
5,1,2.82169,0.379155,2.34107,4.93153,20.2579,983.327,0.435491,85.0322
6,1,2.84099,0.390237,2.34107,4.93153,19.8422,983.327,0.435491,85.1545
7,1,2.81532,0.407582,2.34107,4.93153,20.1101,983.327,0.435491,85.2192
8,1,2.81858,0.398003,2.34107,4.93153,20.2672,983.327,0.435491,85.0227
9,1,2.81347,0.375772,2.34107,4.93153,20.0168,983.327,0.435491,84.8179
10,1,2.82073,0.405458,2.34107,4.93153,20.393,983.327,0.435491,84.9098
1,2,2.82627,0.552434,2.34107,4.93153,20.2349,983.327,0.435491,84.97
2,2,2.8112,0.490784,2.34107,4.93153,20.2067,983.327,0.435491,85.013
3,2,2.83123,0.555217,2.34107,4.93153,20.1693,983.327,0.435491,85.1919
4,2,2.81466,0.540188,2.34107,4.93153,20.3596,983.327,0.435491,85.0504
5,2,2.82876,0.521208,2.34107,4.93153,19.9036,983.327,0.435491,85.1832
6,2,2.80616,0.486429,2.34107,4.93153,19.9725,983.327,0.435491,85.0377
7,2,2.79979,0.494929,2.34107,4.93153,20.0509,983.327,0.435491,85.0149
8,2,2.82307,0.499706,2.34107,4.93153,20.3628,983.327,0.435491,84.9679
9,2,2.80441,0.558856,2.34107,4.93153,20.1516,983.327,0.435491,85.2204
10,2,2.80073,0.565168,2.34107,4.93153,20.2514,983.327,0.435491,84.877
1,3,2.82258,1.0326,2.34107,4.93153,20.1738,983.327,0.435491,85.2498
2,3,2.81971,0.963863,2.34107,4.93153,19.8063,983.327,0.435491,85.0653
3,3,2.83719,0.951636,2.34107,4.93153,19.9023,983.327,0.435491,84.8455
4,3,2.81614,0.961405,2.34107,4.93153,20.3339,983.327,0.435491,85.0952
5,3,2.8193,0.946955,2.34107,4.93153,20.1685,983.327,0.435491,85.0897
6,3,2.84605,1.01634,2.34107,4.93153,20.192,983.327,0.435491,85.1373
7,3,2.81423,0.920911,2.34107,4.93153,20.1317,983.327,0.435491,85.1239
8,3,2.80647,0.940024,2.34107,4.93153,19.827,983.327,0.435491,85.1931
9,3,2.82962,0.993798,2.34107,4.93153,19.9794,983.327,0.435491,85.2296
10,3,2.82618,0.887979,2.34107,4.93153,20.0254,983.327,0.435491,85.0819
1,4,2.83295,0.721443,2.34107,4.93153,20.2252,983.327,0.435491,85.1511
2,4,2.8313,0.707228,2.34107,4.93153,20.2574,983.327,0.435491,85.0817
3,4,2.82107,0.679234,2.34107,4.93153,20.2034,983.327,0.435491,84.9842
4,4,2.82439,0.711233,2.34107,4.93153,19.8571,983.327,0.435491,84.9282
5,4,2.78813,0.725196,2.34107,4.93153,19.7744,983.327,0.435491,85.1009
6,4,2.82988,0.695435,2.34107,4.93153,20.1169,983.327,0.435491,85.0976
7,4,2.83066,0.743494,2.34107,4.93153,20.2438,983.327,0.435491,84.7796
8,4,2.83291,0.707369,2.34107,4.93153,20.1688,983.327,0.435491,84.911
9,4,2.83574,0.686478,2.34107,4.93153,20.2641,983.327,0.435491,84.7635
10,4,2.83281,0.692083,2.34107,4.93153,20.2774,983.327,0.435491,85.0588
1,5,2.79844,1.03885,2.34107,4.93153,20.3876,983.327,0.435491,85.1688
2,5,2.80186,1.16357,2.34107,4.93153,20.1898,983.327,0.435491,85.1879
3,5,2.79717,1.12307,2.34107,4.93153,20.1158,983.327,0.435491,84.9702
4,5,2.84122,1.18922,2.34107,4.93153,19.9935,983.327,0.435491,84.9945
5,5,2.83112,1.12152,2.34107,4.93153,20.2818,983.327,0.435491,85.179
6,5,2.834,1.15255,2.34107,4.93153,20.1071,983.327,0.435491,84.7458
7,5,2.8359,1.15627,2.34107,4.93153,20.4008,983.327,0.435491,84.7406
8,5,2.81667,1.17843,2.34107,4.93153,20.1334,983.327,0.435491,84.9088
9,5,2.80823,1.19521,2.34107,4.93153,20.28,983.327,0.435491,85.2891
10,5,2.82057,1.14047,2.34107,4.93153,20.0503,983.327,0.435491,84.7985
1,6,2.82232,1.09714,2.34107,4.93153,19.8044,983.327,0.435491,85.0791
2,6,2.85096,1.05587,2.34107,4.93153,19.9268,983.327,0.435491,84.943
3,6,2.81393,1.01688,2.34107,4.93153,20.2898,983.327,0.435491,85.2127
4,6,2.80405,0.975834,2.34107,4.93153,20.2406,983.327,0.435491,84.942
5,6,2.83016,1.00249,2.34107,4.93153,20.2247,983.327,0.435491,84.8717
6,6,2.82767,1.04343,2.34107,4.93153,20.0718,983.327,0.435491,85.2629
7,6,2.79607,0.977906,2.34107,4.93153,20.3974,983.327,0.435491,84.9897
8,6,2.83451,1.08154,2.34107,4.93153,19.8412,983.327,0.435491,84.9942
9,6,2.85691,1.08409,2.34107,4.93153,19.9975,983.327,0.435491,85.0408
10,6,2.83766,1.0185,2.34107,4.93153,20.0979,983.327,0.435491,85.1207
1,7,2.82941,0.754648,2.34107,4.93153,20.3311,983.327,0.435491,84.8776
2,7,2.83507,0.68719,2.34107,4.93153,20.2013,983.327,0.435491,84.9419
3,7,2.83306,0.726031,2.34107,4.93153,20.3064,983.327,0.435491,85.132
4,7,2.83019,0.737473,2.34107,4.93153,20.2724,983.327,0.435491,85.2137
5,7,2.82061,0.766196,2.34107,4.93153,20.4252,983.327,0.435491,85.0885
6,7,2.80989,0.687602,2.34107,4.93153,20.0504,983.327,0.435491,84.9671
7,7,2.83913,0.734299,2.34107,4.93153,20.2674,983.327,0.435491,85.0528
8,7,2.82981,0.824022,2.34107,4.93153,20.0434,983.327,0.435491,84.865
9,7,2.8213,0.696291,2.34107,4.93153,20.0155,983.327,0.435491,84.9537
10,7,2.82613,0.719142,2.34107,4.93153,20.1945,983.327,0.435491,85.0225
1,8,2.8267,1.02455,2.34107,4.93153,20.1794,983.327,0.435491,85.0062
2,8,2.83596,0.953826,2.34107,4.93153,20.1575,983.327,0.435491,84.9975
3,8,2.8398,1.00763,2.34107,4.93153,20.0164,983.327,0.435491,84.985
4,8,2.82119,1.05531,2.34107,4.93153,20.3132,983.327,0.435491,85.1164
5,8,2.82043,1.00756,2.34107,4.93153,19.9235,983.327,0.435491,84.824
6,8,2.81928,0.916796,2.34107,4.93153,20.4336,983.327,0.435491,85.0853
7,8,2.80857,0.996356,2.34107,4.93153,19.959,983.327,0.435491,84.5336
8,8,2.81853,1.04498,2.34107,4.93153,20.2595,983.327,0.435491,84.7534
9,8,2.81894,1.01747,2.34107,4.93153,20.1509,983.327,0.435491,85.2064
10,8,2.82715,1.06106,2.34107,4.93153,20.1229,983.327,0.435491,85.1923
1,9,2.82645,0.888139,2.34107,4.93153,19.9861,983.327,0.435491,85.0028
2,9,2.82719,0.862252,2.34107,4.93153,20.0938,983.327,0.435491,84.9121
3,9,2.81379,0.917965,2.34107,4.93153,20.2072,983.327,0.435491,84.8845
4,9,2.83013,0.864634,2.34107,4.93153,20.0956,983.327,0.435491,84.9866
5,9,2.82994,0.941022,2.34107,4.93153,19.735,983.327,0.435491,84.8529
6,9,2.82245,0.91925,2.34107,4.93153,20.2007,983.327,0.435491,84.8651
7,9,2.82885,0.863644,2.34107,4.93153,20.0331,983.327,0.435491,85.1868
8,9,2.85298,0.923987,2.34107,4.93153,20.0859,983.327,0.435491,84.8983
9,9,2.83575,0.863594,2.34107,4.93153,20.0796,983.327,0.435491,85.0179
10,9,2.82912,0.916608,2.34107,4.93153,19.7016,983.327,0.435491,85.0467
1,10,2.81896,0.874131,2.34107,4.93153,19.9481,983.327,0.435491,85.008
2,10,2.83094,0.971883,2.34107,4.93153,20.2112,983.327,0.435491,84.9073
3,10,2.81439,0.837874,2.34107,4.93153,20.1195,983.327,0.435491,84.92
4,10,2.81021,0.935086,2.34107,4.93153,20.0251,983.327,0.435491,85.078
5,10,2.80399,0.886403,2.34107,4.93153,19.8682,983.327,0.435491,85.1628
6,10,2.82453,0.876512,2.34107,4.93153,20.0481,983.327,0.435491,85.0429
7,10,2.81943,0.895921,2.34107,4.93153,19.8106,983.327,0.435491,85.1241
8,10,2.8091,0.914353,2.34107,4.93153,19.8723,983.327,0.435491,85.0644
9,10,2.80452,0.92311,2.34107,4.93153,20.0346,983.327,0.435491,85.1465
10,10,2.83336,0.943496,2.34107,4.93153,19.7166,983.327,0.435491,84.9124
1,11,2.83189,1.34319,2.34107,4.93153,20.0391,983.327,0.435491,84.9328
2,11,2.81992,1.30869,2.34107,4.93153,20.1219,983.327,0.435491,84.9565
3,11,2.8134,1.36281,2.34107,4.93153,20.2555,983.327,0.435491,84.8241
4,11,2.80719,1.3382,2.34107,4.93153,19.9883,983.327,0.435491,85.0309
5,11,2.81429,1.28587,2.34107,4.93153,20.1819,983.327,0.435491,85.0021
6,11,2.82521,1.41861,2.34107,4.93153,20.0826,983.327,0.435491,85.1327
7,11,2.84543,1.38843,2.34107,4.93153,20.088,983.327,0.435491,85.0259
8,11,2.83575,1.329,2.34107,4.93153,19.9201,983.327,0.435491,85.193
9,11,2.82528,1.32186,2.34107,4.93153,20.3675,983.327,0.435491,85.0023
10,11,2.79684,1.30827,2.34107,4.93153,20.0492,983.327,0.435491,85.0997
1,12,2.81683,0.561049,2.34107,4.93153,19.8733,983.327,0.435491,84.9648
2,12,2.79138,0.592357,2.34107,4.93153,20.1354,983.327,0.435491,85.0176
3,12,2.8323,0.5711,2.34107,4.93153,20.1052,983.327,0.435491,85.1579
4,12,2.82363,0.593505,2.34107,4.93153,20.003,983.327,0.435491,84.9517
5,12,2.82751,0.5695,2.34107,4.93153,20.0118,983.327,0.435491,84.9857
6,12,2.82535,0.549436,2.34107,4.93153,20.1437,983.327,0.435491,84.8866
7,12,2.80951,0.554321,2.34107,4.93153,20.3987,983.327,0.435491,85.189
8,12,2.81927,0.562008,2.34107,4.93153,20.2059,983.327,0.435491,84.9743
9,12,2.80357,0.54919,2.34107,4.93153,19.9632,983.327,0.435491,85.0523
10,12,2.84746,0.596216,2.34107,4.93153,20.3402,983.327,0.435491,84.9152
1,13,2.81951,0.567946,2.34107,4.93153,20.2515,983.327,0.435491,85.1113
2,13,2.83346,0.575546,2.34107,4.93153,19.8344,983.327,0.435491,85.2872
3,13,2.84105,0.60708,2.34107,4.93153,19.8999,983.327,0.435491,84.9528
4,13,2.82654,0.579287,2.34107,4.93153,19.7756,983.327,0.435491,85.1206
5,13,2.81463,0.57707,2.34107,4.93153,20.0779,983.327,0.435491,85.1492
6,13,2.82917,0.553055,2.34107,4.93153,20.0769,983.327,0.435491,84.7824
7,13,2.82426,0.557499,2.34107,4.93153,19.9556,983.327,0.435491,84.8169
8,13,2.82996,0.568566,2.34107,4.93153,20.3188,983.327,0.435491,84.9627
9,13,2.82858,0.554801,2.34107,4.93153,20.0324,983.327,0.435491,85.0027
10,13,2.81785,0.577905,2.34107,4.93153,20.1196,983.327,0.435491,84.9562
1,14,2.80735,0.653241,2.34107,4.93153,20.2087,983.327,0.435491,84.8833
2,14,2.82829,0.636797,2.34107,4.93153,20.1321,983.327,0.435491,85.0268
3,14,2.84554,0.668419,2.34107,4.93153,20.0043,983.327,0.435491,85.0152
4,14,2.81943,0.683164,2.34107,4.93153,20.116,983.327,0.435491,84.9375
5,14,2.81642,0.613448,2.34107,4.93153,19.9813,983.327,0.435491,85.0506
6,14,2.82412,0.672108,2.34107,4.93153,20.3973,983.327,0.435491,84.8164
7,14,2.83269,0.678657,2.34107,4.93153,20.0349,983.327,0.435491,85.1809
8,14,2.8192,0.617421,2.34107,4.93153,19.9462,983.327,0.435491,85.2119
9,14,2.82712,0.646811,2.34107,4.93153,20.2069,983.327,0.435491,84.8836
10,14,2.83198,0.586234,2.34107,4.93153,20.4494,983.327,0.435491,84.7431
1,15,2.80525,0.606422,2.34107,4.93153,20.1218,983.327,0.435491,85.0924
2,15,2.83589,0.63793,2.34107,4.93153,20.1202,983.327,0.435491,84.8073
3,15,2.81993,0.693184,2.34107,4.93153,20.2318,983.327,0.435491,84.8584
4,15,2.82573,0.64675,2.34107,4.93153,19.8958,983.327,0.435491,84.9029
5,15,2.82584,0.62952,2.34107,4.93153,20.4429,983.327,0.435491,84.9605
6,15,2.82569,0.659003,2.34107,4.93153,20.0487,983.327,0.435491,85.0963
7,15,2.82871,0.648508,2.34107,4.93153,20.0571,983.327,0.435491,84.9738
8,15,2.82204,0.642499,2.34107,4.93153,19.9354,983.327,0.435491,84.9703
9,15,2.84296,0.641737,2.34107,4.93153,19.784,983.327,0.435491,84.9531
10,15,2.80242,0.670614,2.34107,4.93153,19.7185,983.327,0.435491,84.8793
1,16,2.82126,0.601147,2.34107,4.93153,19.8705,983.327,0.435491,85.1643
2,16,2.82626,0.581672,2.34107,4.93153,19.8613,983.327,0.435491,84.8504
3,16,2.83863,0.61058,2.34107,4.93153,19.8543,983.327,0.435491,85.0594
4,16,2.81517,0.632876,2.34107,4.93153,20.0054,983.327,0.435491,85.0673
5,16,2.82036,0.579109,2.34107,4.93153,19.7914,983.327,0.435491,84.9236
6,16,2.82562,0.61991,2.34107,4.93153,19.9986,983.327,0.435491,85.0443
7,16,2.83036,0.608695,2.34107,4.93153,20.0057,983.327,0.435491,85.1456
8,16,2.81543,0.620576,2.34107,4.93153,20.04,983.327,0.435491,85.0907
9,16,2.82818,0.651629,2.34107,4.93153,20.2971,983.327,0.435491,85.1401
10,16,2.8069,0.60447,2.34107,4.93153,20.1318,983.327,0.435491,84.993
1,17,2.81573,0.489673,2.34107,4.93153,19.9284,983.327,0.435491,85.0225
2,17,2.82039,0.509668,2.34107,4.93153,19.8687,983.327,0.435491,85.0523
3,17,2.80422,0.496899,2.34107,4.93153,20.0667,983.327,0.435491,85.0349
4,17,2.81882,0.496399,2.34107,4.93153,20.076,983.327,0.435491,85.1846
5,17,2.81811,0.504779,2.34107,4.93153,20.1015,983.327,0.435491,84.9082
6,17,2.80699,0.511153,2.34107,4.93153,20.084,983.327,0.435491,84.7472
7,17,2.8013,0.504817,2.34107,4.93153,19.7846,983.327,0.435491,84.9014
8,17,2.8128,0.501913,2.34107,4.93153,20.245,983.327,0.435491,84.8948
9,17,2.82033,0.519108,2.34107,4.93153,19.8628,983.327,0.435491,84.8899
10,17,2.83646,0.495268,2.34107,4.93153,19.6449,983.327,0.435491,84.9692
1,18,2.83599,0.691381,2.34107,4.93153,19.9188,983.327,0.435491,85.0023
2,18,2.84027,0.627409,2.34107,4.93153,20.193,983.327,0.435491,84.9749
3,18,2.83409,0.630974,2.34107,4.93153,20.1027,983.327,0.435491,85.1209
4,18,2.80163,0.633341,2.34107,4.93153,20.1832,983.327,0.435491,85.1559
5,18,2.81068,0.607792,2.34107,4.93153,19.6347,983.327,0.435491,84.8736
6,18,2.81269,0.610895,2.34107,4.93153,20.2667,983.327,0.435491,85.0784
7,18,2.81718,0.655605,2.34107,4.93153,20.1281,983.327,0.435491,85.1098
8,18,2.8133,0.610321,2.34107,4.93153,20.1892,983.327,0.435491,84.9049
9,18,2.82395,0.666567,2.34107,4.93153,20.2744,983.327,0.435491,85.0247
10,18,2.81163,0.624955,2.34107,4.93153,20.3381,983.327,0.435491,84.9778
1,19,2.83946,0.982061,2.34107,4.93153,20.1568,983.327,0.435491,84.9398
2,19,2.82155,0.973859,2.34107,4.93153,20.0648,983.327,0.435491,84.9864
3,19,2.8236,0.913635,2.34107,4.93153,20.3137,983.327,0.435491,85.1125
4,19,2.81891,0.994195,2.34107,4.93153,19.9023,983.327,0.435491,85.2692
5,19,2.80853,0.999017,2.34107,4.93153,19.8963,983.327,0.435491,84.8003
6,19,2.83766,0.966907,2.34107,4.93153,20.1121,983.327,0.435491,85.0224
7,19,2.82843,0.939832,2.34107,4.93153,19.9743,983.327,0.435491,84.9835
8,19,2.82661,0.901361,2.34107,4.93153,20.2028,983.327,0.435491,84.7816
9,19,2.83833,0.896169,2.34107,4.93153,20.1434,983.327,0.435491,84.909
10,19,2.81377,0.98512,2.34107,4.93153,19.9377,983.327,0.435491,84.9247
1,20,2.82431,0.506633,2.34107,4.93153,19.9074,983.327,0.435491,85.0323
2,20,2.81042,0.485271,2.34107,4.93153,20.0906,983.327,0.435491,85.0197
3,20,2.82023,0.508445,2.34107,4.93153,20.4166,983.327,0.435491,84.7541
4,20,2.82067,0.502817,2.34107,4.93153,20.0503,983.327,0.435491,84.9773
5,20,2.83698,0.476901,2.34107,4.93153,20.1828,983.327,0.435491,84.9633
6,20,2.82577,0.534015,2.34107,4.93153,20.0978,983.327,0.435491,84.8236
7,20,2.8023,0.490551,2.34107,4.93153,20.3326,983.327,0.435491,84.9847
8,20,2.80975,0.480095,2.34107,4.93153,20.1226,983.327,0.435491,85.0819
9,20,2.84223,0.466433,2.34107,4.93153,20.254,983.327,0.435491,84.8256
10,20,2.82046,0.501572,2.34107,4.93153,20.1801,983.327,0.435491,84.9183
1,21,2.83039,0.771166,2.34107,4.93153,19.9896,983.327,0.435491,85.1548
2,21,2.83215,0.753996,2.34107,4.93153,20.2396,983.327,0.435491,84.9362
3,21,2.83934,0.78002,2.34107,4.93153,19.9329,983.327,0.435491,84.9638
4,21,2.81972,0.740537,2.34107,4.93153,20.0351,983.327,0.435491,84.973
5,21,2.82626,0.817968,2.34107,4.93153,19.8742,983.327,0.435491,85.0402
6,21,2.81846,0.810818,2.34107,4.93153,20.2935,983.327,0.435491,85.064
7,21,2.81003,0.728048,2.34107,4.93153,19.9089,983.327,0.435491,85.0951
8,21,2.80584,0.758574,2.34107,4.93153,20.0044,983.327,0.435491,84.8507
9,21,2.83087,0.800152,2.34107,4.93153,20.2212,983.327,0.435491,85.1464
10,21,2.83975,0.768892,2.34107,4.93153,20.0595,983.327,0.435491,85.112
1,22,2.83619,0.464661,2.34107,4.93153,19.9799,983.327,0.435491,84.8995
2,22,2.81846,0.451447,2.34107,4.93153,19.9718,983.327,0.435491,85.0622
3,22,2.79337,0.465522,2.34107,4.93153,20.0166,983.327,0.435491,84.9344
4,22,2.81733,0.446259,2.34107,4.93153,20.1174,983.327,0.435491,85.0231
5,22,2.82119,0.455394,2.34107,4.93153,19.7183,983.327,0.435491,85.0093
6,22,2.80469,0.440014,2.34107,4.93153,20.1724,983.327,0.435491,84.8612
7,22,2.81735,0.481818,2.34107,4.93153,19.885,983.327,0.435491,84.974
8,22,2.81212,0.46782,2.34107,4.93153,20.2685,983.327,0.435491,85.0822
9,22,2.81659,0.448223,2.34107,4.93153,20.069,983.327,0.435491,84.8563
10,22,2.8296,0.430001,2.34107,4.93153,19.9955,983.327,0.435491,84.9959
1,23,2.82254,1.25165,2.34107,4.93153,20.1687,983.327,0.435491,85.0229
2,23,2.83333,1.20106,2.34107,4.93153,20.0272,983.327,0.435491,85.1485
3,23,2.83249,1.27293,2.34107,4.93153,19.9332,983.327,0.435491,84.9987
4,23,2.81497,1.21073,2.34107,4.93153,19.9038,983.327,0.435491,84.9269
5,23,2.83689,1.21009,2.34107,4.93153,20.0684,983.327,0.435491,84.9149
6,23,2.81375,1.20698,2.34107,4.93153,19.99,983.327,0.435491,84.9146
7,23,2.81479,1.18198,2.34107,4.93153,20.1532,983.327,0.435491,85.196
8,23,2.79986,1.21159,2.34107,4.93153,20.2301,983.327,0.435491,84.8112
9,23,2.83123,1.21856,2.34107,4.93153,19.6682,983.327,0.435491,85.0351
10,23,2.82475,1.14533,2.34107,4.93153,19.7862,983.327,0.435491,85.0772
1,24,2.81447,0.69495,2.34107,4.93153,20.3353,983.327,0.435491,85.0238
2,24,2.82692,0.74229,2.34107,4.93153,19.9665,983.327,0.435491,85.14
3,24,2.82166,0.767091,2.34107,4.93153,20.1112,983.327,0.435491,84.8898
4,24,2.83296,0.749644,2.34107,4.93153,19.978,983.327,0.435491,84.744
5,24,2.83895,0.73254,2.34107,4.93153,19.8847,983.327,0.435491,85.13
6,24,2.81574,0.758322,2.34107,4.93153,19.9865,983.327,0.435491,84.8409
7,24,2.80625,0.697723,2.34107,4.93153,20.3472,983.327,0.435491,84.8943
8,24,2.83507,0.748971,2.34107,4.93153,19.9502,983.327,0.435491,85.0153
9,24,2.81649,0.751186,2.34107,4.93153,19.9994,983.327,0.435491,84.8711
10,24,2.81943,0.728552,2.34107,4.93153,19.997,983.327,0.435491,84.9726
1,25,2.82739,0.645437,2.34107,4.93153,20.2471,983.327,0.435491,85.0468
2,25,2.82204,0.627584,2.34107,4.93153,20.0712,983.327,0.435491,84.8317
3,25,2.8126,0.633857,2.34107,4.93153,20.2447,983.327,0.435491,84.941
4,25,2.84162,0.641754,2.34107,4.93153,20.2857,983.327,0.435491,84.758
5,25,2.82134,0.610824,2.34107,4.93153,20.0797,983.327,0.435491,84.9365
6,25,2.8191,0.61787,2.34107,4.93153,20.4548,983.327,0.435491,84.925
7,25,2.81087,0.617936,2.34107,4.93153,20.134,983.327,0.435491,84.976
8,25,2.83521,0.676111,2.34107,4.93153,20.4569,983.327,0.435491,85.0069
9,25,2.8128,0.644989,2.34107,4.93153,20.2699,983.327,0.435491,85.0306
10,25,2.82485,0.624219,2.34107,4.93153,20.2121,983.327,0.435491,85.0097
1,26,2.829,0.545032,2.34107,4.93153,20.454,983.327,0.435491,85.3015
2,26,2.82723,0.548576,2.34107,4.93153,20.2077,983.327,0.435491,84.9519
3,26,2.826,0.544903,2.34107,4.93153,20.0696,983.327,0.435491,85.1164
4,26,2.82795,0.56037,2.34107,4.93153,19.8627,983.327,0.435491,84.9576
5,26,2.81067,0.573197,2.34107,4.93153,20.0929,983.327,0.435491,84.9772
6,26,2.82248,0.531921,2.34107,4.93153,20.0084,983.327,0.435491,85.1403
7,26,2.8368,0.542804,2.34107,4.93153,20.0854,983.327,0.435491,84.9103
8,26,2.82827,0.539314,2.34107,4.93153,20.0219,983.327,0.435491,85.03
9,26,2.84654,0.536987,2.34107,4.93153,20.2508,983.327,0.435491,85.1035
10,26,2.82775,0.528321,2.34107,4.93153,20.2119,983.327,0.435491,84.9134
1,27,2.82832,0.608426,2.34107,4.93153,20.1526,983.327,0.435491,85.1292
2,27,2.82201,0.578967,2.34107,4.93153,20.2224,983.327,0.435491,84.7864
3,27,2.83404,0.611696,2.34107,4.93153,19.9234,983.327,0.435491,85.0169
4,27,2.82867,0.613872,2.34107,4.93153,20.1921,983.327,0.435491,84.973
5,27,2.83528,0.60338,2.34107,4.93153,20.0681,983.327,0.435491,85.2134
6,27,2.81947,0.604074,2.34107,4.93153,19.9571,983.327,0.435491,85.0321
7,27,2.82485,0.601901,2.34107,4.93153,20.0225,983.327,0.435491,84.8268
8,27,2.83316,0.62441,2.34107,4.93153,19.6865,983.327,0.435491,85.0262
9,27,2.81263,0.595835,2.34107,4.93153,20.0991,983.327,0.435491,85.0891
10,27,2.83137,0.601798,2.34107,4.93153,20.1863,983.327,0.435491,84.9251
1,28,2.83748,0.963618,2.34107,4.93153,20.1656,983.327,0.435491,85.0061
2,28,2.83428,0.991317,2.34107,4.93153,20.2832,983.327,0.435491,85.0213
3,28,2.84144,1.02894,2.34107,4.93153,20.0837,983.327,0.435491,84.8747
4,28,2.82768,0.966608,2.34107,4.93153,20.1235,983.327,0.435491,84.9101
5,28,2.84813,0.987845,2.34107,4.93153,20.1544,983.327,0.435491,84.9162
6,28,2.83675,0.967923,2.34107,4.93153,20.0614,983.327,0.435491,85.0631
7,28,2.83326,0.938889,2.34107,4.93153,20.0202,983.327,0.435491,84.862
8,28,2.83993,0.930947,2.34107,4.93153,20.0657,983.327,0.435491,85.1428
9,28,2.84623,1.02619,2.34107,4.93153,19.9199,983.327,0.435491,85.1636
10,28,2.82849,0.950131,2.34107,4.93153,20.3342,983.327,0.435491,85
1,29,2.82715,0.653909,2.34107,4.93153,20.0663,983.327,0.435491,84.9802
2,29,2.82807,0.628811,2.34107,4.93153,20.1446,983.327,0.435491,85.0428
3,29,2.82502,0.608834,2.34107,4.93153,19.8312,983.327,0.435491,85.0219
4,29,2.83257,0.639594,2.34107,4.93153,20.2352,983.327,0.435491,84.7951
5,29,2.83096,0.625073,2.34107,4.93153,20.0957,983.327,0.435491,85.2135
6,29,2.83033,0.665799,2.34107,4.93153,20.3464,983.327,0.435491,85.0358
7,29,2.82762,0.657389,2.34107,4.93153,20.2341,983.327,0.435491,85.1514
8,29,2.82792,0.643768,2.34107,4.93153,20.234,983.327,0.435491,84.9416
9,29,2.81144,0.626571,2.34107,4.93153,19.8952,983.327,0.435491,84.95
10,29,2.82685,0.627194,2.34107,4.93153,19.8015,983.327,0.435491,85.1011
1,30,2.83726,1.13822,2.34107,4.93153,19.9351,983.327,0.435491,84.9348
2,30,2.83458,1.10445,2.34107,4.93153,20.0872,983.327,0.435491,84.8289
3,30,2.83198,1.06937,2.34107,4.93153,19.8147,983.327,0.435491,85.1274
4,30,2.83842,1.07744,2.34107,4.93153,20.0351,983.327,0.435491,85.1062
5,30,2.82988,1.19769,2.34107,4.93153,19.9899,983.327,0.435491,85.0531
6,30,2.83769,1.09901,2.34107,4.93153,20.2576,983.327,0.435491,85.2147
7,30,2.81788,1.05082,2.34107,4.93153,20.2505,983.327,0.435491,85.0305
8,30,2.83526,1.11907,2.34107,4.93153,20.3603,983.327,0.435491,84.9707
9,30,2.82349,1.11355,2.34107,4.93153,19.8555,983.327,0.435491,84.9339
10,30,2.84439,1.14075,2.34107,4.93153,20.0165,983.327,0.435491,85.2304
1,31,2.8104,0.817777,2.34107,4.93153,20.107,983.327,0.435491,85.0736
2,31,2.81813,0.785307,2.34107,4.93153,19.7888,983.327,0.435491,85.0125
3,31,2.83517,0.810158,2.34107,4.93153,19.9981,983.327,0.435491,85.1455
4,31,2.83508,0.797328,2.34107,4.93153,20.0005,983.327,0.435491,85.1404
5,31,2.82407,0.808798,2.34107,4.93153,20.2383,983.327,0.435491,85.1446
6,31,2.82111,0.820583,2.34107,4.93153,19.7794,983.327,0.435491,84.9349
7,31,2.81447,0.787289,2.34107,4.93153,20.5034,983.327,0.435491,84.9129
8,31,2.83411,0.850001,2.34107,4.93153,19.9622,983.327,0.435491,84.7669
9,31,2.8192,0.825544,2.34107,4.93153,19.8005,983.327,0.435491,84.8019
10,31,2.82449,0.77652,2.34107,4.93153,19.933,983.327,0.435491,84.9652
1,32,2.80676,0.343261,2.34107,4.93153,20.1273,983.327,0.435491,84.9754
2,32,2.81726,0.31365,2.34107,4.93153,20.0704,983.327,0.435491,85.1718
3,32,2.83385,0.336998,2.34107,4.93153,20.264,983.327,0.435491,84.9609
4,32,2.80782,0.308751,2.34107,4.93153,20.0795,983.327,0.435491,85.0399
5,32,2.82388,0.333207,2.34107,4.93153,20.0683,983.327,0.435491,84.8272
6,32,2.8376,0.320147,2.34107,4.93153,19.9986,983.327,0.435491,85.004
7,32,2.81412,0.298605,2.34107,4.93153,19.9859,983.327,0.435491,85.1047
8,32,2.80724,0.325968,2.34107,4.93153,20.1681,983.327,0.435491,85.109
9,32,2.82165,0.338964,2.34107,4.93153,20.008,983.327,0.435491,85.1149
10,32,2.80552,0.305837,2.34107,4.93153,20.2176,983.327,0.435491,84.9911
1,33,2.82577,0.715219,2.34107,4.93153,19.7566,983.327,0.435491,84.868
2,33,2.82396,0.76948,2.34107,4.93153,20.0314,983.327,0.435491,84.9291
3,33,2.81804,0.795547,2.34107,4.93153,20.2895,983.327,0.435491,84.7812
4,33,2.81095,0.787675,2.34107,4.93153,19.9356,983.327,0.435491,84.8479
5,33,2.81078,0.731599,2.34107,4.93153,20.0135,983.327,0.435491,84.8056
6,33,2.81783,0.805356,2.34107,4.93153,20.1069,983.327,0.435491,85.074
7,33,2.83169,0.78591,2.34107,4.93153,20.2958,983.327,0.435491,84.8593
8,33,2.82603,0.831888,2.34107,4.93153,20.2492,983.327,0.435491,84.8287
9,33,2.81567,0.767723,2.34107,4.93153,20.0302,983.327,0.435491,84.8563
10,33,2.80483,0.810044,2.34107,4.93153,20.003,983.327,0.435491,84.7954
1,34,2.81645,0.946828,2.34107,4.93153,20.3417,983.327,0.435491,84.9181
2,34,2.832,0.945251,2.34107,4.93153,20.1939,983.327,0.435491,84.9876
3,34,2.82703,0.947717,2.34107,4.93153,20.3279,983.327,0.435491,85.1884
4,34,2.82502,0.936273,2.34107,4.93153,20.2174,983.327,0.435491,84.8608
5,34,2.85585,0.955865,2.34107,4.93153,20.3402,983.327,0.435491,85.0895
6,34,2.82006,0.995894,2.34107,4.93153,20.1338,983.327,0.435491,85.1349
7,34,2.80606,0.941209,2.34107,4.93153,20.3397,983.327,0.435491,84.9398
8,34,2.8292,0.960502,2.34107,4.93153,20.2648,983.327,0.435491,84.8306
9,34,2.83009,1.00596,2.34107,4.93153,20.3422,983.327,0.435491,85.0487
10,34,2.81909,0.941286,2.34107,4.93153,20.1361,983.327,0.435491,84.982
1,35,2.8226,0.495471,2.34107,4.93153,19.7998,983.327,0.435491,84.9431
2,35,2.82389,0.49358,2.34107,4.93153,19.9187,983.327,0.435491,85.0959
3,35,2.83486,0.491651,2.34107,4.93153,19.9895,983.327,0.435491,84.9757
4,35,2.83793,0.500469,2.34107,4.93153,20.1642,983.327,0.435491,84.8935
5,35,2.82146,0.489937,2.34107,4.93153,20.2049,983.327,0.435491,85.0922
6,35,2.83106,0.51129,2.34107,4.93153,20.2489,983.327,0.435491,85.1286
7,35,2.8254,0.487884,2.34107,4.93153,20.158,983.327,0.435491,85.1211
8,35,2.84004,0.501852,2.34107,4.93153,20.1132,983.327,0.435491,84.8569
9,35,2.81503,0.514727,2.34107,4.93153,19.8086,983.327,0.435491,85.0958
10,35,2.81556,0.498864,2.34107,4.93153,19.922,983.327,0.435491,84.91
1,36,2.81435,0.415784,2.34107,4.93153,19.9736,983.327,0.435491,85.1423
2,36,2.82147,0.420159,2.34107,4.93153,19.6089,983.327,0.435491,85.159
3,36,2.82677,0.426749,2.34107,4.93153,19.7043,983.327,0.435491,85.1067
4,36,2.8252,0.414628,2.34107,4.93153,20.0605,983.327,0.435491,85.0329
5,36,2.82263,0.41648,2.34107,4.93153,19.8294,983.327,0.435491,84.9146
6,36,2.83075,0.404838,2.34107,4.93153,19.9026,983.327,0.435491,84.9806
7,36,2.8128,0.428115,2.34107,4.93153,19.882,983.327,0.435491,84.8054
8,36,2.82986,0.423739,2.34107,4.93153,20.0723,983.327,0.435491,85.2233
9,36,2.82288,0.420086,2.34107,4.93153,19.8688,983.327,0.435491,84.9883
10,36,2.83534,0.411924,2.34107,4.93153,19.9497,983.327,0.435491,85.1101
1,37,2.8102,0.561043,2.34107,4.93153,20.0454,983.327,0.435491,84.8334
2,37,2.81253,0.553796,2.34107,4.93153,20.1341,983.327,0.435491,85.0055
3,37,2.81921,0.567919,2.34107,4.93153,19.9688,983.327,0.435491,85.0926
4,37,2.81241,0.5552,2.34107,4.93153,20.0775,983.327,0.435491,84.9962
5,37,2.81548,0.532813,2.34107,4.93153,19.8977,983.327,0.435491,85.0478
6,37,2.81127,0.588042,2.34107,4.93153,20.2754,983.327,0.435491,84.9669
7,37,2.83094,0.576182,2.34107,4.93153,20.1724,983.327,0.435491,85.0317
8,37,2.80934,0.535154,2.34107,4.93153,20.2866,983.327,0.435491,84.9195
9,37,2.82408,0.559558,2.34107,4.93153,20.3954,983.327,0.435491,84.7188
10,37,2.80046,0.554674,2.34107,4.93153,20.1466,983.327,0.435491,84.8244
1,38,2.82204,0.525152,2.34107,4.93153,20.0114,983.327,0.435491,84.9979
2,38,2.80841,0.501963,2.34107,4.93153,20.1359,983.327,0.435491,84.8463
3,38,2.82302,0.506649,2.34107,4.93153,20.1901,983.327,0.435491,84.8496
4,38,2.81494,0.552179,2.34107,4.93153,20.1744,983.327,0.435491,84.9921
5,38,2.80857,0.507925,2.34107,4.93153,19.9217,983.327,0.435491,84.9549
6,38,2.82055,0.533656,2.34107,4.93153,20.1273,983.327,0.435491,84.9705
7,38,2.82258,0.509502,2.34107,4.93153,19.9651,983.327,0.435491,84.9431
8,38,2.82033,0.529616,2.34107,4.93153,19.973,983.327,0.435491,84.8929
9,38,2.8265,0.50683,2.34107,4.93153,20.1312,983.327,0.435491,84.9241
10,38,2.82623,0.533567,2.34107,4.93153,20.1999,983.327,0.435491,85.0463
1,39,2.82972,0.574775,2.34107,4.93153,20.091,983.327,0.435491,85.105
2,39,2.85147,0.591148,2.34107,4.93153,20.1875,983.327,0.435491,85.0568
3,39,2.8164,0.584427,2.34107,4.93153,19.8574,983.327,0.435491,84.9532
4,39,2.83798,0.572745,2.34107,4.93153,20.1171,983.327,0.435491,84.8458
5,39,2.84602,0.593761,2.34107,4.93153,20.3408,983.327,0.435491,85.1508
6,39,2.8267,0.577269,2.34107,4.93153,19.9991,983.327,0.435491,85.0358
7,39,2.84449,0.593522,2.34107,4.93153,20.2265,983.327,0.435491,85.0381
8,39,2.81672,0.576713,2.34107,4.93153,19.8224,983.327,0.435491,85.0317
9,39,2.81305,0.550465,2.34107,4.93153,20.0061,983.327,0.435491,84.9193
10,39,2.81563,0.576314,2.34107,4.93153,19.8701,983.327,0.435491,84.9882
1,40,2.82555,1.09392,2.34107,4.93153,19.8306,983.327,0.435491,84.9567
2,40,2.82349,1.06157,2.34107,4.93153,19.9804,983.327,0.435491,85.0602
3,40,2.8149,1.09427,2.34107,4.93153,19.8477,983.327,0.435491,85.121
4,40,2.8151,1.12901,2.34107,4.93153,20.1141,983.327,0.435491,85.1406
5,40,2.81832,1.10568,2.34107,4.93153,20.3852,983.327,0.435491,85.092
6,40,2.81658,1.11624,2.34107,4.93153,20.1638,983.327,0.435491,84.8968
7,40,2.80633,1.07263,2.34107,4.93153,20.2797,983.327,0.435491,84.9484
8,40,2.82387,1.08582,2.34107,4.93153,19.9318,983.327,0.435491,84.9019
9,40,2.80438,1.11363,2.34107,4.93153,19.8196,983.327,0.435491,84.9629
10,40,2.80301,1.06867,2.34107,4.93153,20.0065,983.327,0.435491,84.8801
1,41,2.81871,0.752558,2.34107,4.93153,20.2647,983.327,0.435491,85.0476
2,41,2.81304,0.751808,2.34107,4.93153,20.1427,983.327,0.435491,84.8442
3,41,2.82464,0.788273,2.34107,4.93153,20.2742,983.327,0.435491,85.0958
4,41,2.82421,0.753553,2.34107,4.93153,20.3026,983.327,0.435491,85.0229
5,41,2.80358,0.737445,2.34107,4.93153,20.2155,983.327,0.435491,84.9899
6,41,2.81259,0.741753,2.34107,4.93153,20.1954,983.327,0.435491,85.0473
7,41,2.81325,0.743905,2.34107,4.93153,20.2427,983.327,0.435491,84.954
8,41,2.81282,0.744082,2.34107,4.93153,19.8746,983.327,0.435491,84.8712
9,41,2.80269,0.71206,2.34107,4.93153,20.0736,983.327,0.435491,84.835
10,41,2.79697,0.728548,2.34107,4.93153,20.2232,983.327,0.435491,84.8976
1,42,2.82493,0.77476,2.34107,4.93153,20.1679,983.327,0.435491,85.0549
2,42,2.84556,0.773184,2.34107,4.93153,19.9107,983.327,0.435491,84.9867
3,42,2.83274,0.770547,2.34107,4.93153,20.0192,983.327,0.435491,85.0338
4,42,2.82415,0.765757,2.34107,4.93153,19.9401,983.327,0.435491,84.7531
5,42,2.81505,0.770642,2.34107,4.93153,20.2209,983.327,0.435491,84.9543
6,42,2.81036,0.764321,2.34107,4.93153,19.9458,983.327,0.435491,85.0033
7,42,2.81643,0.744383,2.34107,4.93153,19.9187,983.327,0.435491,85.0579
8,42,2.82397,0.769285,2.34107,4.93153,19.7306,983.327,0.435491,85.0218
9,42,2.8155,0.728654,2.34107,4.93153,20.1119,983.327,0.435491,85.0256
10,42,2.83604,0.812853,2.34107,4.93153,20.1543,983.327,0.435491,84.9217
1,43,2.82241,0.597325,2.34107,4.93153,19.7123,983.327,0.435491,84.9926
2,43,2.83534,0.552596,2.34107,4.93153,20.155,983.327,0.435491,85.0175
3,43,2.8198,0.546733,2.34107,4.93153,20.1806,983.327,0.435491,85.083
4,43,2.82373,0.566739,2.34107,4.93153,20.2823,983.327,0.435491,84.9816
5,43,2.8161,0.587952,2.34107,4.93153,19.9787,983.327,0.435491,84.9263
6,43,2.80649,0.536629,2.34107,4.93153,19.9839,983.327,0.435491,84.7534
7,43,2.82403,0.566406,2.34107,4.93153,20.1217,983.327,0.435491,84.9941
8,43,2.80538,0.533748,2.34107,4.93153,19.884,983.327,0.435491,84.6905
9,43,2.80406,0.559507,2.34107,4.93153,20.1949,983.327,0.435491,85.0074
10,43,2.81967,0.577722,2.34107,4.93153,19.9607,983.327,0.435491,84.8988
1,44,2.82132,0.732276,2.34107,4.93153,20.0685,983.327,0.435491,85.1504
2,44,2.8287,0.807112,2.34107,4.93153,19.8781,983.327,0.435491,84.8477
3,44,2.82716,0.803662,2.34107,4.93153,19.933,983.327,0.435491,85.1247
4,44,2.82269,0.727822,2.34107,4.93153,19.8686,983.327,0.435491,85.019
5,44,2.83324,0.83416,2.34107,4.93153,19.8924,983.327,0.435491,85.3481
6,44,2.8283,0.807738,2.34107,4.93153,19.9227,983.327,0.435491,85.1017
7,44,2.83262,0.775734,2.34107,4.93153,20.4224,983.327,0.435491,84.9819
8,44,2.82153,0.779751,2.34107,4.93153,19.9196,983.327,0.435491,84.994
9,44,2.82879,0.839469,2.34107,4.93153,19.9097,983.327,0.435491,85.0814
10,44,2.82471,0.786833,2.34107,4.93153,19.9581,983.327,0.435491,85.1176
1,45,2.81787,0.512909,2.34107,4.93153,20.0276,983.327,0.435491,85.0683
2,45,2.79274,0.473433,2.34107,4.93153,20.264,983.327,0.435491,84.9372
3,45,2.8192,0.48411,2.34107,4.93153,20.0566,983.327,0.435491,85.052
4,45,2.80462,0.490258,2.34107,4.93153,19.928,983.327,0.435491,85.0965
5,45,2.80807,0.490667,2.34107,4.93153,19.8075,983.327,0.435491,84.8613
6,45,2.8192,0.492064,2.34107,4.93153,19.8987,983.327,0.435491,84.9437
7,45,2.81222,0.455597,2.34107,4.93153,20.0843,983.327,0.435491,85.0545
8,45,2.81018,0.450839,2.34107,4.93153,20.0827,983.327,0.435491,85.0224
9,45,2.82218,0.493398,2.34107,4.93153,19.9431,983.327,0.435491,85.0592
10,45,2.82844,0.473193,2.34107,4.93153,20.0931,983.327,0.435491,84.7385
