rep,id,eta_Cl,eta_V1,eta_Q,eta_V2,eta_S,eta_R0,eta_gamma,eta_MTT
1,1,-0.00130383,-0.568788,0,0,0.00926246,0.00250474,-0.00945305,-0.000233814
2,1,-0.00504935,-0.479987,0,0,0.0185163,-0.0042731,0.00635665,-0.000487206
3,1,-0.00188839,-0.531879,0,0,-0.00121664,0.00134563,-0.00265309,-0.00380857
4,1,0.000367707,-0.571756,0,0,0.0124864,0.00172682,-0.00463802,4.07806e-06
5,1,0.00096482,-0.506341,0,0,0.00308353,0.000216755,-1.19828e-05,-0.000552204
6,1,-0.00227826,-0.596456,0,0,0.00505178,-0.00188205,0.00121768,0.000623756
7,1,-0.00259858,-0.528285,0,0,0.0032035,-0.00294534,-0.00513256,0.000114458
8,1,0.000295835,-0.529632,0,0,-3.5224e-05,0.00141005,-0.00943047,-0.00186929
9,1,0.00105406,-0.616129,0,0,0.00152564,0.000385397,-0.0118516,0.00107303
10,1,0.00234203,-0.547757,0,0,0.00684039,-0.000388288,0.00912116,-0.000674197
1,2,-0.00164517,-0.227968,0,0,7.42794e-05,-0.000621559,-0.0103894,-0.00147966
2,2,-0.00333137,-0.311931,0,0,-0.000747288,0.00178737,-0.0123329,0.00141622
3,2,-0.00561402,-0.264564,0,0,-0.000469552,0.000379354,-0.00177465,0.000831422
4,2,-0.00108805,-0.230098,0,0,0.00941406,0.00377441,0.0113248,-0.00140266
5,2,0.00460088,-0.37072,0,0,-0.0022533,-0.00202703,-0.00196406,-0.00136046
6,2,0.00158074,-0.248807,0,0,-0.00899815,-0.00312838,-0.00921791,0.0005616
7,2,0.00013041,-0.244254,0,0,0.00160831,-0.000239163,0.00242004,0.00124339
8,2,-0.00195223,-0.270735,0,0,0.00135862,1.48812e-05,-0.00209254,0.00141332
9,2,-1.21157e-05,-0.266236,0,0,-0.00370352,0.00468216,-0.00454711,0.00185322
10,2,0.00087254,-0.260147,0,0,0.00464883,-0.00248855,-0.0113313,-0.000825124
1,3,-0.000453023,0.328521,0,0,-0.00903277,-0.000739416,0.00125028,0.00169827
2,3,-0.000849554,0.291856,0,0,0.00390655,0.000401986,0.00398944,-0.000488156
3,3,0.00159143,0.306518,0,0,0.00436882,-0.00602252,-0.00821604,0.000233805
4,3,-0.0052458,0.313246,0,0,-0.00333468,-0.00435433,0.000741376,0.000758284
5,3,-0.00175503,0.258266,0,0,-0.0042364,-0.00126164,-0.00764566,0.00203693
6,3,-0.000943538,0.293627,0,0,0.00259773,-0.00082016,0.00402872,-0.000871876
7,3,-0.000241415,0.336864,0,0,-0.0109854,0.000131194,-0.0112219,-0.00265828
8,3,0.00441467,0.276796,0,0,-0.00651586,-0.00398696,-0.00898107,0.000923452
9,3,-0.00159295,0.341475,0,0,-0.00626156,-0.00233591,-0.00429106,0.00314662
10,3,-0.00339435,0.334747,0,0,0.00335194,0.0028624,-0.000181392,0.00235202
1,4,-0.00324019,0.0369378,0,0,0.00274111,0.000927539,0.010563,-0.00146989
2,4,-0.00370335,-0.0261007,0,0,-0.014218,7.41465e-05,-0.00835251,-0.00139688
3,4,-0.00577449,0.00300939,0,0,0.00953682,0.0010435,-0.00895951,-0.000348072
4,4,0.00010335,0.0104921,0,0,-0.001713,0.00413211,0.00688931,-0.000984784
5,4,0.00258248,-0.0054422,0,0,0.00483141,0.00258953,-0.00238078,0.00119477
6,4,0.00500101,-0.0202006,0,0,-0.000501387,0.00455148,0.011552,-0.000388337
7,4,-0.00541396,-0.0171319,0,0,0.0057615,0.0011364,-0.010615,-9.90953e-05
8,4,-0.00154155,0.0713984,0,0,0.00970019,0.00589424,0.000875339,0.00144198
9,4,3.17566e-05,0.0383458,0,0,0.00264693,0.003875,0.00108917,0.000404852
10,4,-0.0049869,0.0206125,0,0,-0.00505733,-0.0005121,0.00480968,0.000708891
1,5,-0.00299327,0.494438,0,0,0.00314358,0.00343566,0.00520893,0.00106965
2,5,-0.00445197,0.510388,0,0,0.00192871,-0.000649904,1.45963e-05,0.00195254
3,5,-0.000107375,0.517625,0,0,0.00593882,0.00199906,0.00630128,-0.00171269
4,5,-0.00276188,0.508247,0,0,0.00682581,-0.000538665,0.0018991,0.00198319
5,5,0.000565898,0.507295,0,0,-0.00402242,0.00168812,-0.00325374,0.000452262
6,5,-0.000205424,0.513092,0,0,-0.000326195,0.00198551,-0.00190963,0.000598668
7,5,0.000296161,0.558482,0,0,-0.00918254,0.00789739,0.00688713,0.000234776
8,5,0.000655127,0.479476,0,0,0.00977637,0.00168853,-0.00546705,-5.97168e-05
9,5,-0.00411841,0.518612,0,0,0.00777297,0.000923224,0.0120103,0.000548166
10,5,3.58708e-05,0.507904,0,0,0.0153593,-0.000943483,-0.00306528,0.00165243
1,6,-0.00242617,0.431833,0,0,0.0069446,-0.0032114,-0.0145819,-0.00300234
2,6,-0.0022199,0.400908,0,0,-0.002074,-0.00149251,0.00630902,0.00101876
3,6,0.000745797,0.406595,0,0,-0.0012395,0.00108078,-0.00756942,-0.00195367
4,6,-0.00159285,0.383557,0,0,-0.0066894,0.000433631,0.000814855,0.000783098
5,6,-0.000377047,0.434761,0,0,0.00227758,5.07414e-06,0.00876733,0.000386551
6,6,-0.00161316,0.351449,0,0,0.00122311,0.00178001,-0.0132566,-0.000165181
7,6,0.00154664,0.396628,0,0,-0.00170007,6.72275e-05,-0.00217992,-0.000236699
8,6,0.0037543,0.458668,0,0,-0.00221874,0.000265854,0.0075978,-0.00028648
9,6,0.00170697,0.435967,0,0,-0.00104646,0.000809972,-0.000848051,0.000432754
10,6,0.00277443,0.407114,0,0,-0.000155449,0.00247953,-0.00666926,0.00106594
1,7,0.000735624,0.0412176,0,0,0.00951167,-0.00139866,0.00151258,0.00205496
2,7,0.000438278,0.0458611,0,0,0.000517353,-0.00238176,-0.0018612,-0.000647201
3,7,-5.86179e-05,0.0425378,0,0,-0.00277393,-3.81009e-05,-0.00611056,0.000432651
4,7,0.00217294,0.0913091,0,0,0.00798406,0.00169365,0.00878967,0.000843184
5,7,-0.000749932,0.0246809,0,0,0.00166052,0.003384,0.00682988,0.00213554
6,7,-0.00295593,0.0406222,0,0,0.010344,-0.000603329,-0.00168132,-6.52517e-05
7,7,-0.00344726,0.0707162,0,0,-0.00528227,-0.00244578,0.00755709,0.000702825
8,7,-0.00416735,0.0827214,0,0,0.00758718,-0.000291121,0.00148561,-0.00257067
9,7,-0.000363125,0.0333093,0,0,0.00931869,-0.000249753,-0.00674499,-0.000308611
10,7,0.00708547,0.0328203,0,0,0.00277153,-0.00208574,-0.0206265,-0.00132958
1,8,0.00286816,0.387685,0,0,-0.00759813,-0.00147002,0.00619061,-0.000667326
2,8,0.00255549,0.37499,0,0,-0.0106354,0.00357217,-0.0122395,0.000352745
3,8,-0.00205869,0.407078,0,0,0.00377574,-0.000265546,-0.00866288,0.000604314
4,8,0.00348116,0.388379,0,0,0.00845036,-0.00438146,-0.00907283,0.00202384
5,8,-0.000232475,0.417318,0,0,-0.00525979,-0.000562688,0.000801826,0.00160124
6,8,-0.000135913,0.362505,0,0,-0.0127345,-0.0011542,0.00305382,0.00128968
7,8,-0.000771339,0.33784,0,0,-0.00911633,-0.000497142,-0.00725005,0.000638851
8,8,0.00219468,0.365226,0,0,-0.00175125,-0.00059245,-0.00451874,-0.00134335
9,8,6.40685e-05,0.395208,0,0,0.0108409,0.00291175,-0.00407461,0.000684343
10,8,-0.00157165,0.39828,0,0,-0.00642483,-0.000767777,0.00284956,0.000519266
1,9,-0.00226083,0.218988,0,0,0.0186271,0.00168569,0.0045795,-0.00105216
2,9,0.00109721,0.320391,0,0,0.00421148,0.00252801,-0.0121654,-0.00270058
3,9,-0.00209553,0.231668,0,0,0.0029393,-0.00159043,-0.00385619,0.00113875
4,9,0.00282222,0.243832,0,0,-0.00882739,-0.00185955,0.00130412,-0.00241113
5,9,-0.0010516,0.248207,0,0,0.00790196,0.00154541,0.00561616,-0.00142461
6,9,0.00546495,0.181358,0,0,-0.00047547,-0.00233094,0.00399989,0.000336176
7,9,-0.000215598,0.232527,0,0,-0.00808851,0.00261963,-0.00129884,0.000639939
8,9,-0.00338837,0.240958,0,0,-0.00170898,-0.00379567,-0.00311922,0.00184585
9,9,-0.00167017,0.20811,0,0,-0.00205925,0.000253444,-0.0113694,-0.00092398
10,9,0.00468426,0.167846,0,0,-0.00243314,-0.00349096,0.00141251,0.00151409
1,10,-0.00300566,0.288439,0,0,0.000546117,0.000655424,0.00410463,0.000941825
2,10,0.00104666,0.264364,0,0,0.00179204,0.000144544,-0.00538059,0.000598958
3,10,0.00323633,0.325668,0,0,-0.00403882,0.00353056,-0.00174203,0.000897031
4,10,0.00167248,0.267704,0,0,0.00288494,0.00264885,-0.00469933,0.00015346
5,10,0.00386687,0.316905,0,0,0.00381125,0.000981481,0.000920954,-6.69473e-05
6,10,0.00104993,0.290706,0,0,-0.00694749,0.000802066,0.00202163,0.00188143
7,10,-0.00297601,0.271371,0,0,0.00562712,-0.000990286,-0.0117554,-0.00122273
8,10,0.000750858,0.287956,0,0,-0.00607088,0.00273023,-0.00750893,-0.00116641
9,10,-0.00403653,0.227913,0,0,0.00311749,0.00228623,0.00357218,-0.00104045
10,10,-0.00352421,0.239841,0,0,0.00823793,-0.00151136,-0.00484044,0.000761084
1,11,0.00123904,0.633604,0,0,0.00353449,3.31507e-05,0.00410712,-0.0017219
2,11,-0.00302683,0.596273,0,0,0.00202521,-0.00266291,0.00143354,-0.000745508
3,11,-0.0060398,0.60748,0,0,-0.00220544,-0.00184831,0.00177428,-4.46759e-05
4,11,-4.65531e-05,0.674491,0,0,-0.00699712,0.000519781,0.0142549,0.000995179
5,11,-0.000652216,0.614589,0,0,0.00341193,0.000417629,-0.00936509,-9.52094e-05
6,11,0.00209453,0.679354,0,0,0.00536921,-0.000330372,0.0016343,-9.83896e-05
7,11,7.23074e-06,0.615147,0,0,-0.00717712,0.00178368,0.0100784,0.0022574
8,11,-0.00106735,0.674677,0,0,0.00880709,0.00260378,0.0077052,-0.00105355
9,11,-0.0018752,0.671122,0,0,0.00292908,-0.00296643,-0.00200375,-0.000562502
10,11,-0.000792692,0.710618,0,0,0.00449427,-0.00120399,-0.0051312,-0.000790085
1,12,-0.000794702,-0.186384,0,0,-0.000719377,0.00236202,0.00295976,-8.76034e-05
2,12,0.00614137,-0.120342,0,0,-0.00584793,0.000976298,-0.00219186,-0.00120117
3,12,3.97119e-05,-0.196752,0,0,0.0142774,0.0024704,0.00535634,0.00128407
4,12,-0.000529097,-0.160487,0,0,-0.00525339,0.000911328,0.0133933,0.00161964
5,12,0.00217254,-0.165002,0,0,-0.0169111,0.00216751,-0.00259244,0.000327611
6,12,0.000362648,-0.147432,0,0,-0.00323351,0.00390919,0.0154876,-0.000318653
7,12,0.00162307,-0.16986,0,0,0.0015877,0.000953848,-0.0120782,-0.00124364
8,12,-0.00529669,-0.211406,0,0,0.0121914,0.000320619,-0.000334567,-0.000249269
9,12,-0.00421954,-0.187101,0,0,0.0086287,0.00511393,0.00259061,-0.00073404
10,12,0.00130464,-0.189562,0,0,-0.000748223,-0.000119743,0.00364966,-0.000533981
1,13,-0.00286579,-0.198828,0,0,-0.0117599,-9.48537e-05,0.000125065,0.00215293
2,13,0.00311626,-0.157424,0,0,-0.00562041,0.00100484,0.00602502,0.00171352
3,13,-3.99815e-05,-0.189812,0,0,-0.0125318,0.00144119,0.00202158,-0.000555861
4,13,0.001648,-0.215463,0,0,0.00464407,0.000482528,0.00278308,0.000882625
5,13,0.000491179,-0.16667,0,0,-0.00600616,0.00252165,-0.00138565,0.00156264
6,13,-0.00306605,-0.224942,0,0,-0.00249952,-0.00215204,-0.0137134,-0.00129237
7,13,-0.00338067,-0.166898,0,0,-0.000428002,0.00235848,3.61623e-05,-0.00148833
8,13,0.000738408,-0.225877,0,0,-0.000676329,-0.000749872,0.000111133,-0.000170769
9,13,-0.00140322,-0.20119,0,0,-0.0062798,-0.000114775,0.00370318,-0.000268177
10,13,0.00381736,-0.156572,0,0,0.00195215,0.000297192,-0.00599648,-0.000340456
1,14,-0.00659575,-0.0597893,0,0,0.00284778,-0.00261067,-0.0106198,0.000686186
2,14,0.00363782,-0.0612452,0,0,0.000142516,-0.00406237,-0.00588532,-0.00302522
3,14,0.00219443,-0.0786928,0,0,-0.00717166,-0.00329522,0.00117717,-0.000363252
4,14,-0.000624741,-0.0884897,0,0,0.00835884,0.00252997,0.00592057,-2.39724e-05
5,14,-0.000607427,-0.102637,0,0,0.00336077,0.00053278,0.00235769,-0.00319308
6,14,-0.00460674,-0.124518,0,0,4.74983e-05,0.000362674,0.00282166,-0.001982
7,14,0.000373269,-0.0872136,0,0,0.0202423,0.00198512,0.00299388,0.000370016
8,14,-0.00164123,-0.0637275,0,0,0.00447964,9.55861e-05,0.00267128,-0.00213391
9,14,-0.00659258,-0.137118,0,0,0.0171838,-0.000978189,0.00781805,-0.00125616
10,14,0.00120555,-0.146528,0,0,-0.00431243,0.000752738,0.000796696,0.00304375
1,15,-0.00201189,-0.0847645,0,0,0.000297122,-9.74654e-05,0.0088186,-0.00116116
2,15,-0.00225763,-0.0433072,0,0,-0.00338515,-0.000968505,-0.00848815,-0.000179829
3,15,-0.0021831,-0.0604577,0,0,-0.0112113,0.00161419,0.00430395,-0.00164967
4,15,0.00677949,-0.0920269,0,0,0.00420061,-0.00326776,0.00424272,-0.000251039
5,15,-0.00263041,-0.0848668,0,0,-0.00418151,0.00132412,0.0108978,-2.50642e-05
6,15,0.00712333,-0.0657888,0,0,-0.0148415,-0.00169051,0.00207502,0.00123653
7,15,-0.00138975,-0.0759895,0,0,-0.00616966,0.000381761,-0.00436848,0.00136555
8,15,0.00146602,-0.0678863,0,0,0.00675306,0.00111518,0.000813431,-0.000635547
9,15,0.00323345,-0.0439043,0,0,0.00744061,-0.00224587,0.00292714,-0.000318473
10,15,-0.00181925,-0.109122,0,0,0.00149115,-0.00410526,0.00340653,-0.000936807
1,16,0.000480313,-0.0622584,0,0,0.0107879,0.00184251,-0.00632289,-0.00154951
2,16,-0.00198842,-0.0939604,0,0,0.00968656,-0.000797766,-0.000701371,0.00117568
3,16,0.00560382,-0.0424428,0,0,0.00435472,-8.75979e-05,-0.00668524,-0.000476379
4,16,0.000969543,-0.107609,0,0,-0.000328871,-0.00202939,-0.00290883,0.000545325
5,16,0.00473546,-0.0680299,0,0,0.00354865,-0.00221164,-0.00172338,-0.000255639
6,16,-0.00625878,-0.0896442,0,0,-0.0110416,0.00227981,0.00214596,0.00181763
7,16,0.00238637,-0.0975282,0,0,-0.00241017,-0.00129054,-0.00364669,-0.00182628
8,16,-0.000784822,-0.0864729,0,0,-0.0111892,-0.00572692,0.00550127,0.00111574
9,16,-0.00398099,-0.150821,0,0,-0.00185991,0.00259876,-0.00148176,0.00106022
10,16,0.0021104,-0.0395451,0,0,-0.00182349,-0.00102797,0.00755565,0.000717077
1,17,-0.0027416,-0.296751,0,0,0.00444167,-0.0030727,-0.00367492,-0.00169842
2,17,-0.00136379,-0.337215,0,0,0.0100437,-0.000613224,0.0124439,-0.000107928
3,17,0.00296156,-0.274069,0,0,-0.00583613,-0.00347414,0.00329609,0.000924119
4,17,-0.00079189,-0.381381,0,0,-0.00796927,-0.00426276,0.00682136,-0.000141514
5,17,0.00438953,-0.401172,0,0,-0.00813624,0.001843,0.00188047,-0.00060721
6,17,0.000975465,-0.367459,0,0,0.00281651,-0.000706784,-0.011371,-0.00147887
7,17,0.00250787,-0.340784,0,0,0.000664833,-0.00125111,-0.00305723,-0.000819167
8,17,-0.00261178,-0.378861,0,0,0.00442426,0.00029499,-0.00546031,-0.00161366
9,17,0.00199895,-0.336865,0,0,-0.00297166,0.000493283,0.00582103,-0.00104649
10,17,-0.0021804,-0.324849,0,0,-0.000804451,-0.00344413,0.00108322,-0.00261913
1,18,0.000319602,-0.105428,0,0,-0.00262164,-0.00343919,0.00342667,-0.000232146
2,18,-0.0018674,-0.0787944,0,0,0.00571237,0.00232993,-0.00854617,-0.00050189
3,18,-0.000894386,-0.0980107,0,0,-0.00873799,-0.000336651,0.00753903,-0.0015896
4,18,-0.00451124,-0.106004,0,0,7.12884e-05,-0.000213688,0.00380494,-0.000365054
5,18,-0.00194062,-0.122827,0,0,0.0115063,-0.00141701,0.000460861,-0.00110906
6,18,0.000225604,-0.0756103,0,0,0.00717926,0.00219374,-0.00161027,-0.00106007
7,18,-0.0017976,-0.0883651,0,0,-0.00117876,-0.00340437,-0.00059892,0.000865769
8,18,-0.00509717,-0.167946,0,0,0.000460609,0.00085722,0.0121696,-0.00099516
9,18,9.82017e-05,-0.0748727,0,0,0.00915553,-0.00346273,-0.0053629,0.00019389
10,18,0.00263793,-0.0916207,0,0,-0.001895,-0.00338489,-0.0125671,-0.00183502
1,19,0.00362362,0.352606,0,0,0.00606458,0.000103598,-0.00377857,-0.000278411
2,19,0.00495372,0.29007,0,0,-0.00800518,0.000333573,-0.00429277,0.00158797
3,19,-0.00233293,0.285744,0,0,-0.00783698,0.000951536,-0.00129297,0.00108885
4,19,0.0017392,0.327255,0,0,-0.00240438,0.0021237,-0.00546634,-0.000682117
5,19,-0.00038414,0.309884,0,0,-0.00764061,0.00172325,-0.0072871,0.0013701
6,19,0.00459219,0.311289,0,0,-0.00450801,-0.00173751,-0.00261609,0.00107836
7,19,0.00147294,0.284639,0,0,0.00994407,-0.00267449,-0.00500379,0.00206108
8,19,0.00171794,0.346742,0,0,0.00411107,0.00336849,-0.0117816,-0.000618475
9,19,-0.0018195,0.329665,0,0,-0.00397314,-0.00136504,0.00149875,0.00120188
10,19,-0.00140377,0.2848,0,0,0.00876962,-0.00011549,-0.00988391,0.000654881
1,20,0.00088236,-0.334265,0,0,0.0114601,-0.00304311,-0.00573343,-0.00108919
2,20,-0.00237433,-0.454586,0,0,0.00498227,0.000693283,-0.000872265,0.00143056
3,20,-0.00139222,-0.314929,0,0,-0.000243367,-0.000576771,-0.00046049,-0.00197282
4,20,0.000413238,-0.367691,0,0,-0.00106516,-0.000887084,0.000710072,0.00160186
5,20,-0.0029565,-0.318946,0,0,-0.00494706,-0.00164036,-0.000945441,0.00256085
6,20,0.00110771,-0.384843,0,0,0.00500942,-0.00127586,0.00549018,-0.00153859
7,20,-0.0014108,-0.359601,0,0,-0.00103064,-1.79632e-05,0.00134206,-0.000879715
8,20,-0.00329386,-0.360392,0,0,0.00412737,0.000582243,0.00294665,0.000733352
9,20,0.000799204,-0.339199,0,0,-0.00605847,-0.000402978,0.00337391,0.00020344
10,20,-0.000766312,-0.351612,0,0,-0.000985747,-0.000917154,0.00449614,0.000110518
1,21,-0.00496663,0.079538,0,0,0.000408721,0.000102718,0.000916522,-0.000708256
2,21,0.000608608,0.0737701,0,0,0.00416375,0.0027017,0.00769478,0.000365869
3,21,-0.00120556,0.158256,0,0,0.00395977,0.00140726,-0.0046818,-0.00191318
4,21,-0.00238144,0.070643,0,0,-0.000654358,-0.000533064,-0.00516956,4.19302e-05
5,21,0.00411012,0.173112,0,0,-0.00186225,-0.00392003,-0.0104716,-0.00129629
6,21,0.00247074,0.123567,0,0,-0.00899293,0.000825087,0.00223276,0.000147356
7,21,-0.00118904,0.134394,0,0,-0.00370659,-0.00127823,-0.00321777,0.000562097
8,21,-0.000122881,0.126478,0,0,-0.00936067,0.00662557,-0.00993358,-0.0024696
9,21,-0.0020497,0.0982079,0,0,0.00388546,-0.00256754,-0.000342355,0.000282267
10,21,-0.00171579,0.116691,0,0,0.00964361,-0.000908072,-0.0060057,0.000118158
1,22,0.00288179,-0.456012,0,0,0.0062565,-2.07653e-05,0.00289811,-0.000748516
2,22,-0.00570851,-0.412693,0,0,0.000874788,0.00236319,-0.00188363,-0.0001552
3,22,0.000697834,-0.402581,0,0,0.00128013,0.000230726,0.00147741,-0.00116825
4,22,-0.00319496,-0.407111,0,0,-0.00101053,0.00341583,-0.000981609,-0.00181489
5,22,-1.72444e-05,-0.416296,0,0,-0.00149789,0.00111511,-0.00146381,-0.00221352
6,22,0.00240692,-0.372578,0,0,0.00651603,-0.00304643,0.0121464,-0.00288222
7,22,0.000126778,-0.404975,0,0,-0.0132939,-0.000500536,0.00616802,-0.00208568
8,22,-0.00489053,-0.477619,0,0,-0.00509036,0.00225907,0.00544557,0.000285694
9,22,-0.000308417,-0.406637,0,0,0.00202084,-0.000330121,-0.0046675,0.000129745
10,22,0.00331942,-0.445814,0,0,0.0125487,-0.00236779,-1.21817e-05,0.00258446
1,23,0.00231851,0.587654,0,0,0.0079092,0.00109782,-0.0108646,-9.98151e-05
2,23,-0.00400378,0.50172,0,0,-0.000395833,0.000362474,0.000169245,-0.00283149
3,23,-0.00129613,0.564743,0,0,0.00751311,0.000499438,-0.0056181,-0.002264
4,23,0.00471485,0.572896,0,0,0.00946817,0.000162497,-0.00776339,-0.000942848
5,23,0.00430018,0.574693,0,0,0.00451683,0.00333545,0.00257534,0.00013243
6,23,0.00118453,0.606366,0,0,0.000329077,0.00122864,0.000499756,-0.00203773
7,23,-0.000576758,0.61361,0,0,-0.0022178,4.4474e-05,-0.000377056,0.000787649
8,23,0.00488807,0.585429,0,0,0.00726905,-0.000845532,0.0132288,-0.000113147
9,23,0.00229239,0.572629,0,0,-0.0104808,-0.00392363,0.0068897,0.000210381
10,23,-0.00491678,0.534284,0,0,-0.000670065,-0.00451682,-0.00132883,0.000754461
1,24,-0.00275123,0.0849452,0,0,-0.00633051,-0.000992373,-0.00157753,0.00110824
2,24,-0.00181295,0.046971,0,0,0.00123687,0.000609481,0.00593676,-0.00121321
3,24,0.00473706,0.0985987,0,0,-0.00204263,-0.00503053,-0.000970301,-0.00100941
4,24,0.00357178,0.0739313,0,0,-0.0103813,-0.00521659,0.00801302,-0.00252671
5,24,-0.000361679,0.0528313,0,0,-0.010186,0.00135615,0.00903981,-0.000877429
6,24,-0.00448158,0.108264,0,0,-0.0176206,-0.0019765,0.0109986,-0.000768467
7,24,0.0037948,0.109156,0,0,0.000465884,-0.000145921,-0.000498268,-0.00107501
8,24,0.000221513,0.0939933,0,0,-0.00570822,0.00125124,0.00128232,-0.00241091
9,24,-0.00358466,0.0918218,0,0,0.000693023,-0.000367576,-0.00465951,0.000985424
10,24,0.00212331,0.0923367,0,0,0.00870826,6.08658e-05,0.00864484,-0.000931307
1,25,-0.00107319,-0.0855036,0,0,-0.00465819,0.00328421,0.00263914,-0.000380096
2,25,0.000217034,-0.0960112,0,0,0.00581513,-0.00425481,0.00863634,0.000599505
3,25,-0.00365716,-0.0514405,0,0,0.00264181,-0.00314106,-0.00299715,-0.00196948
4,25,0.00354023,-0.0656379,0,0,0.00303487,0.00341081,0.0024103,-0.000799095
5,25,0.00269941,-0.054275,0,0,0.0101426,0.00239088,-0.00300026,-0.00015631
6,25,-0.00057227,-0.115807,0,0,0.00598143,-0.00353914,0.000394098,0.00055192
7,25,0.000101058,-0.0907619,0,0,-0.0022496,0.00601911,-0.00362489,-0.00201738
8,25,0.00264473,-0.0852177,0,0,0.00164619,0.00357813,0.00440031,-0.00190092
9,25,0.00376538,-0.0884594,0,0,0.00107124,0.00642755,0.00818914,-0.000348556
10,25,-0.00171503,-0.0789126,0,0,0.0155233,-0.00460524,-0.00108998,0.00276245
1,26,-0.00260773,-0.276252,0,0,-0.0136387,0.0021087,0.00160233,0.00235739
2,26,-0.00209637,-0.301492,0,0,0.00310716,0.00174338,-0.00475053,0.000738662
3,26,-0.00571461,-0.249544,0,0,-0.00645062,0.000631566,-0.00177001,-0.000682733
4,26,0.00091609,-0.309352,0,0,-0.011716,0.0030295,-0.0107583,-0.000125178
5,26,0.00334838,-0.244361,0,0,-0.00497249,0.00516097,-0.0141059,-0.000167405
6,26,-0.000948289,-0.256515,0,0,-0.00869263,0.00592893,-0.0128136,-0.000863091
7,26,-0.00219777,-0.247913,0,0,0.0102726,-0.00140892,-0.00836302,0.00252487
8,26,0.000446237,-0.260513,0,0,1.86058e-05,0.0047403,-0.0061049,0.000856765
9,26,-0.00393334,-0.247283,0,0,-0.00263382,0.00264762,-0.00578724,-0.00259257
10,26,0.00164952,-0.246561,0,0,-0.00529735,0.00594642,0.00424861,0.00126073
1,27,-0.00468921,-0.131643,0,0,-0.00325454,-0.00164595,-0.00209418,0.00154994
2,27,0.00665755,-0.159058,0,0,-0.000530918,0.00296857,-0.0023616,0.00116686
3,27,-0.000948681,-0.195942,0,0,0.00152911,0.00288594,0.00375452,0.00120955
4,27,0.00111027,-0.136359,0,0,-0.00856061,-0.00288603,0.00258311,0.00234299
5,27,0.00105086,-0.163908,0,0,-0.00174884,-0.00214438,-0.000297055,-0.00273751
6,27,0.000766342,-0.154765,0,0,0.0148921,-0.00303601,0.00481456,-0.00110641
7,27,0.00318072,-0.120244,0,0,-0.00720734,1.9508e-05,-0.00115631,-0.000794611
8,27,-0.00172713,-0.131979,0,0,0.00115395,0.00178885,0.00404882,0.00340578
9,27,0.00186167,-0.188659,0,0,0.00158255,0.00564593,-0.00540754,-0.000606836
10,27,-0.00312017,-0.129282,0,0,-0.00621957,-0.00117934,0.0036939,-0.00124908
1,28,-0.000474572,0.383192,0,0,0.00495192,-0.00198544,-0.00384229,0.000715147
2,28,0.00366994,0.297693,0,0,0.000386823,0.00495146,-0.00400945,0.00201208
3,28,0.000432774,0.323357,0,0,0.008609,0.000282638,0.00327037,-0.00160168
4,28,-0.00179134,0.328263,0,0,0.00255965,0.00203069,-0.00497526,0.00057551
5,28,0.0022841,0.341286,0,0,-0.008463,-0.00270055,-0.0109043,-0.00167173
6,28,0.00322514,0.363539,0,0,-0.00267324,0.00469253,0.00115628,-0.000388515
7,28,0.00401768,0.307933,0,0,0.00731314,0.00177488,-0.00221738,0.00119584
8,28,0.00542095,0.313981,0,0,0.000352309,0.0016693,0.00282333,-0.000869955
9,28,0.000927133,0.308233,0,0,0.00639697,-0.00280842,-0.00670014,0.00185122
10,28,-0.00159067,0.333726,0,0,-0.00787943,0.00179365,-0.00892124,0.000336604
1,29,0.00222524,-0.117428,0,0,-0.00542127,0.000691572,0.0079786,-0.000734468
2,29,0.00662326,-0.13352,0,0,-0.00164693,0.000610415,0.00585773,-0.000625395
3,29,-0.000121435,-0.136722,0,0,-0.00913742,-0.00246018,0.00313315,0.000280921
4,29,0.000903387,-0.108639,0,0,-0.00264845,-0.00242977,-0.00867336,0.00112163
5,29,0.00414655,-0.0762354,0,0,0.00703951,-0.00120502,0.00907879,-0.000401602
6,29,0.000660815,-0.0952574,0,0,0.00493004,0.00198386,0.00473002,-0.0014799
7,29,-0.000970154,-0.111238,0,0,-0.000595709,-2.62755e-05,-0.00116474,0.000892302
8,29,0.00150231,-0.103615,0,0,-0.00341416,-0.00490251,0.00279891,-0.000429345
9,29,-0.00218385,-0.123661,0,0,-0.00481643,0.00230934,0.0117373,3.18004e-05
10,29,0.000102452,-0.0834948,0,0,0.0118677,-0.00363137,0.0109919,0.000111887
1,30,-0.00407835,0.424572,0,0,-0.000152277,0.000708833,-0.00768306,0.000478827
2,30,0.000185051,0.516499,0,0,0.0016762,0.00219729,0.000212754,-0.00163905
3,30,0.00138604,0.446142,0,0,-0.00155157,0.00048518,-0.00597193,-0.000422178
4,30,-0.000738772,0.44199,0,0,-0.000337221,0.00223725,-0.00503785,-0.000385612
5,30,-0.000511348,0.43017,0,0,-0.00699607,0.00260439,-0.00522598,0.00151387
6,30,2.04224e-05,0.470886,0,0,-0.0107119,-0.00022469,-0.00442842,0.00177182
7,30,0.00431129,0.471693,0,0,-0.00382125,0.00320183,0.00797207,0.00269165
8,30,0.00592925,0.545318,0,0,0.00383419,0.00705293,-0.00420187,0.00141282
9,30,0.00375237,0.466795,0,0,-0.00897427,0.00297691,-0.0136104,0.001663
10,30,-0.00186037,0.434347,0,0,-0.00530902,0.00313155,-0.00760941,-4.56015e-05
1,31,0.00414435,0.102646,0,0,-0.000683085,0.00386249,-0.000699679,-0.000815759
2,31,0.00265939,0.105212,0,0,0.00813278,0.002898,0.00516109,-0.000373365
3,31,-0.000651433,0.107854,0,0,-0.0029578,0.00129339,0.0072247,-8.99831e-05
4,31,-0.000666052,0.123619,0,0,-0.00953504,0.00166013,0.00529571,-0.000998442
5,31,-0.00321061,0.157157,0,0,0.00055304,8.63376e-05,-0.00513723,-0.000349376
6,31,0.00105712,0.170959,0,0,-0.00893564,0.000186516,0.00296549,-0.000713343
7,31,-0.000224778,0.160633,0,0,-0.0117238,-0.000122627,0.00317898,-0.000160643
8,31,0.00248697,0.155974,0,0,0.00931321,0.000896267,0.00158621,0.001675
9,31,0.000209561,0.153555,0,0,-0.00475819,0.00037176,0.00146666,-0.00242594
10,31,0.00430201,0.157794,0,0,0.0110663,0.00474196,-0.00530433,-0.00103843
1,32,0.00235081,-0.763483,0,0,-0.00450292,0.000232896,0.00144309,-0.000355297
2,32,0.000639863,-0.771639,0,0,0.00611618,-0.00175292,-0.00823708,-4.63469e-05
3,32,-0.001075,-0.76518,0,0,-0.00536077,-0.000598711,0.0034727,0.000204783
4,32,-0.00257175,-0.792154,0,0,-0.00120327,0.00196133,-0.00746026,0.00045627
5,32,-0.00782806,-0.752573,0,0,-0.000535082,-0.000738149,0.00950794,-0.000456889
6,32,-0.00176572,-0.76844,0,0,-0.00858416,0.0020282,-0.00239362,-0.000189249
7,32,0.00237624,-0.730621,0,0,-0.00440055,-0.000568179,-0.00584072,-0.000684193
8,32,-0.000145801,-0.805047,0,0,-0.00490186,-0.00485928,0.00921956,-0.000508446
9,32,0.00106998,-0.737767,0,0,0.00704411,0.00144564,0.0046659,0.00343882
10,32,-0.000636568,-0.786159,0,0,0.00156765,0.00134216,0.00472824,-0.000932325
1,33,-0.00417384,0.181808,0,0,0.0027847,-0.000116882,0.000706607,-0.00104011
2,33,0.00389935,0.152347,0,0,0.00332487,-0.00235822,0.0130733,-0.00116069
3,33,0.00117169,0.152597,0,0,0.00212696,0.00074313,0.00290034,-0.00170339
4,33,0.00615406,0.116561,0,0,0.00057707,-0.00209891,0.00568321,-0.000748077
5,33,-0.0029416,0.13357,0,0,-0.00841191,0.00115471,0.00646447,0.00242181
6,33,-0.000849854,0.0959641,0,0,0.00763102,0.00359239,0.0056365,-0.000322431
7,33,-0.000403275,0.10725,0,0,0.00695164,-0.000877401,-0.000684911,0.000153088
8,33,0.000999346,0.160459,0,0,0.00251437,0.00144451,-0.00130753,-0.000202347
9,33,-0.0022194,0.0503285,0,0,-0.00591189,-0.00174144,0.00620644,-0.00194678
10,33,0.00224882,0.140761,0,0,0.00262543,0.00295125,-0.000320381,-0.00169546
1,34,-0.0010495,0.283315,0,0,0.000333115,-0.000965509,0.00510922,-0.00118011
2,34,-0.00176673,0.295449,0,0,0.00741448,-0.000810855,0.00115752,-0.000507639
3,34,0.00614302,0.31497,0,0,0.0147169,0.00117009,0.0142203,0.00134858
4,34,0.00531531,0.280455,0,0,0.00636132,-0.00296588,0.00584534,0.000285621
5,34,-0.00397772,0.270702,0,0,-0.00191286,0.00222052,0.00201662,0.00190407
6,34,-0.00113963,0.297512,0,0,-0.0159265,0.00121073,-0.00170082,-0.00215915
7,34,-6.76682e-05,0.33731,0,0,0.00186004,0.00377624,-0.00841708,-0.00077445
8,34,0.00486478,0.244132,0,0,0.00880787,-0.000847609,-0.00333388,-0.00149265
9,34,0.00174753,0.291524,0,0,0.0133761,-0.00621928,0.0026404,-0.00156784
10,34,-0.0039815,0.267023,0,0,0.0162051,8.41481e-05,-0.00429777,-0.000957976
1,35,0.00483465,-0.357794,0,0,-0.00871722,-0.000534975,-0.0021725,0.000228065
2,35,-0.0027604,-0.345246,0,0,0.000777118,0.000601705,-0.00219982,0.00218326
3,35,-0.000861048,-0.341669,0,0,0.00567318,0.00276366,-0.00343964,0.000416623
4,35,-0.000843079,-0.423257,0,0,0.0180703,0.00473386,-0.00714228,-0.000226626
5,35,0.000826942,-0.324256,0,0,0.0107059,0.00237057,-0.000108792,-0.00098217
6,35,0.000874605,-0.361026,0,0,-0.0124487,0.00194017,-0.000950498,-0.000135144
7,35,-0.00570124,-0.379859,0,0,0.00526777,-0.0011792,0.0074333,0.000586884
8,35,0.00212629,-0.356399,0,0,0.0055157,0.00199436,-0.00229746,0.000137813
9,35,0.000522679,-0.348292,0,0,-0.00304314,0.00358454,-0.00801105,-0.00169101
10,35,0.00217943,-0.346415,0,0,-0.0119144,0.000320744,-0.00463672,-0.000177571
1,36,0.00552807,-0.534791,0,0,-0.00227517,-0.00164865,0.00389527,0.00135634
2,36,0.00173544,-0.464018,0,0,-0.000730784,-0.000855711,-0.00849166,0.000204454
3,36,-0.0046165,-0.51985,0,0,-0.00968868,-0.00270739,-0.0103774,-0.00136175
4,36,0.00192342,-0.556687,0,0,-0.00337162,-0.00335432,-0.019722,-0.00167792
5,36,-0.000851511,-0.522716,0,0,-0.00263367,-0.000558776,-0.00220975,0.000197298
6,36,-0.00200933,-0.527925,0,0,0.00521568,-0.00419424,-0.000626193,0.0004159
7,36,-0.000461666,-0.505522,0,0,-0.00736583,-0.00508942,-0.00607658,0.00179476
8,36,-0.00240244,-0.520672,0,0,9.72426e-05,-0.00501052,-0.00957097,0.00195904
9,36,0.00150969,-0.504523,0,0,0.00244113,-0.00247373,-0.011932,0.00171801
10,36,0.00237268,-0.418911,0,0,0.0103506,-0.00476228,-0.00548411,0.000639919
1,37,0.00442619,-0.145441,0,0,-0.000448829,-0.00145905,0.00613534,-0.000186427
2,37,0.00138901,-0.212774,0,0,-0.00363298,-0.00147752,-0.00306206,-0.00163572
3,37,-0.000708251,-0.17121,0,0,-0.00274279,-0.00182041,-0.00168577,-0.0017875
4,37,-0.00593057,-0.155972,0,0,0.00667291,-0.000758771,0.0109916,-0.000922257
5,37,0.0021042,-0.210033,0,0,0.00227398,0.000675906,-0.00331517,-0.00374947
6,37,-0.00211269,-0.251756,0,0,0.0011108,-0.00543131,0.00241944,-0.0016925
7,37,0.0012061,-0.184742,0,0,0.00883505,-0.000798398,0.00931597,0.000404531
8,37,0.00203973,-0.170604,0,0,0.00136498,0.00227279,0.00403189,-0.00079448
9,37,0.00217847,-0.190721,0,0,-0.00932656,0.00344955,-0.00029714,0.000865717
10,37,-0.00354661,-0.176614,0,0,0.00352448,0.00131398,0.000903012,-0.000507641
1,38,0.00110317,-0.207109,0,0,-0.00711824,0.000271691,0.00917641,-0.000794437
2,38,-0.0029095,-0.314138,0,0,-0.00235568,-0.00268686,0.00741521,-0.000790176
3,38,-4.73092e-05,-0.241994,0,0,2.34145e-05,-0.00164441,0.000154071,-0.0015208
4,38,-0.00448441,-0.341262,0,0,0.00929626,-0.00196329,-0.000507269,-0.00152737
5,38,0.00246365,-0.239554,0,0,-0.00684417,-0.00166807,0.00531622,-0.00197176
6,38,-0.00031044,-0.331434,0,0,0.00979237,0.00115696,0.00600553,0.00028861
7,38,0.000302695,-0.311873,0,0,0.0102761,-0.000510343,0.00810779,-0.000123222
8,38,-0.000279417,-0.280261,0,0,0.00313639,-0.00160623,-0.0133139,-0.00096157
9,38,-0.00098932,-0.320722,0,0,0.00457227,-0.00221965,-0.00250384,-0.00153433
10,38,0.000590224,-0.315155,0,0,0.00651277,0.000455647,0.000976881,-0.00156276
1,39,0.00405501,-0.0969034,0,0,-0.00207634,-0.000253195,0.00683783,-0.0012096
2,39,0.00557538,-0.1706,0,0,0.00155682,-0.00231589,-0.00234241,0.00222222
3,39,-0.00175746,-0.152985,0,0,0.000602508,-0.00376159,-0.010686,0.000774304
4,39,-0.000677485,-0.157903,0,0,0.00267206,0.00243634,0.000959143,0.00233585
5,39,0.00126453,-0.174916,0,0,0.000338015,0.00196919,-0.0101193,-0.0025588
6,39,-0.00060387,-0.168624,0,0,-0.00464965,0.000470693,-0.00532416,-0.00241205
7,39,0.00306672,-0.176385,0,0,-0.00554293,0.00554339,-0.00213656,0.00176473
8,39,0.000935355,-0.148737,0,0,-0.000451826,-0.00555327,0.00178726,-0.0011916
9,39,0.00467012,-0.181764,0,0,0.00722843,-0.00339362,-0.00678966,-0.00265663
10,39,0.00475729,-0.193878,0,0,-0.00833911,-0.000700366,0.00111802,0.00181264
1,40,0.00318898,0.475821,0,0,-0.00920231,0.00385557,0.0126733,0.00123453
2,40,0.00570133,0.463601,0,0,0.00521848,-0.000559959,-0.00518149,0.000650051
3,40,0.00372841,0.418754,0,0,-0.00179197,0.00135096,-0.00325596,-0.00119248
4,40,0.000264091,0.416089,0,0,-0.0123007,0.000123529,0.00126432,-0.000356109
5,40,0.00140064,0.36542,0,0,0.000220372,-0.00288363,-0.00108092,0.000611178
6,40,-0.00549117,0.459284,0,0,-0.00105138,-0.000363048,0.00703751,7.30561e-05
7,40,0.00194815,0.419157,0,0,0.00433857,0.00273965,0.00287903,0.00117054
8,40,0.000358873,0.458194,0,0,-0.00104979,0.00157356,0.00230252,0.00235825
9,40,-0.0039279,0.459701,0,0,0.00358836,-0.00167163,-0.000836997,0.00115611
10,40,-0.00304231,0.452565,0,0,-0.00840005,0.000672457,0.0108198,0.00178972
1,41,-0.000224752,0.0740085,0,0,0.00876096,-0.00252445,0.0014847,-0.00234723
2,41,-0.00489958,0.0190505,0,0,0.00778101,-0.00170459,0.000784699,3.07481e-05
3,41,-0.000701646,0.0773801,0,0,-0.00290392,0.00292599,0.0165502,-0.00138049
4,41,0.0022885,0.0643811,0,0,0.00306159,0.0030505,0.00441071,0.000848208
5,41,-0.00888434,0.0873988,0,0,0.00426653,0.000747856,0.00170241,-0.000779771
6,41,6.54118e-06,0.0897568,0,0,-0.00437554,0.00114026,-0.00694426,-0.000171511
7,41,-0.00150978,0.0257495,0,0,0.0128213,0.00130853,0.00779251,-0.000819476
8,41,-0.00200394,0.131047,0,0,0.00781126,0.00180412,0.00799803,-0.00158687
9,41,-0.00221148,0.0667671,0,0,0.00400855,-0.00140035,-6.5389e-05,0.000262348
10,41,-0.00539505,0.0270224,0,0,0.0070653,0.00281082,0.00787248,-0.000701069
1,42,0.000708206,0.133006,0,0,0.000173133,0.00142182,-0.00379727,-0.0020893
2,42,-6.98035e-05,0.165329,0,0,-0.00125354,0.001047,-0.00343373,-0.000555245
3,42,-0.00266348,0.0976946,0,0,-0.00163215,0.00171266,-0.00111508,0.00053592
4,42,0.000919552,0.124081,0,0,-0.00665861,-0.000460696,-0.0144441,-0.000213882
5,42,-0.00122796,0.129004,0,0,-0.00226805,-0.00257587,0.000623753,0.00150042
6,42,-0.00150109,0.158076,0,0,-0.00146725,0.0040018,-0.00790649,0.000531537
7,42,0.00152974,0.150704,0,0,0.0102065,-0.000338377,-0.00116107,0.00322265
8,42,-0.000342393,0.155384,0,0,0.000521063,0.00199562,-0.0112255,-0.000608482
9,42,0.00167961,0.115035,0,0,-0.00143615,-0.000626968,-0.00710342,0.00114982
10,42,0.00232147,0.0703511,0,0,-0.00178748,-0.000381314,-0.00115552,-0.000769174
1,43,-0.000156521,-0.231589,0,0,0.00395446,0.000749049,0.00727932,-0.000456921
2,43,-0.00256879,-0.152384,0,0,-0.00276166,-0.00142301,0.00646822,0.000341917
3,43,-0.00583299,-0.177699,0,0,-0.0101947,0.00222739,0.00272253,0.000817447
4,43,0.00186619,-0.172733,0,0,-0.00446695,-0.0016789,0.00340263,-0.00118743
5,43,-0.00744957,-0.26741,0,0,0.0019443,0.00105453,-0.00272938,-0.00368962
6,43,-0.00227265,-0.204717,0,0,0.00721654,-0.0017181,-0.00655532,-0.00129336
7,43,-0.000629345,-0.201246,0,0,-0.00691335,-0.00212972,0.0171718,0.000759796
8,43,-0.00223963,-0.228255,0,0,0.0053722,-0.000727332,0.0026226,0.000138706
9,43,-0.00154096,-0.233975,0,0,0.00526995,-0.000128707,-0.00355976,0.00143889
10,43,0.00394425,-0.275671,0,0,-0.00951908,-0.00412332,0.0136276,-0.000192461
1,44,-0.00361605,0.0683962,0,0,0.00461709,0.00171006,-0.00493434,-0.000102338
2,44,-0.00111992,0.100349,0,0,0.00261923,0.00197646,0.000267681,0.000144286
3,44,-0.00137441,0.0942118,0,0,0.00476161,0.00103818,-0.00487498,-0.000326011
4,44,0.00114959,0.176601,0,0,0.0106351,-0.00330067,-0.00140277,0.00121982
5,44,0.000941132,0.0925135,0,0,-0.0075604,0.00426036,-0.00825813,0.00107469
6,44,-0.0026571,0.157046,0,0,-0.00736013,0.00331975,-0.00557778,0.000579378
7,44,0.00207472,0.0877777,0,0,0.00249288,-0.00181684,-0.0128189,0.00102164
8,44,0.00190777,0.147625,0,0,-0.00796861,-0.00119904,-0.0158667,0.00150343
9,44,0.00106394,0.109576,0,0,-0.00831073,-0.000380215,-0.012741,0.00174328
10,44,0.00147661,0.137255,0,0,-0.0021959,0.00204738,-0.0182221,0.00174487
1,45,-0.00150642,-0.377681,0,0,0.00181976,-0.000944291,0.00709726,0.00337164
2,45,-0.000998489,-0.414426,0,0,-0.00575114,0.00208926,0.00318627,-0.00232675
3,45,-0.00198721,-0.294335,0,0,-0.00210061,0.000111626,-0.00726268,-0.00240666
4,45,-0.00330868,-0.293587,0,0,0.00163302,0.000303319,-0.00162052,-0.000839751
5,45,-0.00315072,-0.353905,0,0,-0.00429533,0.00208102,0.00230089,0.000417171
6,45,0.00161562,-0.334122,0,0,0.00573575,-0.000820872,0.00513439,-0.00178865
7,45,0.0018297,-0.371372,0,0,-0.00326159,0.00206447,6.67179e-06,-0.00034357
8,45,-0.000339326,-0.383638,0,0,0.00687364,0.00249099,0.0123846,-0.000117073
9,45,-0.00299997,-0.336057,0,0,-0.0184181,-0.000668186,-0.00209617,-0.00078236
10,45,0.00151003,-0.432974,0,0,0.00314666,-0.00134266,0.00290498,-0.00182737
