rep,id,Cl,V1,Q,V2,S,R0,gamma,MTT
1,1,2.85516,0.41901,2.41521,5.04019,20.5783,982.701,0.43451,84.9893
2,1,2.85516,0.409435,2.41521,5.04019,20.5783,982.701,0.43451,84.9893
3,1,2.85516,0.426329,2.41521,5.04019,20.5783,982.701,0.43451,84.9893
4,1,2.85516,0.375616,2.41521,5.04019,20.5783,982.701,0.43451,84.9893
5,1,2.85516,0.404075,2.41521,5.04019,20.5783,982.701,0.43451,84.9893
6,1,2.85516,0.407322,2.41521,5.04019,20.5783,982.701,0.43451,84.9893
7,1,2.85516,0.403448,2.41521,5.04019,20.5783,982.701,0.43451,84.9893
8,1,2.85516,0.412272,2.41521,5.04019,20.5783,982.701,0.43451,84.9893
9,1,2.85516,0.394848,2.41521,5.04019,20.5783,982.701,0.43451,84.9893
10,1,2.85516,0.427697,2.41521,5.04019,20.5783,982.701,0.43451,84.9893
1,2,2.85516,0.54168,2.41521,5.04019,20.5783,982.701,0.43451,84.9893
2,2,2.85516,0.539534,2.41521,5.04019,20.5783,982.701,0.43451,84.9893
3,2,2.85516,0.53567,2.41521,5.04019,20.5783,982.701,0.43451,84.9893
4,2,2.85516,0.534119,2.41521,5.04019,20.5783,982.701,0.43451,84.9893
5,2,2.85516,0.537883,2.41521,5.04019,20.5783,982.701,0.43451,84.9893
6,2,2.85516,0.55113,2.41521,5.04019,20.5783,982.701,0.43451,84.9893
7,2,2.85516,0.545756,2.41521,5.04019,20.5783,982.701,0.43451,84.9893
8,2,2.85516,0.538746,2.41521,5.04019,20.5783,982.701,0.43451,84.9893
9,2,2.85516,0.534515,2.41521,5.04019,20.5783,982.701,0.43451,84.9893
10,2,2.85516,0.542323,2.41521,5.04019,20.5783,982.701,0.43451,84.9893
1,3,2.85516,0.980065,2.41521,5.04019,20.5783,982.701,0.43451,84.9893
2,3,2.85516,0.98741,2.41521,5.04019,20.5783,982.701,0.43451,84.9893
3,3,2.85516,0.989923,2.41521,5.04019,20.5783,982.701,0.43451,84.9893
4,3,2.85516,0.946472,2.41521,5.04019,20.5783,982.701,0.43451,84.9893
5,3,2.85516,1.00323,2.41521,5.04019,20.5783,982.701,0.43451,84.9893
6,3,2.85516,0.968616,2.41521,5.04019,20.5783,982.701,0.43451,84.9893
7,3,2.85516,1.00058,2.41521,5.04019,20.5783,982.701,0.43451,84.9893
8,3,2.85516,1.01256,2.41521,5.04019,20.5783,982.701,0.43451,84.9893
9,3,2.85516,0.971105,2.41521,5.04019,20.5783,982.701,0.43451,84.9893
10,3,2.85516,0.956079,2.41521,5.04019,20.5783,982.701,0.43451,84.9893
1,4,2.85516,0.75334,2.41521,5.04019,20.5783,982.701,0.43451,84.9893
2,4,2.85516,0.67702,2.41521,5.04019,20.5783,982.701,0.43451,84.9893
3,4,2.85516,0.745624,2.41521,5.04019,20.5783,982.701,0.43451,84.9893
4,4,2.85516,0.723302,2.41521,5.04019,20.5783,982.701,0.43451,84.9893
5,4,2.85516,0.727104,2.41521,5.04019,20.5783,982.701,0.43451,84.9893
6,4,2.85516,0.754897,2.41521,5.04019,20.5783,982.701,0.43451,84.9893
7,4,2.85516,0.769557,2.41521,5.04019,20.5783,982.701,0.43451,84.9893
8,4,2.85516,0.780078,2.41521,5.04019,20.5783,982.701,0.43451,84.9893
9,4,2.85516,0.764537,2.41521,5.04019,20.5783,982.701,0.43451,84.9893
10,4,2.85516,0.728779,2.41521,5.04019,20.5783,982.701,0.43451,84.9893
1,5,2.85516,1.1703,2.41521,5.04019,20.5783,982.701,0.43451,84.9893
2,5,2.85516,1.20962,2.41521,5.04019,20.5783,982.701,0.43451,84.9893
3,5,2.85516,1.2286,2.41521,5.04019,20.5783,982.701,0.43451,84.9893
4,5,2.85516,1.176,2.41521,5.04019,20.5783,982.701,0.43451,84.9893
5,5,2.85516,1.18095,2.41521,5.04019,20.5783,982.701,0.43451,84.9893
6,5,2.85516,1.13538,2.41521,5.04019,20.5783,982.701,0.43451,84.9893
7,5,2.85516,1.17946,2.41521,5.04019,20.5783,982.701,0.43451,84.9893
8,5,2.85516,1.18879,2.41521,5.04019,20.5783,982.701,0.43451,84.9893
9,5,2.85516,1.18038,2.41521,5.04019,20.5783,982.701,0.43451,84.9893
10,5,2.85516,1.19749,2.41521,5.04019,20.5783,982.701,0.43451,84.9893
1,6,2.85516,1.06149,2.41521,5.04019,20.5783,982.701,0.43451,84.9893
2,6,2.85516,1.08357,2.41521,5.04019,20.5783,982.701,0.43451,84.9893
3,6,2.85516,1.01042,2.41521,5.04019,20.5783,982.701,0.43451,84.9893
4,6,2.85516,1.04215,2.41521,5.04019,20.5783,982.701,0.43451,84.9893
5,6,2.85516,1.01678,2.41521,5.04019,20.5783,982.701,0.43451,84.9893
6,6,2.85516,1.02534,2.41521,5.04019,20.5783,982.701,0.43451,84.9893
7,6,2.85516,1.09366,2.41521,5.04019,20.5783,982.701,0.43451,84.9893
8,6,2.85516,1.0756,2.41521,5.04019,20.5783,982.701,0.43451,84.9893
9,6,2.85516,1.04862,2.41521,5.04019,20.5783,982.701,0.43451,84.9893
10,6,2.85516,1.04834,2.41521,5.04019,20.5783,982.701,0.43451,84.9893
1,7,2.85516,0.741511,2.41521,5.04019,20.5783,982.701,0.43451,84.9893
2,7,2.85516,0.791777,2.41521,5.04019,20.5783,982.701,0.43451,84.9893
3,7,2.85516,0.737837,2.41521,5.04019,20.5783,982.701,0.43451,84.9893
4,7,2.85516,0.748935,2.41521,5.04019,20.5783,982.701,0.43451,84.9893
5,7,2.85516,0.755085,2.41521,5.04019,20.5783,982.701,0.43451,84.9893
6,7,2.85516,0.722103,2.41521,5.04019,20.5783,982.701,0.43451,84.9893
7,7,2.85516,0.781488,2.41521,5.04019,20.5783,982.701,0.43451,84.9893
8,7,2.85516,0.746958,2.41521,5.04019,20.5783,982.701,0.43451,84.9893
9,7,2.85516,0.75013,2.41521,5.04019,20.5783,982.701,0.43451,84.9893
10,7,2.85516,0.741663,2.41521,5.04019,20.5783,982.701,0.43451,84.9893
1,8,2.85516,1.1283,2.41521,5.04019,20.5783,982.701,0.43451,84.9893
2,8,2.85516,1.02281,2.41521,5.04019,20.5783,982.701,0.43451,84.9893
3,8,2.85516,1.01142,2.41521,5.04019,20.5783,982.701,0.43451,84.9893
4,8,2.85516,1.10824,2.41521,5.04019,20.5783,982.701,0.43451,84.9893
5,8,2.85516,1.10786,2.41521,5.04019,20.5783,982.701,0.43451,84.9893
6,8,2.85516,1.07663,2.41521,5.04019,20.5783,982.701,0.43451,84.9893
7,8,2.85516,1.08478,2.41521,5.04019,20.5783,982.701,0.43451,84.9893
8,8,2.85516,1.02253,2.41521,5.04019,20.5783,982.701,0.43451,84.9893
9,8,2.85516,1.02916,2.41521,5.04019,20.5783,982.701,0.43451,84.9893
10,8,2.85516,1.05765,2.41521,5.04019,20.5783,982.701,0.43451,84.9893
1,9,2.85516,0.875809,2.41521,5.04019,20.5783,982.701,0.43451,84.9893
2,9,2.85516,0.894197,2.41521,5.04019,20.5783,982.701,0.43451,84.9893
3,9,2.85516,0.89309,2.41521,5.04019,20.5783,982.701,0.43451,84.9893
4,9,2.85516,0.875512,2.41521,5.04019,20.5783,982.701,0.43451,84.9893
5,9,2.85516,0.853673,2.41521,5.04019,20.5783,982.701,0.43451,84.9893
6,9,2.85516,0.895694,2.41521,5.04019,20.5783,982.701,0.43451,84.9893
7,9,2.85516,0.926351,2.41521,5.04019,20.5783,982.701,0.43451,84.9893
8,9,2.85516,0.927588,2.41521,5.04019,20.5783,982.701,0.43451,84.9893
9,9,2.85516,0.97165,2.41521,5.04019,20.5783,982.701,0.43451,84.9893
10,9,2.85516,0.836767,2.41521,5.04019,20.5783,982.701,0.43451,84.9893
1,10,2.85516,0.966115,2.41521,5.04019,20.5783,982.701,0.43451,84.9893
2,10,2.85516,0.931515,2.41521,5.04019,20.5783,982.701,0.43451,84.9893
3,10,2.85516,0.94439,2.41521,5.04019,20.5783,982.701,0.43451,84.9893
4,10,2.85516,0.975901,2.41521,5.04019,20.5783,982.701,0.43451,84.9893
5,10,2.85516,0.978293,2.41521,5.04019,20.5783,982.701,0.43451,84.9893
6,10,2.85516,0.976969,2.41521,5.04019,20.5783,982.701,0.43451,84.9893
7,10,2.85516,0.997561,2.41521,5.04019,20.5783,982.701,0.43451,84.9893
8,10,2.85516,0.912753,2.41521,5.04019,20.5783,982.701,0.43451,84.9893
9,10,2.85516,0.968457,2.41521,5.04019,20.5783,982.701,0.43451,84.9893
10,10,2.85516,0.967164,2.41521,5.04019,20.5783,982.701,0.43451,84.9893
1,11,2.85516,1.34401,2.41521,5.04019,20.5783,982.701,0.43451,84.9893
2,11,2.85516,1.34455,2.41521,5.04019,20.5783,982.701,0.43451,84.9893
3,11,2.85516,1.37165,2.41521,5.04019,20.5783,982.701,0.43451,84.9893
4,11,2.85516,1.39727,2.41521,5.04019,20.5783,982.701,0.43451,84.9893
5,11,2.85516,1.38001,2.41521,5.04019,20.5783,982.701,0.43451,84.9893
6,11,2.85516,1.31173,2.41521,5.04019,20.5783,982.701,0.43451,84.9893
7,11,2.85516,1.3261,2.41521,5.04019,20.5783,982.701,0.43451,84.9893
8,11,2.85516,1.31745,2.41521,5.04019,20.5783,982.701,0.43451,84.9893
9,11,2.85516,1.30868,2.41521,5.04019,20.5783,982.701,0.43451,84.9893
10,11,2.85516,1.38685,2.41521,5.04019,20.5783,982.701,0.43451,84.9893
1,12,2.85516,0.622356,2.41521,5.04019,20.5783,982.701,0.43451,84.9893
2,12,2.85516,0.59155,2.41521,5.04019,20.5783,982.701,0.43451,84.9893
3,12,2.85516,0.567216,2.41521,5.04019,20.5783,982.701,0.43451,84.9893
4,12,2.85516,0.634737,2.41521,5.04019,20.5783,982.701,0.43451,84.9893
5,12,2.85516,0.619227,2.41521,5.04019,20.5783,982.701,0.43451,84.9893
6,12,2.85516,0.620854,2.41521,5.04019,20.5783,982.701,0.43451,84.9893
7,12,2.85516,0.60955,2.41521,5.04019,20.5783,982.701,0.43451,84.9893
8,12,2.85516,0.61142,2.41521,5.04019,20.5783,982.701,0.43451,84.9893
9,12,2.85516,0.633719,2.41521,5.04019,20.5783,982.701,0.43451,84.9893
10,12,2.85516,0.628658,2.41521,5.04019,20.5783,982.701,0.43451,84.9893
1,13,2.85516,0.600701,2.41521,5.04019,20.5783,982.701,0.43451,84.9893
2,13,2.85516,0.591451,2.41521,5.04019,20.5783,982.701,0.43451,84.9893
3,13,2.85516,0.614091,2.41521,5.04019,20.5783,982.701,0.43451,84.9893
4,13,2.85516,0.574364,2.41521,5.04019,20.5783,982.701,0.43451,84.9893
5,13,2.85516,0.590398,2.41521,5.04019,20.5783,982.701,0.43451,84.9893
6,13,2.85516,0.602886,2.41521,5.04019,20.5783,982.701,0.43451,84.9893
7,13,2.85516,0.598853,2.41521,5.04019,20.5783,982.701,0.43451,84.9893
8,13,2.85516,0.602279,2.41521,5.04019,20.5783,982.701,0.43451,84.9893
9,13,2.85516,0.580696,2.41521,5.04019,20.5783,982.701,0.43451,84.9893
10,13,2.85516,0.556014,2.41521,5.04019,20.5783,982.701,0.43451,84.9893
1,14,2.85516,0.679275,2.41521,5.04019,20.5783,982.701,0.43451,84.9893
2,14,2.85516,0.665443,2.41521,5.04019,20.5783,982.701,0.43451,84.9893
3,14,2.85516,0.632676,2.41521,5.04019,20.5783,982.701,0.43451,84.9893
4,14,2.85516,0.673689,2.41521,5.04019,20.5783,982.701,0.43451,84.9893
5,14,2.85516,0.639901,2.41521,5.04019,20.5783,982.701,0.43451,84.9893
6,14,2.85516,0.704206,2.41521,5.04019,20.5783,982.701,0.43451,84.9893
7,14,2.85516,0.696541,2.41521,5.04019,20.5783,982.701,0.43451,84.9893
8,14,2.85516,0.667319,2.41521,5.04019,20.5783,982.701,0.43451,84.9893
9,14,2.85516,0.705323,2.41521,5.04019,20.5783,982.701,0.43451,84.9893
10,14,2.85516,0.668472,2.41521,5.04019,20.5783,982.701,0.43451,84.9893
1,15,2.85516,0.672993,2.41521,5.04019,20.5783,982.701,0.43451,84.9893
2,15,2.85516,0.65845,2.41521,5.04019,20.5783,982.701,0.43451,84.9893
3,15,2.85516,0.664546,2.41521,5.04019,20.5783,982.701,0.43451,84.9893
4,15,2.85516,0.661949,2.41521,5.04019,20.5783,982.701,0.43451,84.9893
5,15,2.85516,0.647083,2.41521,5.04019,20.5783,982.701,0.43451,84.9893
6,15,2.85516,0.690213,2.41521,5.04019,20.5783,982.701,0.43451,84.9893
7,15,2.85516,0.72624,2.41521,5.04019,20.5783,982.701,0.43451,84.9893
8,15,2.85516,0.641921,2.41521,5.04019,20.5783,982.701,0.43451,84.9893
9,15,2.85516,0.700366,2.41521,5.04019,20.5783,982.701,0.43451,84.9893
10,15,2.85516,0.686049,2.41521,5.04019,20.5783,982.701,0.43451,84.9893
1,16,2.85516,0.615994,2.41521,5.04019,20.5783,982.701,0.43451,84.9893
2,16,2.85516,0.614037,2.41521,5.04019,20.5783,982.701,0.43451,84.9893
3,16,2.85516,0.651378,2.41521,5.04019,20.5783,982.701,0.43451,84.9893
4,16,2.85516,0.599129,2.41521,5.04019,20.5783,982.701,0.43451,84.9893
5,16,2.85516,0.627149,2.41521,5.04019,20.5783,982.701,0.43451,84.9893
6,16,2.85516,0.636495,2.41521,5.04019,20.5783,982.701,0.43451,84.9893
7,16,2.85516,0.642952,2.41521,5.04019,20.5783,982.701,0.43451,84.9893
8,16,2.85516,0.644441,2.41521,5.04019,20.5783,982.701,0.43451,84.9893
9,16,2.85516,0.63326,2.41521,5.04019,20.5783,982.701,0.43451,84.9893
10,16,2.85516,0.613973,2.41521,5.04019,20.5783,982.701,0.43451,84.9893
1,17,2.85516,0.51229,2.41521,5.04019,20.5783,982.701,0.43451,84.9893
2,17,2.85516,0.520632,2.41521,5.04019,20.5783,982.701,0.43451,84.9893
3,17,2.85516,0.496912,2.41521,5.04019,20.5783,982.701,0.43451,84.9893
4,17,2.85516,0.486472,2.41521,5.04019,20.5783,982.701,0.43451,84.9893
5,17,2.85516,0.504842,2.41521,5.04019,20.5783,982.701,0.43451,84.9893
6,17,2.85516,0.496094,2.41521,5.04019,20.5783,982.701,0.43451,84.9893
7,17,2.85516,0.512453,2.41521,5.04019,20.5783,982.701,0.43451,84.9893
8,17,2.85516,0.513844,2.41521,5.04019,20.5783,982.701,0.43451,84.9893
9,17,2.85516,0.505719,2.41521,5.04019,20.5783,982.701,0.43451,84.9893
10,17,2.85516,0.490201,2.41521,5.04019,20.5783,982.701,0.43451,84.9893
1,18,2.85516,0.699556,2.41521,5.04019,20.5783,982.701,0.43451,84.9893
2,18,2.85516,0.633539,2.41521,5.04019,20.5783,982.701,0.43451,84.9893
3,18,2.85516,0.642108,2.41521,5.04019,20.5783,982.701,0.43451,84.9893
4,18,2.85516,0.647699,2.41521,5.04019,20.5783,982.701,0.43451,84.9893
5,18,2.85516,0.648132,2.41521,5.04019,20.5783,982.701,0.43451,84.9893
6,18,2.85516,0.628919,2.41521,5.04019,20.5783,982.701,0.43451,84.9893
7,18,2.85516,0.646291,2.41521,5.04019,20.5783,982.701,0.43451,84.9893
8,18,2.85516,0.642477,2.41521,5.04019,20.5783,982.701,0.43451,84.9893
9,18,2.85516,0.696914,2.41521,5.04019,20.5783,982.701,0.43451,84.9893
10,18,2.85516,0.649671,2.41521,5.04019,20.5783,982.701,0.43451,84.9893
1,19,2.85516,0.93982,2.41521,5.04019,20.5783,982.701,0.43451,84.9893
2,19,2.85516,0.936667,2.41521,5.04019,20.5783,982.701,0.43451,84.9893
3,19,2.85516,1.00066,2.41521,5.04019,20.5783,982.701,0.43451,84.9893
4,19,2.85516,1.00341,2.41521,5.04019,20.5783,982.701,0.43451,84.9893
5,19,2.85516,1.00855,2.41521,5.04019,20.5783,982.701,0.43451,84.9893
6,19,2.85516,0.940606,2.41521,5.04019,20.5783,982.701,0.43451,84.9893
7,19,2.85516,0.93457,2.41521,5.04019,20.5783,982.701,0.43451,84.9893
8,19,2.85516,0.938491,2.41521,5.04019,20.5783,982.701,0.43451,84.9893
9,19,2.85516,1.00161,2.41521,5.04019,20.5783,982.701,0.43451,84.9893
10,19,2.85516,0.939287,2.41521,5.04019,20.5783,982.701,0.43451,84.9893
1,20,2.85516,0.485788,2.41521,5.04019,20.5783,982.701,0.43451,84.9893
2,20,2.85516,0.497426,2.41521,5.04019,20.5783,982.701,0.43451,84.9893
3,20,2.85516,0.500131,2.41521,5.04019,20.5783,982.701,0.43451,84.9893
4,20,2.85516,0.527521,2.41521,5.04019,20.5783,982.701,0.43451,84.9893
5,20,2.85516,0.518982,2.41521,5.04019,20.5783,982.701,0.43451,84.9893
6,20,2.85516,0.4745,2.41521,5.04019,20.5783,982.701,0.43451,84.9893
7,20,2.85516,0.498901,2.41521,5.04019,20.5783,982.701,0.43451,84.9893
8,20,2.85516,0.491107,2.41521,5.04019,20.5783,982.701,0.43451,84.9893
9,20,2.85516,0.493648,2.41521,5.04019,20.5783,982.701,0.43451,84.9893
10,20,2.85516,0.523524,2.41521,5.04019,20.5783,982.701,0.43451,84.9893
1,21,2.85516,0.754566,2.41521,5.04019,20.5783,982.701,0.43451,84.9893
2,21,2.85516,0.827125,2.41521,5.04019,20.5783,982.701,0.43451,84.9893
3,21,2.85516,0.768145,2.41521,5.04019,20.5783,982.701,0.43451,84.9893
4,21,2.85516,0.746356,2.41521,5.04019,20.5783,982.701,0.43451,84.9893
5,21,2.85516,0.797373,2.41521,5.04019,20.5783,982.701,0.43451,84.9893
6,21,2.85516,0.806683,2.41521,5.04019,20.5783,982.701,0.43451,84.9893
7,21,2.85516,0.840226,2.41521,5.04019,20.5783,982.701,0.43451,84.9893
8,21,2.85516,0.819999,2.41521,5.04019,20.5783,982.701,0.43451,84.9893
9,21,2.85516,0.79375,2.41521,5.04019,20.5783,982.701,0.43451,84.9893
10,21,2.85516,0.757242,2.41521,5.04019,20.5783,982.701,0.43451,84.9893
1,22,2.85516,0.494789,2.41521,5.04019,20.5783,982.701,0.43451,84.9893
2,22,2.85516,0.488644,2.41521,5.04019,20.5783,982.701,0.43451,84.9893
3,22,2.85516,0.482723,2.41521,5.04019,20.5783,982.701,0.43451,84.9893
4,22,2.85516,0.470504,2.41521,5.04019,20.5783,982.701,0.43451,84.9893
5,22,2.85516,0.474481,2.41521,5.04019,20.5783,982.701,0.43451,84.9893
6,22,2.85516,0.473009,2.41521,5.04019,20.5783,982.701,0.43451,84.9893
7,22,2.85516,0.454513,2.41521,5.04019,20.5783,982.701,0.43451,84.9893
8,22,2.85516,0.473009,2.41521,5.04019,20.5783,982.701,0.43451,84.9893
9,22,2.85516,0.458627,2.41521,5.04019,20.5783,982.701,0.43451,84.9893
10,22,2.85516,0.487345,2.41521,5.04019,20.5783,982.701,0.43451,84.9893
1,23,2.85516,1.2938,2.41521,5.04019,20.5783,982.701,0.43451,84.9893
2,23,2.85516,1.2861,2.41521,5.04019,20.5783,982.701,0.43451,84.9893
3,23,2.85516,1.21521,2.41521,5.04019,20.5783,982.701,0.43451,84.9893
4,23,2.85516,1.22801,2.41521,5.04019,20.5783,982.701,0.43451,84.9893
5,23,2.85516,1.19035,2.41521,5.04019,20.5783,982.701,0.43451,84.9893
6,23,2.85516,1.26902,2.41521,5.04019,20.5783,982.701,0.43451,84.9893
7,23,2.85516,1.23795,2.41521,5.04019,20.5783,982.701,0.43451,84.9893
8,23,2.85516,1.26159,2.41521,5.04019,20.5783,982.701,0.43451,84.9893
9,23,2.85516,1.23466,2.41521,5.04019,20.5783,982.701,0.43451,84.9893
10,23,2.85516,1.24796,2.41521,5.04019,20.5783,982.701,0.43451,84.9893
1,24,2.85516,0.797949,2.41521,5.04019,20.5783,982.701,0.43451,84.9893
2,24,2.85516,0.749598,2.41521,5.04019,20.5783,982.701,0.43451,84.9893
3,24,2.85516,0.78886,2.41521,5.04019,20.5783,982.701,0.43451,84.9893
4,24,2.85516,0.74659,2.41521,5.04019,20.5783,982.701,0.43451,84.9893
5,24,2.85516,0.789164,2.41521,5.04019,20.5783,982.701,0.43451,84.9893
6,24,2.85516,0.745821,2.41521,5.04019,20.5783,982.701,0.43451,84.9893
7,24,2.85516,0.796026,2.41521,5.04019,20.5783,982.701,0.43451,84.9893
8,24,2.85516,0.75365,2.41521,5.04019,20.5783,982.701,0.43451,84.9893
9,24,2.85516,0.801097,2.41521,5.04019,20.5783,982.701,0.43451,84.9893
10,24,2.85516,0.812769,2.41521,5.04019,20.5783,982.701,0.43451,84.9893
1,25,2.85516,0.675908,2.41521,5.04019,20.5783,982.701,0.43451,84.9893
2,25,2.85516,0.661558,2.41521,5.04019,20.5783,982.701,0.43451,84.9893
3,25,2.85516,0.643708,2.41521,5.04019,20.5783,982.701,0.43451,84.9893
4,25,2.85516,0.640056,2.41521,5.04019,20.5783,982.701,0.43451,84.9893
5,25,2.85516,0.669135,2.41521,5.04019,20.5783,982.701,0.43451,84.9893
6,25,2.85516,0.676237,2.41521,5.04019,20.5783,982.701,0.43451,84.9893
7,25,2.85516,0.66208,2.41521,5.04019,20.5783,982.701,0.43451,84.9893
8,25,2.85516,0.667324,2.41521,5.04019,20.5783,982.701,0.43451,84.9893
9,25,2.85516,0.649222,2.41521,5.04019,20.5783,982.701,0.43451,84.9893
10,25,2.85516,0.60567,2.41521,5.04019,20.5783,982.701,0.43451,84.9893
1,26,2.85516,0.550043,2.41521,5.04019,20.5783,982.701,0.43451,84.9893
2,26,2.85516,0.549827,2.41521,5.04019,20.5783,982.701,0.43451,84.9893
3,26,2.85516,0.541898,2.41521,5.04019,20.5783,982.701,0.43451,84.9893
4,26,2.85516,0.534887,2.41521,5.04019,20.5783,982.701,0.43451,84.9893
5,26,2.85516,0.55282,2.41521,5.04019,20.5783,982.701,0.43451,84.9893
6,26,2.85516,0.574743,2.41521,5.04019,20.5783,982.701,0.43451,84.9893
7,26,2.85516,0.573826,2.41521,5.04019,20.5783,982.701,0.43451,84.9893
8,26,2.85516,0.541909,2.41521,5.04019,20.5783,982.701,0.43451,84.9893
9,26,2.85516,0.578363,2.41521,5.04019,20.5783,982.701,0.43451,84.9893
10,26,2.85516,0.525549,2.41521,5.04019,20.5783,982.701,0.43451,84.9893
1,27,2.85516,0.623599,2.41521,5.04019,20.5783,982.701,0.43451,84.9893
2,27,2.85516,0.601183,2.41521,5.04019,20.5783,982.701,0.43451,84.9893
3,27,2.85516,0.615247,2.41521,5.04019,20.5783,982.701,0.43451,84.9893
4,27,2.85516,0.608751,2.41521,5.04019,20.5783,982.701,0.43451,84.9893
5,27,2.85516,0.595376,2.41521,5.04019,20.5783,982.701,0.43451,84.9893
6,27,2.85516,0.588176,2.41521,5.04019,20.5783,982.701,0.43451,84.9893
7,27,2.85516,0.586682,2.41521,5.04019,20.5783,982.701,0.43451,84.9893
8,27,2.85516,0.63016,2.41521,5.04019,20.5783,982.701,0.43451,84.9893
9,27,2.85516,0.585488,2.41521,5.04019,20.5783,982.701,0.43451,84.9893
10,27,2.85516,0.633343,2.41521,5.04019,20.5783,982.701,0.43451,84.9893
1,28,2.85516,1.04219,2.41521,5.04019,20.5783,982.701,0.43451,84.9893
2,28,2.85516,1.00641,2.41521,5.04019,20.5783,982.701,0.43451,84.9893
3,28,2.85516,0.929401,2.41521,5.04019,20.5783,982.701,0.43451,84.9893
4,28,2.85516,1.01467,2.41521,5.04019,20.5783,982.701,0.43451,84.9893
5,28,2.85516,1.01324,2.41521,5.04019,20.5783,982.701,0.43451,84.9893
6,28,2.85516,0.950818,2.41521,5.04019,20.5783,982.701,0.43451,84.9893
7,28,2.85516,0.957806,2.41521,5.04019,20.5783,982.701,0.43451,84.9893
8,28,2.85516,0.934088,2.41521,5.04019,20.5783,982.701,0.43451,84.9893
9,28,2.85516,1.03323,2.41521,5.04019,20.5783,982.701,0.43451,84.9893
10,28,2.85516,1.05328,2.41521,5.04019,20.5783,982.701,0.43451,84.9893
1,29,2.85516,0.643428,2.41521,5.04019,20.5783,982.701,0.43451,84.9893
2,29,2.85516,0.679388,2.41521,5.04019,20.5783,982.701,0.43451,84.9893
3,29,2.85516,0.672526,2.41521,5.04019,20.5783,982.701,0.43451,84.9893
4,29,2.85516,0.623494,2.41521,5.04019,20.5783,982.701,0.43451,84.9893
5,29,2.85516,0.650045,2.41521,5.04019,20.5783,982.701,0.43451,84.9893
6,29,2.85516,0.670042,2.41521,5.04019,20.5783,982.701,0.43451,84.9893
7,29,2.85516,0.637526,2.41521,5.04019,20.5783,982.701,0.43451,84.9893
8,29,2.85516,0.660239,2.41521,5.04019,20.5783,982.701,0.43451,84.9893
9,29,2.85516,0.662959,2.41521,5.04019,20.5783,982.701,0.43451,84.9893
10,29,2.85516,0.63172,2.41521,5.04019,20.5783,982.701,0.43451,84.9893
1,30,2.85516,1.15398,2.41521,5.04019,20.5783,982.701,0.43451,84.9893
2,30,2.85516,1.13729,2.41521,5.04019,20.5783,982.701,0.43451,84.9893
3,30,2.85516,1.10517,2.41521,5.04019,20.5783,982.701,0.43451,84.9893
4,30,2.85516,1.14144,2.41521,5.04019,20.5783,982.701,0.43451,84.9893
5,30,2.85516,1.11832,2.41521,5.04019,20.5783,982.701,0.43451,84.9893
6,30,2.85516,1.11795,2.41521,5.04019,20.5783,982.701,0.43451,84.9893
7,30,2.85516,1.16068,2.41521,5.04019,20.5783,982.701,0.43451,84.9893
8,30,2.85516,1.19335,2.41521,5.04019,20.5783,982.701,0.43451,84.9893
9,30,2.85516,1.14046,2.41521,5.04019,20.5783,982.701,0.43451,84.9893
10,30,2.85516,1.0649,2.41521,5.04019,20.5783,982.701,0.43451,84.9893
1,31,2.85516,0.793328,2.41521,5.04019,20.5783,982.701,0.43451,84.9893
2,31,2.85516,0.823924,2.41521,5.04019,20.5783,982.701,0.43451,84.9893
3,31,2.85516,0.868962,2.41521,5.04019,20.5783,982.701,0.43451,84.9893
4,31,2.85516,0.825769,2.41521,5.04019,20.5783,982.701,0.43451,84.9893
5,31,2.85516,0.812517,2.41521,5.04019,20.5783,982.701,0.43451,84.9893
6,31,2.85516,0.842445,2.41521,5.04019,20.5783,982.701,0.43451,84.9893
7,31,2.85516,0.830527,2.41521,5.04019,20.5783,982.701,0.43451,84.9893
8,31,2.85516,0.799262,2.41521,5.04019,20.5783,982.701,0.43451,84.9893
9,31,2.85516,0.848474,2.41521,5.04019,20.5783,982.701,0.43451,84.9893
10,31,2.85516,0.847362,2.41521,5.04019,20.5783,982.701,0.43451,84.9893
1,32,2.85516,0.359758,2.41521,5.04019,20.5783,982.701,0.43451,84.9893
2,32,2.85516,0.342496,2.41521,5.04019,20.5783,982.701,0.43451,84.9893
3,32,2.85516,0.348162,2.41521,5.04019,20.5783,982.701,0.43451,84.9893
4,32,2.85516,0.336772,2.41521,5.04019,20.5783,982.701,0.43451,84.9893
5,32,2.85516,0.318804,2.41521,5.04019,20.5783,982.701,0.43451,84.9893
6,32,2.85516,0.329403,2.41521,5.04019,20.5783,982.701,0.43451,84.9893
7,32,2.85516,0.336615,2.41521,5.04019,20.5783,982.701,0.43451,84.9893
8,32,2.85516,0.34688,2.41521,5.04019,20.5783,982.701,0.43451,84.9893
9,32,2.85516,0.325429,2.41521,5.04019,20.5783,982.701,0.43451,84.9893
10,32,2.85516,0.328864,2.41521,5.04019,20.5783,982.701,0.43451,84.9893
1,33,2.85516,0.812618,2.41521,5.04019,20.5783,982.701,0.43451,84.9893
2,33,2.85516,0.788469,2.41521,5.04019,20.5783,982.701,0.43451,84.9893
3,33,2.85516,0.786692,2.41521,5.04019,20.5783,982.701,0.43451,84.9893
4,33,2.85516,0.845751,2.41521,5.04019,20.5783,982.701,0.43451,84.9893
5,33,2.85516,0.775949,2.41521,5.04019,20.5783,982.701,0.43451,84.9893
6,33,2.85516,0.798376,2.41521,5.04019,20.5783,982.701,0.43451,84.9893
7,33,2.85516,0.775025,2.41521,5.04019,20.5783,982.701,0.43451,84.9893
8,33,2.85516,0.877929,2.41521,5.04019,20.5783,982.701,0.43451,84.9893
9,33,2.85516,0.777344,2.41521,5.04019,20.5783,982.701,0.43451,84.9893
10,33,2.85516,0.833006,2.41521,5.04019,20.5783,982.701,0.43451,84.9893
1,34,2.85516,0.940465,2.41521,5.04019,20.5783,982.701,0.43451,84.9893
2,34,2.85516,0.945306,2.41521,5.04019,20.5783,982.701,0.43451,84.9893
3,34,2.85516,0.937396,2.41521,5.04019,20.5783,982.701,0.43451,84.9893
4,34,2.85516,0.970715,2.41521,5.04019,20.5783,982.701,0.43451,84.9893
5,34,2.85516,0.988519,2.41521,5.04019,20.5783,982.701,0.43451,84.9893
6,34,2.85516,0.920521,2.41521,5.04019,20.5783,982.701,0.43451,84.9893
7,34,2.85516,0.904421,2.41521,5.04019,20.5783,982.701,0.43451,84.9893
8,34,2.85516,1.0517,2.41521,5.04019,20.5783,982.701,0.43451,84.9893
9,34,2.85516,0.964219,2.41521,5.04019,20.5783,982.701,0.43451,84.9893
10,34,2.85516,0.950606,2.41521,5.04019,20.5783,982.701,0.43451,84.9893
1,35,2.85516,0.50812,2.41521,5.04019,20.5783,982.701,0.43451,84.9893
2,35,2.85516,0.490978,2.41521,5.04019,20.5783,982.701,0.43451,84.9893
3,35,2.85516,0.485003,2.41521,5.04019,20.5783,982.701,0.43451,84.9893
4,35,2.85516,0.488916,2.41521,5.04019,20.5783,982.701,0.43451,84.9893
5,35,2.85516,0.503662,2.41521,5.04019,20.5783,982.701,0.43451,84.9893
6,35,2.85516,0.514587,2.41521,5.04019,20.5783,982.701,0.43451,84.9893
7,35,2.85516,0.50096,2.41521,5.04019,20.5783,982.701,0.43451,84.9893
8,35,2.85516,0.498872,2.41521,5.04019,20.5783,982.701,0.43451,84.9893
9,35,2.85516,0.537392,2.41521,5.04019,20.5783,982.701,0.43451,84.9893
10,35,2.85516,0.507888,2.41521,5.04019,20.5783,982.701,0.43451,84.9893
1,36,2.85516,0.439738,2.41521,5.04019,20.5783,982.701,0.43451,84.9893
2,36,2.85516,0.452128,2.41521,5.04019,20.5783,982.701,0.43451,84.9893
3,36,2.85516,0.458086,2.41521,5.04019,20.5783,982.701,0.43451,84.9893
4,36,2.85516,0.452098,2.41521,5.04019,20.5783,982.701,0.43451,84.9893
5,36,2.85516,0.454076,2.41521,5.04019,20.5783,982.701,0.43451,84.9893
6,36,2.85516,0.463675,2.41521,5.04019,20.5783,982.701,0.43451,84.9893
7,36,2.85516,0.441104,2.41521,5.04019,20.5783,982.701,0.43451,84.9893
8,36,2.85516,0.451563,2.41521,5.04019,20.5783,982.701,0.43451,84.9893
9,36,2.85516,0.437673,2.41521,5.04019,20.5783,982.701,0.43451,84.9893
10,36,2.85516,0.442413,2.41521,5.04019,20.5783,982.701,0.43451,84.9893
1,37,2.85516,0.590016,2.41521,5.04019,20.5783,982.701,0.43451,84.9893
2,37,2.85516,0.553587,2.41521,5.04019,20.5783,982.701,0.43451,84.9893
3,37,2.85516,0.590016,2.41521,5.04019,20.5783,982.701,0.43451,84.9893
4,37,2.85516,0.59752,2.41521,5.04019,20.5783,982.701,0.43451,84.9893
5,37,2.85516,0.580344,2.41521,5.04019,20.5783,982.701,0.43451,84.9893
6,37,2.85516,0.591549,2.41521,5.04019,20.5783,982.701,0.43451,84.9893
7,37,2.85516,0.583591,2.41521,5.04019,20.5783,982.701,0.43451,84.9893
8,37,2.85516,0.593835,2.41521,5.04019,20.5783,982.701,0.43451,84.9893
9,37,2.85516,0.579714,2.41521,5.04019,20.5783,982.701,0.43451,84.9893
10,37,2.85516,0.591992,2.41521,5.04019,20.5783,982.701,0.43451,84.9893
1,38,2.85516,0.512916,2.41521,5.04019,20.5783,982.701,0.43451,84.9893
2,38,2.85516,0.522392,2.41521,5.04019,20.5783,982.701,0.43451,84.9893
3,38,2.85516,0.571618,2.41521,5.04019,20.5783,982.701,0.43451,84.9893
4,38,2.85516,0.559825,2.41521,5.04019,20.5783,982.701,0.43451,84.9893
5,38,2.85516,0.535847,2.41521,5.04019,20.5783,982.701,0.43451,84.9893
6,38,2.85516,0.55278,2.41521,5.04019,20.5783,982.701,0.43451,84.9893
7,38,2.85516,0.514747,2.41521,5.04019,20.5783,982.701,0.43451,84.9893
8,38,2.85516,0.556691,2.41521,5.04019,20.5783,982.701,0.43451,84.9893
9,38,2.85516,0.517642,2.41521,5.04019,20.5783,982.701,0.43451,84.9893
10,38,2.85516,0.544302,2.41521,5.04019,20.5783,982.701,0.43451,84.9893
1,39,2.85516,0.601207,2.41521,5.04019,20.5783,982.701,0.43451,84.9893
2,39,2.85516,0.603885,2.41521,5.04019,20.5783,982.701,0.43451,84.9893
3,39,2.85516,0.590814,2.41521,5.04019,20.5783,982.701,0.43451,84.9893
4,39,2.85516,0.616407,2.41521,5.04019,20.5783,982.701,0.43451,84.9893
5,39,2.85516,0.618855,2.41521,5.04019,20.5783,982.701,0.43451,84.9893
6,39,2.85516,0.595761,2.41521,5.04019,20.5783,982.701,0.43451,84.9893
7,39,2.85516,0.605362,2.41521,5.04019,20.5783,982.701,0.43451,84.9893
8,39,2.85516,0.616096,2.41521,5.04019,20.5783,982.701,0.43451,84.9893
9,39,2.85516,0.59691,2.41521,5.04019,20.5783,982.701,0.43451,84.9893
10,39,2.85516,0.560561,2.41521,5.04019,20.5783,982.701,0.43451,84.9893
1,40,2.85516,1.08028,2.41521,5.04019,20.5783,982.701,0.43451,84.9893
2,40,2.85516,1.11665,2.41521,5.04019,20.5783,982.701,0.43451,84.9893
3,40,2.85516,1.18455,2.41521,5.04019,20.5783,982.701,0.43451,84.9893
4,40,2.85516,1.10134,2.41521,5.04019,20.5783,982.701,0.43451,84.9893
5,40,2.85516,1.1371,2.41521,5.04019,20.5783,982.701,0.43451,84.9893
6,40,2.85516,1.07924,2.41521,5.04019,20.5783,982.701,0.43451,84.9893
7,40,2.85516,1.14245,2.41521,5.04019,20.5783,982.701,0.43451,84.9893
8,40,2.85516,1.09228,2.41521,5.04019,20.5783,982.701,0.43451,84.9893
9,40,2.85516,1.04638,2.41521,5.04019,20.5783,982.701,0.43451,84.9893
10,40,2.85516,1.16759,2.41521,5.04019,20.5783,982.701,0.43451,84.9893
1,41,2.85516,0.748011,2.41521,5.04019,20.5783,982.701,0.43451,84.9893
2,41,2.85516,0.706006,2.41521,5.04019,20.5783,982.701,0.43451,84.9893
3,41,2.85516,0.748011,2.41521,5.04019,20.5783,982.701,0.43451,84.9893
4,41,2.85516,0.756234,2.41521,5.04019,20.5783,982.701,0.43451,84.9893
5,41,2.85516,0.747928,2.41521,5.04019,20.5783,982.701,0.43451,84.9893
6,41,2.85516,0.80195,2.41521,5.04019,20.5783,982.701,0.43451,84.9893
7,41,2.85516,0.754736,2.41521,5.04019,20.5783,982.701,0.43451,84.9893
8,41,2.85516,0.747924,2.41521,5.04019,20.5783,982.701,0.43451,84.9893
9,41,2.85516,0.754736,2.41521,5.04019,20.5783,982.701,0.43451,84.9893
10,41,2.85516,0.805406,2.41521,5.04019,20.5783,982.701,0.43451,84.9893
1,42,2.85516,0.786697,2.41521,5.04019,20.5783,982.701,0.43451,84.9893
2,42,2.85516,0.775094,2.41521,5.04019,20.5783,982.701,0.43451,84.9893
3,42,2.85516,0.779273,2.41521,5.04019,20.5783,982.701,0.43451,84.9893
4,42,2.85516,0.775094,2.41521,5.04019,20.5783,982.701,0.43451,84.9893
5,42,2.85516,0.773311,2.41521,5.04019,20.5783,982.701,0.43451,84.9893
6,42,2.85516,0.775094,2.41521,5.04019,20.5783,982.701,0.43451,84.9893
7,42,2.85516,0.786478,2.41521,5.04019,20.5783,982.701,0.43451,84.9893
8,42,2.85516,0.789126,2.41521,5.04019,20.5783,982.701,0.43451,84.9893
9,42,2.85516,0.800245,2.41521,5.04019,20.5783,982.701,0.43451,84.9893
10,42,2.85516,0.789126,2.41521,5.04019,20.5783,982.701,0.43451,84.9893
1,43,2.85516,0.630402,2.41521,5.04019,20.5783,982.701,0.43451,84.9893
2,43,2.85516,0.573123,2.41521,5.04019,20.5783,982.701,0.43451,84.9893
3,43,2.85516,0.584576,2.41521,5.04019,20.5783,982.701,0.43451,84.9893
4,43,2.85516,0.565263,2.41521,5.04019,20.5783,982.701,0.43451,84.9893
5,43,2.85516,0.592949,2.41521,5.04019,20.5783,982.701,0.43451,84.9893
6,43,2.85516,0.593244,2.41521,5.04019,20.5783,982.701,0.43451,84.9893
7,43,2.85516,0.586222,2.41521,5.04019,20.5783,982.701,0.43451,84.9893
8,43,2.85516,0.587694,2.41521,5.04019,20.5783,982.701,0.43451,84.9893
9,43,2.85516,0.559967,2.41521,5.04019,20.5783,982.701,0.43451,84.9893
10,43,2.85516,0.589987,2.41521,5.04019,20.5783,982.701,0.43451,84.9893
1,44,2.85516,0.759644,2.41521,5.04019,20.5783,982.701,0.43451,84.9893
2,44,2.85516,0.776092,2.41521,5.04019,20.5783,982.701,0.43451,84.9893
3,44,2.85516,0.79792,2.41521,5.04019,20.5783,982.701,0.43451,84.9893
4,44,2.85516,0.762056,2.41521,5.04019,20.5783,982.701,0.43451,84.9893
5,44,2.85516,0.798406,2.41521,5.04019,20.5783,982.701,0.43451,84.9893
6,44,2.85516,0.777731,2.41521,5.04019,20.5783,982.701,0.43451,84.9893
7,44,2.85516,0.795691,2.41521,5.04019,20.5783,982.701,0.43451,84.9893
8,44,2.85516,0.778865,2.41521,5.04019,20.5783,982.701,0.43451,84.9893
9,44,2.85516,0.800196,2.41521,5.04019,20.5783,982.701,0.43451,84.9893
10,44,2.85516,0.794538,2.41521,5.04019,20.5783,982.701,0.43451,84.9893
1,45,2.85516,0.476715,2.41521,5.04019,20.5783,982.701,0.43451,84.9893
2,45,2.85516,0.513362,2.41521,5.04019,20.5783,982.701,0.43451,84.9893
3,45,2.85516,0.511745,2.41521,5.04019,20.5783,982.701,0.43451,84.9893
4,45,2.85516,0.490859,2.41521,5.04019,20.5783,982.701,0.43451,84.9893
5,45,2.85516,0.528024,2.41521,5.04019,20.5783,982.701,0.43451,84.9893
6,45,2.85516,0.488395,2.41521,5.04019,20.5783,982.701,0.43451,84.9893
7,45,2.85516,0.519594,2.41521,5.04019,20.5783,982.701,0.43451,84.9893
8,45,2.85516,0.524068,2.41521,5.04019,20.5783,982.701,0.43451,84.9893
9,45,2.85516,0.496051,2.41521,5.04019,20.5783,982.701,0.43451,84.9893
10,45,2.85516,0.517958,2.41521,5.04019,20.5783,982.701,0.43451,84.9893
