id,Cl_SAEM,V1_SAEM,Q_SAEM,V2_SAEM,S_SAEM,R0_SAEM,gamma_SAEM,MTT_SAEM,Cl_mean,V1_mean,Q_mean,V2_mean,S_mean,R0_mean,gamma_mean,MTT_mean,Cl_mode,V1_mode,Q_mode,V2_mode,S_mode,R0_mode,gamma_mode,MTT_mode,Cl_sd,V1_sd,Q_sd,V2_sd,S_sd,R0_sd,gamma_sd,MTT_sd
1,2.81421,0.39537,2.32917,4.91092,20.139,982.964,0.43568,85.0246,2.81442,0.392594,2.33247,4.91079,20.1442,983.364,0.436658,85.0263,2.81513,0.389389,2.32851,4.91079,20.0975,983.018,0.435319,85.0228,0.0108015,0.0146021,0.0134802,0,0.195188,1.40658,0.00289823,0.0868458
2,2.81538,0.523668,2.33161,4.91092,20.1244,982.992,0.434017,85.0364,2.81571,0.521766,2.33398,4.91079,20.0759,983.088,0.434305,85.0366,2.81492,0.521179,2.33169,4.91079,20.0828,983.03,0.434083,85.0334,0.00984132,0.0265924,0.0144687,0,0.193889,1.41478,0.00340416,0.0942488
3,2.82071,0.951026,2.32317,4.91092,20.1228,982.675,0.434067,85.0327,2.82052,0.953393,2.32458,4.91079,20.1144,982.675,0.434412,85.022,2.8208,0.9504,2.32581,4.91079,20.1123,982.742,0.434314,85.0293,0.0109926,0.0334003,0.0148082,0,0.216101,1.57668,0.00294654,0.0678987
4,2.81807,0.70141,2.32714,4.91092,20.1246,983.594,0.435697,85.0235,2.81578,0.698462,2.33157,4.91079,20.1329,983.123,0.435846,85.027,2.81811,0.701724,2.32932,4.91079,20.1141,983.353,0.435605,85.022,0.011609,0.0268696,0.0117365,0,0.210964,1.5722,0.00331456,0.0842417
5,2.81493,1.14946,2.33383,4.91092,20.2419,983.619,0.436479,85.0236,2.81272,1.14553,2.33131,4.91079,20.175,983.676,0.436482,85.0156,2.81329,1.14478,2.33277,4.91079,20.2123,983.641,0.436207,85.0221,0.011175,0.0358644,0.0138473,0,0.182598,1.56484,0.00332447,0.0899219
6,2.81762,1.01501,2.33188,4.91092,20.0748,982.352,0.434621,85.031,2.81893,1.02084,2.33327,4.91079,20.0291,982.322,0.434063,85.0124,2.81778,1.01527,2.33279,4.91079,20.0639,982.43,0.434293,85.0221,0.0114629,0.0387372,0.0148777,0,0.21095,1.3383,0.0034923,0.0809846
7,2.82224,0.727852,2.32338,4.91092,20.0908,982.912,0.435197,85.0415,2.82337,0.72915,2.32449,4.91079,20.066,983.081,0.434547,85.0386,2.8239,0.728972,2.32449,4.91079,20.0748,982.947,0.434965,85.0262,0.0109821,0.0250839,0.0142647,0,0.238002,1.45288,0.0040689,0.0858639
8,2.82556,1.0234,2.32987,4.91092,20.0663,982.677,0.434881,85.0426,2.82765,1.02704,2.32901,4.91079,20.0228,982.932,0.434491,85.0394,2.82414,1.01952,2.32962,4.91079,20.0403,982.785,0.434841,85.0277,0.0118235,0.0392262,0.0141487,0,0.223155,1.5836,0.00301565,0.0840171
9,2.81885,0.878885,2.32428,4.91092,20.1207,982.813,0.435795,85.0359,2.81894,0.878429,2.32633,4.91079,20.1203,982.816,0.436166,85.0306,2.81971,0.879685,2.3264,4.91079,20.1045,982.781,0.435762,85.0283,0.0113578,0.0306953,0.0138593,0,0.210439,1.52286,0.00303025,0.0907533
10,2.81661,0.920807,2.33361,4.91092,20.0338,983.279,0.434775,85.0254,2.81713,0.916589,2.33415,4.91079,20.0307,983.431,0.434454,85.0265,2.8164,0.918798,2.33337,4.91079,20.0101,983.438,0.434797,85.0297,0.0109648,0.0331483,0.0134742,0,0.22393,1.35686,0.00261326,0.0808753
11,2.81868,1.31894,2.33177,4.91092,20.086,982.655,0.436987,85.0149,2.81837,1.30727,2.33206,4.91079,20.1456,982.598,0.436971,85.022,2.8174,1.30851,2.33217,4.91079,20.1076,982.652,0.436339,85.0171,0.0117485,0.04463,0.0135218,0,0.222165,1.45615,0.00276067,0.0828605
12,2.81264,0.573105,2.33166,4.91092,20.1594,983.436,0.436426,85.0297,2.81385,0.575818,2.33513,4.91079,20.1432,983.35,0.435865,85.015,2.813,0.573416,2.33148,4.91079,20.1561,983.474,0.435889,85.0245,0.0109044,0.0191407,0.0128564,0,0.220347,1.28394,0.0030249,0.0804772
13,2.81847,0.575067,2.32627,4.91092,20.0966,983.123,0.435513,85.0239,2.81938,0.576305,2.32632,4.91079,20.0436,983.076,0.436057,85.0181,2.81959,0.572383,2.32522,4.91079,20.0769,983.051,0.435676,85.0242,0.011549,0.0184547,0.0123739,0,0.22645,1.57254,0.00329264,0.087437
14,2.81538,0.636093,2.33228,4.91092,20.0913,983.171,0.436564,85.0161,2.81471,0.637691,2.33098,4.91079,20.1432,983.062,0.435587,85.011,2.8161,0.636889,2.33112,4.91079,20.1137,983.072,0.436232,85.0151,0.0130297,0.0223229,0.0129395,0,0.209629,1.41088,0.00320225,0.08631
15,2.81493,0.644018,2.32829,4.91092,20.0164,983.1,0.435915,85.0105,2.8155,0.647456,2.33033,4.91079,20.0755,982.961,0.436209,84.9941,2.81579,0.643229,2.33088,4.91079,20.0299,983.07,0.436327,85.0132,0.012553,0.0221939,0.0132672,0,0.203759,1.53016,0.00318074,0.0828534
16,2.81849,0.612819,2.32568,4.91092,19.9998,982.708,0.436014,85.0275,2.81937,0.612182,2.32729,4.91079,20.059,983.177,0.43573,85.0224,2.82018,0.600141,2.32714,4.91079,20.0456,983.181,0.437084,85.0316,0.0102753,0.0178906,0.0149732,0,0.195562,1.54459,0.00274065,0.0901606
17,2.81262,0.493212,2.33678,4.91092,20.0397,982.686,0.437507,85.0232,2.8138,0.496758,2.33481,4.91079,20.0739,982.85,0.436611,85.0074,2.8157,0.487912,2.33255,4.91079,20.0735,982.83,0.435669,85.0266,0.0113039,0.0178189,0.0129708,0,0.22577,1.57094,0.00291531,0.0925865
18,2.81095,0.628628,2.33347,4.91092,20.1426,982.595,0.434626,85.0193,2.8113,0.627986,2.33133,4.91079,20.1212,982.664,0.43502,85.0316,2.81322,0.630153,2.33478,4.91079,20.106,982.601,0.434883,85.0257,0.0118865,0.0168557,0.0138757,0,0.155211,1.49127,0.00282752,0.0796564
19,2.82512,0.961767,2.32982,4.91092,19.9638,983.014,0.433826,85.0637,2.825,0.959507,2.33081,4.91079,20.0285,982.895,0.432681,85.0511,2.82272,0.94638,2.33023,4.91079,20.0069,982.991,0.433085,85.0408,0.0106923,0.0350557,0.0155244,0,0.190408,1.4127,0.00308004,0.0764191
20,2.81432,0.491851,2.32938,4.91092,20.065,982.85,0.437033,85.0301,2.81296,0.48872,2.32922,4.91079,20.0507,982.916,0.43656,85.034,2.81332,0.479223,2.3293,4.91079,20.0606,983,0.43626,85.0313,0.0119054,0.0170659,0.0126477,0,0.185281,1.39609,0.00347379,0.0855925
21,2.82544,0.77191,2.32892,4.91092,20.0793,983.462,0.434906,85.0355,2.82239,0.771759,2.32498,4.91079,20.0965,983.182,0.43526,85.0137,2.82276,0.763872,2.32665,4.91079,20.1088,983.298,0.43496,85.0189,0.0117574,0.0243579,0.0127207,0,0.190934,1.25877,0.00284926,0.0874162
22,2.81386,0.462342,2.33169,4.91092,20.0739,983.163,0.437495,85.0157,2.81484,0.462068,2.33347,4.91079,20.1035,983.212,0.436915,85.0103,2.81488,0.46158,2.33366,4.91079,20.0052,983.052,0.436355,85.0171,0.00999701,0.0187615,0.0152158,0,0.219674,1.268,0.00321071,0.0788999
23,2.81999,1.22819,2.33079,4.91092,19.987,982.772,0.437653,85.0143,2.82008,1.21916,2.32908,4.91079,19.9924,982.994,0.437339,84.9958,2.82003,1.22176,2.33033,4.91079,20,982.772,0.437004,85.0084,0.0120177,0.046953,0.0137726,0,0.186405,1.65279,0.00257979,0.0892721
24,2.81828,0.749615,2.32423,4.91092,20.0588,982.828,0.437593,85.0102,2.81829,0.748658,2.32656,4.91079,20.0949,983.1,0.43749,84.992,2.82006,0.760043,2.32624,4.91079,20.001,983.187,0.4376,85.0115,0.0109764,0.0230592,0.0115405,0,0.199339,1.49368,0.00292915,0.0746521
25,2.82491,0.64118,2.32126,4.91092,20.1653,983.058,0.438012,85.0107,2.82566,0.642362,2.326,4.91079,20.1432,983.049,0.437456,85.0113,2.82394,0.638528,2.32278,4.91079,20.1574,983.172,0.437949,85.0068,0.0117344,0.0231902,0.0131016,0,0.205379,1.47484,0.00356268,0.0943679
26,2.81391,0.534314,2.32449,4.91092,20.0577,983.407,0.433771,85.0414,2.81618,0.535434,2.32457,4.91079,20.0508,983.259,0.432734,85.0239,2.81457,0.538246,2.32601,4.91079,20.1082,983.42,0.433204,84.9903,0.0108032,0.0178709,0.0113576,0,0.196685,1.5068,0.00289564,0.0876613
27,2.82102,0.594921,2.32218,4.91092,20.0737,982.764,0.435357,85.0261,2.82015,0.593251,2.32513,4.91079,20.0723,982.946,0.435181,85.0206,2.82158,0.601063,2.3262,4.91079,20.0022,982.967,0.435757,85.0197,0.0109241,0.0187959,0.0146653,0,0.208002,1.33207,0.00292232,0.0939511
28,2.82952,0.945679,2.31453,4.91092,20.1008,983.451,0.433034,85.0445,2.83065,0.95376,2.31677,4.91079,20.1028,983.491,0.433748,85.0371,2.83004,0.951869,2.31895,4.91079,20.0291,983.256,0.433436,85.0652,0.0101152,0.0347478,0.014038,0,0.209616,1.30571,0.00303916,0.103476
29,2.82289,0.62646,2.32569,4.91092,20.0966,983.066,0.43851,85.0069,2.82262,0.629923,2.32498,4.91079,20.0998,982.963,0.437828,85.0042,2.82444,0.628046,2.3265,4.91079,20.0152,983.055,0.43817,85.0035,0.0113933,0.0232536,0.0136642,0,0.17236,1.46698,0.00305965,0.0779583
30,2.82749,1.10248,2.32357,4.91092,20.0394,984.062,0.434858,85.0385,2.82584,1.10553,2.32324,4.91079,20.0322,984.117,0.434723,85.0534,2.8272,1.0992,2.32528,4.91079,20.041,983.971,0.434733,85.0411,0.0116793,0.0390575,0.0129565,0,0.177822,1.21675,0.00285948,0.0807698
31,2.81863,0.80079,2.32226,4.91092,20.0575,984.035,0.437292,84.9962,2.8192,0.805704,2.32679,4.91079,20.0699,983.464,0.437025,84.9844,2.81893,0.797166,2.32522,4.91079,20.0367,983.426,0.437015,84.9869,0.0107774,0.0242225,0.0133773,0,0.1951,1.55599,0.00284627,0.0805106
32,2.81469,0.323811,2.32736,4.91092,20.1025,983.259,0.434928,85.0416,2.81746,0.323356,2.32698,4.91079,20.0877,982.997,0.434671,85.0224,2.81718,0.322303,2.32777,4.91079,20.0889,982.957,0.434689,85.0272,0.0116862,0.0125729,0.0148527,0,0.190256,1.5545,0.00266689,0.0840554
33,2.81538,0.774914,2.32477,4.91092,20.0471,983.017,0.437643,85.0061,2.81508,0.77377,2.32829,4.91079,20.0018,983.048,0.437665,84.9897,2.81348,0.767528,2.32761,4.91079,20.0598,983.109,0.437273,85.0097,0.010001,0.0270075,0.0140681,0,0.186199,1.36359,0.00266443,0.077713
34,2.82066,0.938778,2.32273,4.91092,20.2663,982.639,0.437148,85.0099,2.81936,0.931261,2.32565,4.91079,20.267,982.594,0.436619,85.0114,2.82049,0.933076,2.32534,4.91079,20.2632,982.713,0.43609,85.0109,0.0106019,0.0293622,0.012413,0,0.184,1.33239,0.00274138,0.0876274
35,2.81835,0.48628,2.32723,4.91092,20.1054,982.978,0.434378,85.0359,2.82017,0.490069,2.3284,4.91079,20.0796,983.084,0.434116,85.017,2.81883,0.490446,2.32815,4.91079,20.0698,983.168,0.435158,85.0274,0.0116078,0.0148416,0.0122774,0,0.207723,1.40219,0.00245311,0.0793877
36,2.81627,0.418995,2.33372,4.91092,20.0315,981.82,0.433124,85.0478,2.81539,0.414037,2.33389,4.91079,20.0618,982.155,0.43308,85.0384,2.81456,0.408921,2.33275,4.91079,20.1153,982.123,0.434256,85.0398,0.0124984,0.0137525,0.016329,0,0.164778,1.68135,0.00258016,0.0727117
37,2.81621,0.564847,2.32722,4.91092,20.1317,982.739,0.437382,85.0243,2.81897,0.562126,2.32867,4.91079,20.1484,982.541,0.437864,85.0203,2.81758,0.563977,2.32806,4.91079,20.1044,982.681,0.437591,85.0201,0.00985911,0.0201058,0.0111334,0,0.196249,1.3791,0.00257797,0.0867445
38,2.81026,0.511504,2.33881,4.91092,20.0895,982.298,0.436771,84.9895,2.81221,0.512311,2.3377,4.91079,20.1111,982.361,0.437751,85.0061,2.80488,0.500638,2.32783,4.91079,20.1936,982.577,0.436997,84.9895,0.0115997,0.0247721,0.0133431,0,0.191918,1.35121,0.00276202,0.101322
39,2.82995,0.585802,2.32247,4.91092,20.1,982.931,0.434637,85.0349,2.82864,0.586621,2.3227,4.91079,20.1054,982.914,0.434386,85.0442,2.82878,0.584363,2.32197,4.91079,20.0704,983.033,0.434767,85.0255,0.0115471,0.0232942,0.0137357,0,0.174467,1.47929,0.00290471,0.0965728
40,2.81221,1.08663,2.32772,4.91092,20.0734,982.952,0.435785,85.0196,2.8142,1.08257,2.32919,4.91079,20.0736,982.815,0.435207,85.0246,2.81424,1.08376,2.33071,4.91079,19.8973,982.961,0.434861,85.034,0.011645,0.0410356,0.0158225,0,0.222925,1.59566,0.00271316,0.102717
41,2.80936,0.745041,2.32947,4.91092,20.1933,983.377,0.43735,85.0357,2.81097,0.749437,2.33088,4.91079,20.2374,983.086,0.437794,85.028,2.8104,0.741055,2.33057,4.91079,20.1603,983.196,0.437078,85.0172,0.0102627,0.0270968,0.0125057,0,0.187861,1.55622,0.00276183,0.0752165
42,2.81455,0.768113,2.32919,4.91092,20.0045,983.429,0.434185,85.0408,2.8161,0.765954,2.32761,4.91079,19.9997,983.26,0.433259,85.0142,2.81369,0.756913,2.33104,4.91079,20.0661,983.224,0.434112,85.0317,0.0108912,0.0254666,0.0146437,0,0.195422,1.31818,0.00264533,0.092412
43,2.81373,0.559587,2.335,4.91092,20.1029,982.562,0.436599,85.0042,2.81452,0.556486,2.33179,4.91079,20.0806,982.777,0.436827,85.0109,2.81319,0.559292,2.33331,4.91079,20.0959,982.82,0.436397,85.0178,0.0104976,0.0187752,0.0143628,0,0.174736,1.74442,0.00272631,0.0941415
44,2.81855,0.784343,2.33503,4.91092,19.9981,983.368,0.431683,85.0492,2.81779,0.777896,2.33448,4.91079,20.0344,983.695,0.431976,85.0469,2.81795,0.769481,2.33197,4.91079,20.1038,983.828,0.4337,85.052,0.0123792,0.0315358,0.0145617,0,0.190269,1.35476,0.00284302,0.0814446
45,2.81336,0.478313,2.3299,4.91092,20.104,982.797,0.438173,85.0018,2.81108,0.480212,2.33062,4.91079,20.1321,982.944,0.437961,84.9903,2.81399,0.477617,2.33196,4.91079,20.1078,982.876,0.437328,85.0106,0.0106153,0.0165428,0.0128926,0,0.226253,1.46768,0.00237028,0.0739483
