rep,id,eta_Cl,eta_V1,eta_Q,eta_V2,eta_S,eta_R0,eta_gamma,eta_MTT
1,1,0.00495205,-0.537701,0.00499022,0,0.004665,-0.00151997,0.00909591,0.000742616
2,1,0.000378472,-0.541097,0.00519498,0,-5.19378e-05,0.002846,0.00495575,0.00174189
3,1,0.0054638,-0.494824,0.00460802,0,-0.00674042,-0.000517702,-0.00590279,-0.00135968
4,1,-0.00194891,-0.536062,-0.00413681,0,0.00110479,-3.99073e-05,0.012763,-3.54821e-05
5,1,-0.003245,-0.597063,0.00119862,0,-0.00652386,0.00063279,0.00606215,5.96714e-06
6,1,-0.00273486,-0.549811,-0.000367787,0,0.00468725,0.00171164,0.00845446,-0.00081658
7,1,-0.00649922,-0.587197,0.0124547,0,-0.00500752,-0.000445174,-0.000341493,0.000837314
8,1,-0.00747108,-0.550545,0.00532585,0,0.00026576,0.000454211,0.00308351,0.000158796
9,1,-0.00567891,-0.517817,-0.00836446,0,0.00441635,-0.00387055,0.00187506,0.00156353
10,1,0.00722492,-0.548537,0.000395706,0,-0.00361405,0.00160419,0.0151186,0.00105595
1,2,-0.00244823,-0.283219,0.0108773,0,-0.0161844,-0.000523509,-0.00358484,0.000675183
2,2,0.000648814,-0.323549,0.00891239,0,0.000875359,-0.000776862,-0.0149854,-0.0005264
3,2,-0.000768541,-0.290305,0.00759514,0,0.0220633,-0.000778447,-0.00728441,0.000439094
4,2,0.000631282,-0.31967,0.010256,0,0.0069945,-0.000569903,-0.00897687,0.000849443
5,2,0.000720716,-0.365883,0.0146349,0,-0.0136735,0.00132291,0.00138477,0.000547312
6,2,-0.000926355,-0.265816,-0.00147004,0,-0.00204124,-0.000630202,-0.0007349,-0.00208996
7,2,0.000281067,-0.20547,0.0123185,0,0.0033998,-0.00223663,0.00124311,0.00189548
8,2,0.000617533,-0.339053,0.00713419,0,-0.00233131,0.00200172,-0.0106401,-0.000173386
9,2,0.00302079,-0.264591,0.0026228,0,-0.00223243,-0.00141811,-0.00481247,5.2921e-07
10,2,-0.00181339,-0.199249,0.00739141,0,0.00330981,0.0013596,-0.00488561,6.74164e-05
1,3,-9.34816e-05,0.327653,-0.00377079,0,4.43496e-05,0.00180067,0.00545152,-0.00050767
2,3,0.00332313,0.343211,-0.0120158,0,0.0181812,0.002157,-0.0114525,0.000359012
3,3,-0.00374013,0.327119,0.00514613,0,-0.0156412,0.00108993,-0.0139137,0.000746588
4,3,0.00229787,0.356341,0.0133267,0,-0.00245565,0.00144885,-0.00942698,0.000918673
5,3,0.00109863,0.419163,-0.008735,0,-0.0205935,-0.00301843,0.00195195,-0.000104629
6,3,0.00185159,0.295362,0.00492008,0,-0.0145451,-0.0019697,0.00443762,-0.000772932
7,3,0.00319394,0.301537,0.00465514,0,0.0200195,-0.000257766,0.00711866,1.27327e-05
8,3,0.00678532,0.335438,-0.00573359,0,-0.0152374,-0.00143972,0.000541056,-0.000417171
9,3,0.000827359,0.279097,-0.00316301,0,0.00287105,-0.00123927,-0.0031201,0.00038894
10,3,-0.000656878,0.29488,-0.00513106,0,0.00672622,-0.00152598,0.00385083,-0.000133341
1,4,0.000568373,-0.00838189,0.0125407,0,-9.02547e-05,0.00193026,-0.011426,-0.000854166
2,4,-0.00770173,0.0370802,0.00467899,0,0.0127756,9.99282e-05,-0.00256018,-0.000124718
3,4,0.00638863,0.0875942,0.00940347,0,-0.00631509,-0.000834652,0.0121121,-0.000192924
4,4,0.00363723,0.0296767,0.0119086,0,0.000393061,0.0010325,-0.00740093,-0.000932323
5,4,-0.00278983,-0.0337081,0.00292714,0,0.00678801,0.00189902,-0.00292461,-0.000361871
6,4,-0.0046433,-0.000416188,-0.00544476,0,-0.00749471,0.000898949,-0.00426911,-0.00089111
7,4,-0.00211883,0.00927601,0.00558589,0,0.0229261,4.42584e-05,-0.00042762,0.000987994
8,4,-0.000862662,-0.0309028,0.00718094,0,0.00426597,-0.00284787,0.0167554,0.000252353
9,4,-0.0078302,-0.0328508,-0.00418564,0,-0.00383694,0.000195994,-0.0142602,0.000489866
10,4,-0.00160588,0.0777951,0.00239459,0,0.00904756,0.00158631,0.00111276,-0.000400098
1,5,0.00221585,0.593631,-0.0004635,0,-0.00604432,0.000540086,-0.00310773,-0.00106704
2,5,0.000120406,0.484092,0.008077,0,-0.000827845,0.00198912,-0.00340122,-0.000651755
3,5,-0.00104376,0.53388,0.00969999,0,-0.00894038,-0.00111908,0.0103066,0.00101648
4,5,0.000145305,0.422423,0.0116386,0,-0.000323878,0.00175065,0.00270309,0.00169868
5,5,-0.00735508,0.483544,0.0121535,0,-6.07858e-05,0.000177263,-0.00223711,-0.00171875
6,5,-0.000284641,0.550907,0.00203743,0,-0.00158453,-0.0014876,0.0118495,0.000108726
7,5,-0.00249818,0.526255,0.00345402,0,-0.000939362,-0.000560639,0.00384208,0.000671119
8,5,-0.00295683,0.553803,-0.00491367,0,0.0145135,0.00220617,0.00206338,-0.00108419
9,5,-0.00785582,0.508517,0.00151512,0,0.0103046,0.00265322,0.00440594,0.000556988
10,5,-0.0019766,0.502816,-0.00911032,0,-0.00171639,0.00364374,-0.00355489,-0.00117193
1,6,-0.00407974,0.339518,-0.00455204,0,0.0148063,-0.00185028,0.000221707,0.000858643
2,6,0.00697453,0.493587,0.0106531,0,-0.00656521,-0.00205704,-0.00555401,0.00181935
3,6,0.00128466,0.395157,0.0126106,0,-0.011725,0.00166292,-0.0156622,-0.000209017
4,6,-0.00345026,0.324631,-0.00848779,0,-0.00720872,-0.000444196,-0.00558106,-0.00129802
5,6,0.00249024,0.493952,-0.000960281,0,0.00553995,0.00129767,-0.00763257,-0.000549651
6,6,-0.00446567,0.370475,-0.00276631,0,-0.0132125,-0.000562235,-0.0135781,-1.72032e-05
7,6,0.00494475,0.375802,-0.000900994,0,-0.01234,-0.000403575,-0.00591753,-0.000501347
8,6,-0.00183151,0.398462,0.00116286,0,0.0010005,-0.0022506,-0.00505275,0.000399714
9,6,-0.000221408,0.396942,0.00106304,0,-0.00217608,-5.69945e-05,-0.003629,0.000486595
10,6,0.00775355,0.397944,-0.00673223,0,-0.0212232,0.000222874,-0.00435642,-0.000815789
1,7,-0.00332599,0.033244,-0.0082132,0,0.00113278,-0.00181373,-0.0155754,0.00060212
2,7,0.0142411,0.0986741,0.00296918,0,-0.0184975,0.00282678,-0.0107093,0.000345071
3,7,-0.0037126,0.0189781,0.00272721,0,0.00594802,-0.00196331,-0.00509294,-0.00015011
4,7,0.00284388,0.0300939,-0.00427784,0,-0.0246833,8.43239e-05,0.0206864,-0.00118318
5,7,-0.0034137,0.0365031,-0.00324653,0,-0.0103239,0.00220743,0.00272998,0.000427319
6,7,0.00390867,0.101678,-0.01204,0,0.0039183,-0.00135974,0.00409041,6.92489e-05
7,7,0.00645513,0.0737886,-0.000370841,0,0.00867169,-0.0019398,0.00569561,0.00107062
8,7,-0.00411192,0.0251291,-0.00453263,0,-0.0186894,-0.00165162,-0.0105442,0.00141947
9,7,0.00765326,0.0800323,-0.00195891,0,-0.01704,-0.00108836,-0.0107542,0.000732412
10,7,0.00337706,0.0788845,0.00656489,0,0.00272632,0.00123039,-0.0146123,-0.000547764
1,8,0.000656914,0.39677,0.00316114,0,-0.00911793,-0.00233796,0.00157425,0.000239495
2,8,0.000152423,0.419681,-0.00450419,0,-0.00663786,-0.00284439,-0.00269875,7.03442e-05
3,8,-0.00348375,0.339537,-0.00531562,0,0.00216299,0.00132936,-0.00057373,0.000668264
4,8,0.00439117,0.371244,-0.000498487,0,-0.0101072,-0.000106187,0.00798221,0.000872308
5,8,0.00109174,0.364342,0.00506028,0,-0.00695199,0.00314498,-0.0165673,0.00143195
6,8,0.00794571,0.424711,-0.00660819,0,-0.0138135,-0.000629345,-0.00920371,0.0012376
7,8,0.00681242,0.47666,0.0030132,0,0.0151344,-0.00265995,-0.00846875,5.51734e-06
8,8,0.00580127,0.391909,-0.00117486,0,-0.00124757,0.00273857,0.00277396,-0.000551839
9,8,0.0095227,0.404947,-0.00508205,0,-0.00174732,0.00182576,-0.0111931,0.0013524
10,8,-0.00293467,0.377828,-0.0103122,0,0.0086838,-0.00101163,-0.00290134,-0.000132532
1,9,-0.00330146,0.24561,-0.0055178,0,0.0168923,0.000730249,0.00019064,0.000990921
2,9,0.00131486,0.268876,-0.00067052,0,0.00749171,-0.000900572,0.00246243,-0.0005335
3,9,0.00581421,0.170643,-0.0056204,0,0.0114264,0.000544707,-0.00972738,0.00124909
4,9,0.00228428,0.270173,0.00435516,0,0.00826106,-0.00143302,0.00767445,0.000822442
5,9,-0.00504065,0.244654,0.0118273,0,-0.0124938,0.000391717,0.0135994,0.000556936
6,9,-0.00411719,0.263403,-0.00156763,0,-0.00550791,0.000483949,0.0147814,0.000689086
7,9,-0.001447,0.27436,-0.0154043,0,0.00510617,-0.00349823,-0.00209493,0.00175533
8,9,0.00645936,0.254902,0.00478997,0,0.0144319,-0.0011059,0.00858713,0.000336459
9,9,-0.00377898,0.262055,-0.00317707,0,0.0113777,-6.39319e-05,0.00467682,-6.11921e-05
10,9,0.000959875,0.30811,-0.00203358,0,0.00115368,-0.000696757,0.00201111,0.000821743
1,10,0.00061681,0.346551,0.00440057,0,-0.00363643,-0.000613414,-0.00917044,0.0014365
2,10,-0.0010605,0.275314,-0.00795719,0,0.00341707,0.00324987,-0.0116552,-0.00121347
3,10,-0.00176833,0.235824,0.0119307,0,0.00740931,0.00152579,-0.00699507,0.000392717
4,10,0.000772079,0.220845,-0.00343841,0,-0.0187867,-0.00199222,0.00372582,-0.00012605
5,10,0.0062668,0.296132,-0.00438097,0,-0.00285714,0.00105057,0.00741073,0.00144802
6,10,-0.00828322,0.288373,-0.0098291,0,0.011074,-0.00154598,-0.00266162,0.000606256
7,10,0.000131573,0.26062,0.00236223,0,-0.0029736,-0.00239978,-0.000396314,0.000717843
8,10,0.00508035,0.295075,0.00944006,0,-0.0127924,-0.000773597,0.000459313,-2.06179e-05
9,10,0.00381527,0.306416,-0.000708642,0,0.0231802,0.00161195,-0.01007,-0.000969681
10,10,0.00213862,0.273011,-0.00468758,0,0.00684486,0.00189812,-0.00475461,-0.000408688
1,11,0.00119236,0.670899,0.0015573,0,-0.0156932,-0.00111836,0.0118282,-0.00140961
2,11,0.00704462,0.66098,0.00542282,0,0.0013118,0.000812253,0.00752274,0.000555819
3,11,-0.00459657,0.630603,-0.00232638,0,0.0231971,0.00012557,0.0145276,-0.000837347
4,11,0.000845152,0.63381,-0.00363971,0,0.00420557,0.00258836,-0.00380103,0.000330307
5,11,0.00186164,0.610606,0.00412103,0,-0.0180117,0.000104994,0.00897299,0.000954353
6,11,-0.00362804,0.645664,0.00755394,0,-0.0113128,0.00102664,0.0118233,-0.000861544
7,11,-0.00667632,0.616042,0.00119561,0,0.00424154,4.60472e-05,-0.00022577,0.000477146
8,11,0.00836626,0.63201,0.00925711,0,0.00877359,-0.00410944,0.000726785,0.000434082
9,11,-0.000908579,0.620407,0.00871726,0,0.000800514,0.00125169,0.00322879,-0.000654774
10,11,-0.000383685,0.685526,0.00779036,0,-0.0198893,-0.000418861,-0.00594485,-0.000787131
1,12,-0.00428352,-0.114996,0.00626518,0,0.0152397,3.17643e-05,-0.00843545,-0.000284933
2,12,-0.00394925,-0.156336,0.00145013,0,0.0167009,0.00562444,0.00133143,3.42572e-05
3,12,0.000578202,-0.191228,-0.000308015,0,0.00435898,0.000885727,0.000314616,-0.000644607
4,12,0.00491544,-0.152784,0.00484353,0,0.0110579,0.00227407,0.00256904,0.000120816
5,12,-0.00220587,-0.21996,-0.00686218,0,-0.00340505,0.000792554,0.000925358,0.000462913
6,12,0.000373114,-0.235386,0.00580398,0,0.00205873,0.000657411,0.00416623,0.00028532
7,12,0.00236494,-0.248932,0.00723853,0,0.00410772,-0.00104161,-0.00183074,-0.000347098
8,12,-0.00239783,-0.136996,0.0060778,0,-0.0228339,0.00216458,-0.00986687,0.00136429
9,12,0.00169292,-0.21501,0.00255547,0,-0.00185471,-0.000582798,-0.00218421,-0.000796568
10,12,0.00130819,-0.152144,0.00470124,0,-0.0191575,0.00157936,0.0201813,-0.000168597
1,13,0.00573918,-0.177899,0.00508248,0,0.00764929,0.000287189,0.00183697,-0.00134474
2,13,-0.00447075,-0.162548,-0.00250527,0,-0.0235182,0.00105399,0.0118204,-0.000717378
3,13,-0.00277844,-0.16055,0.00507442,0,-0.00230363,-0.000931604,-0.0101074,-0.000305532
4,13,-0.000724396,-0.12551,0.002915,0,0.0107109,-0.00135217,-0.00327414,-0.00035448
5,13,-0.00452265,-0.190447,-0.00147342,0,-0.0179377,0.00282545,0.00153686,-0.00192406
6,13,-0.00615569,-0.178469,-0.00351152,0,-0.00408538,-0.00128574,0.0021022,0.00045465
7,13,-0.0011679,-0.186762,-0.00823236,0,0.00324008,0.000403677,-0.00538522,-0.000339122
8,13,0.00100409,-0.132683,-0.00617199,0,0.00751291,-0.000789842,-0.0100336,-0.00264072
9,13,-0.00424883,-0.20157,0.000661992,0,-0.00384423,-0.0019464,0.00281273,0.00183139
10,13,0.00407341,-0.14789,0.00785491,0,0.00996288,1.81808e-05,0.0142534,-0.00067551
1,14,-0.00453075,-0.117305,0.0104583,0,0.0200485,-0.0020974,-1.64909e-06,-0.000225147
2,14,-0.00551902,-0.0923544,0.00219625,0,0.0193792,0.000374081,0.00472286,0.000884831
3,14,-0.00638133,-0.0995961,-0.00286088,0,0.00929023,-0.000398701,-0.0134733,0.000803489
4,14,0.00137706,-0.0970908,-0.0059751,0,0.00805781,0.00136053,-0.00272941,-9.87027e-05
5,14,-0.00182662,-0.131836,0.0055757,0,0.00448156,0.00112921,0.0093329,0.00192954
6,14,-0.00690378,-0.0736532,0.000777545,0,0.00234904,0.00201336,0.00565477,0.000425875
7,14,-0.00511666,-0.103847,0.000996733,0,0.022069,0.000293314,0.00661248,0.00179436
8,14,0.00267727,-0.0362705,-0.00337532,0,-0.00995849,-0.000600507,0.00109239,-0.000275771
9,14,-0.00319207,-0.0829493,-0.00573103,0,0.00143006,-0.000132375,-0.00287968,0.000929296
10,14,0.00409177,-0.114254,0.00174369,0,-0.00736809,-0.00102187,0.00920931,-3.97709e-05
1,15,-0.00104638,-0.0863097,-0.00627208,0,0.00698478,0.00012456,0.00526384,-0.00035291
2,15,0.00533632,-0.0631649,-0.00583335,0,0.0126395,-0.00110699,-0.00169463,0.000199717
3,15,0.00075227,-0.0255301,-0.000593478,0,-0.00511105,-0.00186693,0.00593027,-0.00100525
4,15,0.00321787,-0.0561662,-0.000469998,0,-0.000282804,-0.00376025,-0.0121237,-0.0010105
5,15,0.00108933,-0.0368999,0.0131223,0,0.00208799,0.00112474,0.00181058,-0.000471267
6,15,0.00108475,-0.118996,0.00768313,0,0.00237634,-0.000107815,0.0075362,-0.00152209
7,15,0.00412258,-0.0430573,0.00368114,0,-0.00186794,0.00169601,-0.00915572,0.00115043
8,15,-0.00150134,-0.0875136,0.00593366,0,-0.00680948,0.000408207,0.0138303,0.00135562
9,15,-0.00462689,-0.0854865,0.0102205,0,0.00418877,-0.00105589,0.00424312,-0.00135386
10,15,-0.0102428,-0.0942167,-0.00113988,0,-0.0201913,-0.00185757,0.0111337,0.000161563
1,16,-0.0085701,-0.147641,-0.00530049,0,-0.00634516,-0.00109257,-0.00341345,-0.000214758
2,16,0.00454128,-0.0873133,-0.00683044,0,0.0234413,0.0025411,-0.0101494,-0.00193179
3,16,0.00406773,-0.160819,-0.00146513,0,-0.0120518,0.00290636,-0.000463317,-0.000484752
4,16,0.00636601,-0.129163,0.0116966,0,-0.00893229,0.000193072,0.0100209,0.000258989
5,16,0.00620681,-0.160113,0.00214178,0,-0.00138066,0.00184268,-0.00839443,-0.00094528
6,16,0.00137156,-0.0907441,-0.00366948,0,-0.014718,0.00138379,-0.00819136,0.0010726
7,16,2.86401e-05,-0.0802556,0.000262809,0,0.00532894,0.000551789,-0.000854556,-0.00131748
8,16,0.000665233,-0.0943202,-0.0109613,0,0.00941895,-0.000603174,-0.0025593,0.000690149
9,16,0.000262377,-0.0756652,-0.00302877,0,0.00130272,-0.000753383,-0.00803994,0.000399492
10,16,0.00151742,-0.146589,0.0081846,0,-0.00545079,0.00100227,0.00386148,-0.00131672
1,17,-0.00239217,-0.453808,0.00871239,0,0.0257661,0.00159041,0.00681119,0.00233483
2,17,-9.96572e-05,-0.338216,-0.00164896,0,0.00134994,0.000835689,0.0013631,0.000988927
3,17,0.005024,-0.307261,0.00911814,0,-0.0180989,0.00157826,-0.00128119,0.000395719
4,17,-0.0052145,-0.361855,-0.0001413,0,0.00222837,-0.0011052,0.00141686,-0.000959115
5,17,0.000444233,-0.352304,0.00526324,0,0.0122496,-0.000253815,8.18817e-05,-0.00122749
6,17,-0.00400741,-0.391646,-0.0043959,0,0.00210339,0.0029006,-0.00180611,-0.000790153
7,17,-0.00576197,-0.368335,-0.00485069,0,-0.00243766,0.000582396,0.00724854,-0.000688494
8,17,-0.000278632,-0.29646,0.00993649,0,0.0153862,-0.000401931,0.000661896,-0.00066797
9,17,-0.00509869,-0.337809,0.00287246,0,0.00759327,-0.000474607,-0.00875776,-0.000211082
10,17,0.00785541,-0.324651,0.011264,0,0.00110414,0.000777922,-0.00556269,-0.00170135
1,18,-0.00186779,-0.0828688,0.00381713,0,0.00872733,-0.0021061,0.00240853,-9.91127e-05
2,18,-0.000461012,-0.0767797,0.00294009,0,0.0129161,-0.00265222,0.00380189,0.00209258
3,18,-0.0079922,-0.0731265,-0.00915551,0,0.00485983,-0.000663225,-0.00603755,0.000499548
4,18,-0.00478943,-0.0806731,0.00578841,0,0.019203,-0.00242158,-0.00858813,-0.000363697
5,18,-0.0083377,-0.0759996,0.000676449,0,-0.003665,-0.00165944,-0.00893544,0.00120427
6,18,-0.00287242,-0.0766143,0.00230028,0,0.0116967,-0.000510914,0.00425019,0.000381511
7,18,-0.007437,-0.122939,-0.00148959,0,-0.00690787,-0.000570696,-0.00771708,-0.00100866
8,18,0.00289864,-0.155461,-0.00130839,0,-0.014319,-0.00057134,-0.00400118,-0.000362027
9,18,0.00532112,-0.10671,0.0037962,0,0.00799032,-0.000634111,-0.00453774,0.00140079
10,18,-0.0114152,-0.120877,-0.00392171,0,-0.00343099,-0.000626697,0.00301346,0.00012216
1,19,-0.00379942,0.285399,-0.00815268,0,-0.00115863,0.00127954,-0.00153099,-0.000165119
2,19,0.00140161,0.225448,0.0176694,0,0.00364085,-0.000690573,0.0063029,0.00108638
3,19,0.00165462,0.35932,-0.00567178,0,-0.00553992,-0.000729691,-0.00467648,-0.000908153
4,19,0.00473216,0.354008,0.0125963,0,0.00754606,0.00085958,-0.0192186,0.00128233
5,19,0.00360186,0.295096,-0.00578265,0,-0.0228771,0.00156556,-0.00481843,0.00135497
6,19,0.000493237,0.312224,0.00643789,0,-0.00674251,-0.000651917,-0.00945159,8.71625e-05
7,19,0.00736877,0.251449,0.00188313,0,-0.00634361,0.000379094,-0.00968864,-0.00141064
8,19,-0.00635827,0.397672,-0.000294309,0,-0.0182466,0.000931501,-0.0108829,0.000271023
9,19,0.00297974,0.265221,0.00597963,0,0.00122957,0.0011084,-0.0122498,-0.000719248
10,19,0.00332772,0.394828,0.00253321,0,0.00410033,-0.0007636,-0.00899563,0.000578161
1,20,-0.00458756,-0.309516,-0.00122724,0,-0.00287337,0.000317381,-0.00516069,-0.00129946
2,20,2.68047e-05,-0.393579,0.00169758,0,0.00730785,-0.00105434,0.00894315,0.00110613
3,20,-0.00946389,-0.378421,-0.00850937,0,0.0200691,0.000310992,0.00506493,0.00161425
4,20,0.00097583,-0.312416,-0.00700552,0,0.00109457,0.00108188,0.00113922,-1.07974e-05
5,20,-0.000759581,-0.422154,-0.00345202,0,0.00973808,0.00213484,0.0155669,0.000712044
6,20,-0.00545611,-0.359289,0.000916932,0,0.000986589,0.00159775,0.000653528,-0.000899964
7,20,-0.0043661,-0.316973,-0.00445081,0,-0.00315485,-0.000935765,0.00181388,-0.000283204
8,20,-0.00380871,-0.378628,0.0109595,0,0.0207277,-0.00144941,-0.0072455,0.000268863
9,20,0.000638368,-0.302818,0.00501855,0,0.00279709,-0.000132921,0.00332471,0.000282652
10,20,0.00247791,-0.364966,0.0005284,0,-0.007927,-0.00110959,0.00944471,0.00014424
1,21,-0.000270473,0.11337,-0.00737844,0,-0.00843874,0.0014571,-0.00534775,0.000787795
2,21,-0.00559851,0.0866884,-0.000213606,0,-0.0113268,0.000917594,-0.00543359,0.0008705
3,21,-0.000530697,0.189532,-0.00509823,0,-0.0233519,-0.000568484,-0.00240177,5.44322e-05
4,21,0.00085133,0.114791,-0.00386091,0,0.00314989,0.000404751,-0.00399089,0.000271907
5,21,0.00446712,0.0883825,-0.00170232,0,-0.0156798,0.000795289,-0.00375971,0.00109011
6,21,-0.00179747,0.166988,-0.0108274,0,0.0127263,2.32427e-05,0.00868346,7.03017e-05
7,21,0.00135721,0.128328,0.0005847,0,0.0172176,0.00156648,-0.00307213,-0.000512612
8,21,0.00362342,0.100876,0.00418999,0,-0.00528854,-0.000851205,-0.0129403,0.00148708
9,21,0.000789145,0.135036,-0.010419,0,0.00965676,-0.000349029,-0.00444327,-0.00190822
10,21,0.000565813,0.0803284,-0.00281873,0,-0.00466576,0.000954509,0.00321741,-0.00205228
1,22,-0.0079218,-0.381591,-0.0101538,0,0.00510841,-0.000816298,0.00122534,0.00144452
2,22,-0.00175021,-0.340402,0.000467104,0,0.0194427,-0.000671637,0.00252867,-0.00032066
3,22,-6.48116e-05,-0.376344,-0.0109555,0,-0.0108832,0.00215006,0.0134474,-0.00130293
4,22,-0.00273902,-0.336439,-0.0110061,0,-0.00161558,-0.00137706,0.00283003,-0.00020733
5,22,-0.000264559,-0.41168,0.00424552,0,0.0182355,-0.00051933,-0.00895527,-0.001437
6,22,-0.00545307,-0.393682,0.00247967,0,0.00690443,7.35968e-06,-0.00496766,-0.000254197
7,22,-0.00320124,-0.451161,0.00522162,0,0.0105364,0.00156368,0.00388977,0.00181659
8,22,-0.00286492,-0.422252,0.0066429,0,0.0101644,-0.000119199,0.00187954,-0.00183144
9,22,0.00106893,-0.381747,-0.00457087,0,0.00216737,0.000808742,0.0150357,-0.00117585
10,22,-0.00219494,-0.378329,0.00926845,0,-0.00899372,0.000476249,0.00436929,-0.000262794
1,23,-0.00705468,0.520221,0.0017389,0,0.00449131,0.0008357,0.0122379,0.000619551
2,23,-0.00646667,0.550558,0.0044601,0,-0.00990187,0.00239416,0.0037013,-0.00103044
3,23,0.00590859,0.614394,0.0125478,0,-0.014457,0.000182601,0.013602,0.000690227
4,23,0.010828,0.613586,-0.00291671,0,0.00601202,-0.00325229,0.013549,-0.000464418
5,23,-0.00684182,0.54446,0.00202462,0,0.00464521,0.00233949,0.00155168,-0.00035779
6,23,0.00595064,0.582643,-0.00597992,0,0.0016091,-0.003318,0.00823082,-0.000199294
7,23,0.00539087,0.61911,-0.00485742,0,0.011293,-0.00163039,0.000367288,0.00060631
8,23,0.00704687,0.595488,-0.00245324,0,-0.00203622,0.0021256,0.0137681,-0.000609507
9,23,0.00384493,0.545867,-0.00218494,0,0.0050475,-0.00290854,0.00386817,0.00119298
10,23,-0.00411662,0.582298,-0.00221955,0,-0.00817845,0.00194061,0.00700455,-0.000249732
1,24,0.000597638,0.127724,0.00421787,0,-0.0234691,-0.000524832,0.00432027,-0.000689679
2,24,0.000611963,0.0629486,0.000728184,0,0.00100402,0.00225916,-0.00224723,-0.00106459
3,24,-0.00352588,0.0588852,0.00183663,0,0.00111551,-0.00030738,0.000703952,4.03551e-05
4,24,0.000567648,0.0549154,0.000315534,0,0.00204786,-0.000212715,0.0003104,-0.00136708
5,24,0.000601817,0.0518785,0.00049191,0,-0.0177647,-0.000645443,0.00272552,0.000249398
6,24,-0.00501452,0.0894603,0.00391561,0,-0.00821637,-6.64793e-06,0.00519649,-0.00213436
7,24,-0.00378684,0.0820761,0.00972403,0,0.00643176,-0.00173809,-0.00150822,-0.0014139
8,24,0.00175928,0.116899,0.000107644,0,0.000666342,5.16678e-05,-0.000554667,-0.000821695
9,24,0.00796451,0.100505,-0.00525966,0,0.00314236,-0.000965164,0.0248208,0.0020769
10,24,0.00362365,0.0785454,-0.00458352,0,0.00703347,0.00345239,-0.00319557,-4.16431e-05
1,25,0.00734658,-0.0409097,-0.00855828,0,0.00758565,0.00169277,0.00440692,0.00192173
2,25,0.00462948,-0.100215,-0.00172766,0,0.00106644,0.00066517,-0.0137375,0.00025552
3,25,0.0032038,-0.130107,-0.0124258,0,0.00383555,0.000504411,0.00536154,-6.3198e-05
4,25,0.00552742,-0.0730105,0.00541578,0,0.00801445,-0.00075635,-0.00266999,-0.00161501
5,25,0.00118599,-0.0254914,0.0089031,0,-0.0100452,-0.00162981,-0.00498747,-0.00111788
6,25,0.00839098,-0.0638864,-0.00487124,0,-0.00462175,-0.00143969,0.0052831,0.000193317
7,25,0.00175321,-0.0626684,-0.00270097,0,0.0107816,0.00141322,0.00295672,-0.000363468
8,25,0.00461532,-0.0815782,0.00462978,0,-0.002212,-0.00160916,0.0188865,-0.000340919
9,25,-0.00182837,-0.105045,-0.00249308,0,-0.00641134,-4.27219e-05,0.00921325,-0.000556107
10,25,-6.06515e-05,-0.116924,-0.00412262,0,0.0160296,0.00198227,0.0119001,0.000163184
1,26,-0.00273532,-0.316043,-0.00472499,0,-0.00736747,0.000292153,-0.0118445,-9.97521e-05
2,26,-0.00690266,-0.255745,-0.0136803,0,-0.010562,0.00182724,-0.00587108,0.000193349
3,26,0.000924684,-0.180463,-0.00123005,0,0.0100453,0.00106205,-0.0133727,0.00106453
4,26,0.00149483,-0.294994,0.00166702,0,-0.00918462,0.000476509,-0.00593657,0.000536571
5,26,-0.00165926,-0.206173,-0.00668079,0,-0.00936646,0.00255537,-0.00893577,-3.55406e-05
6,26,0.00457036,-0.255101,-0.00881282,0,-0.00307333,-0.00127174,0.0102852,-8.30576e-06
7,26,0.0041299,-0.260497,-0.0091963,0,0.00116978,0.00182867,-0.0140053,0.00187218
8,26,-0.000444287,-0.316229,0.00264912,0,0.0120394,0.00148113,-0.0143934,-0.000631
9,26,-0.00128658,-0.222144,-0.00397078,0,-0.0041784,0.00109547,-0.0109162,0.00177789
10,26,-0.00648197,-0.184733,-0.00157794,0,0.00753804,-0.00179008,0.00432649,0.000587584
1,27,0.00777841,-0.170872,-0.00419641,0,-0.0155329,-0.00098531,0.00752092,0.000676798
2,27,0.00440207,-0.15873,-0.0121954,0,0.0130683,-0.00177825,6.46788e-05,-0.00157309
3,27,-0.00102144,-0.107127,-0.0125555,0,-1.9584e-05,-0.000776081,0.00170698,0.000394092
4,27,-0.00184578,-0.136777,-0.00607861,0,0.0068874,0.00193256,0.00389274,0.000797341
5,27,-0.0043974,-0.129534,0.0103276,0,-0.00142618,4.56284e-05,-0.00529251,0.000768365
6,27,0.00426565,-0.144017,0.000963216,0,0.00257303,-0.000558368,0.00449081,0.000684629
7,27,-0.00304661,-0.106329,-0.00105006,0,-0.00377187,0.000482632,-0.00158414,-0.00149475
8,27,0.00123035,-0.110041,-0.00504735,0,0.00309044,-0.00245302,6.17142e-05,-0.000758521
9,27,-0.00181179,-0.182867,0.00268961,0,0.00137308,-0.000851256,-0.0140833,0.00119288
10,27,0.00376287,-0.123999,-0.00430748,0,0.0132855,-0.00256551,-0.00356082,0.00191278
1,28,-0.00025151,0.359553,-0.00140882,0,0.00226824,-0.000322556,-0.00457982,3.15758e-05
2,28,0.00562229,0.340541,-0.00408487,0,0.0187164,-0.000665554,-0.00725858,0.000531078
3,28,0.0142725,0.325661,-0.00415195,0,-0.0128209,-0.00144768,-0.00453715,-0.000979154
4,28,0.00616303,0.292451,-0.00160892,0,-0.000919576,0.00245707,-0.0106551,0.00127196
5,28,-0.000869439,0.325432,-0.0124221,0,-0.00708877,0.00123729,-0.00276302,-0.00141821
6,28,0.0111202,0.348381,-0.00196207,0,0.0064393,-0.00223204,-0.00302693,0.000172914
7,28,0.00160183,0.321338,-0.00192103,0,-0.00606303,-0.000171756,0.00553016,0.000335134
8,28,0.00358879,0.283082,-0.0106381,0,-0.016105,-0.000381249,-0.000755914,0.00148543
9,28,0.000971078,0.269461,0.00594459,0,0.00343998,0.00100494,-0.0183475,0.00154082
10,28,0.00287655,0.290669,-0.00434194,0,0.00223496,0.00211381,-0.0100387,-0.000525578
1,29,-0.000312243,-0.0361467,0.00262331,0,0.00668117,-0.00165163,0.0148606,0.00144498
2,29,0.00554706,-0.110399,-0.00510702,0,0.00891712,-0.00110142,0.00785825,-0.000656108
3,29,0.00364276,-0.120239,0.00118642,0,-0.000964052,0.000914879,0.00433998,1.29528e-05
4,29,-0.0016504,-0.0907929,-0.000585091,0,0.0114068,0.00127929,0.00782316,-0.000682559
5,29,0.00680443,-0.0913963,-0.00448955,0,-0.00677033,0.0019028,-0.00753785,-0.000916887
6,29,0.000143415,-0.105105,0.00510876,0,-0.000794673,-0.000735343,-0.00505736,-0.000170206
7,29,0.000312556,-0.026173,0.00469011,0,0.0024364,0.00224417,0.00479527,-0.00163403
8,29,0.00410322,-0.141714,-0.00402228,0,0.0104889,0.00210724,0.00037128,-0.00027337
9,29,0.00984657,-0.0699002,-0.00149049,0,-0.00757503,-2.32486e-05,0.0134276,-0.00165073
10,29,0.0036424,-0.0359158,0.00942708,0,0.0216995,-0.00137463,-0.00622335,0.000886658
1,30,-0.00292167,0.414762,0.000234585,0,-0.0166469,-0.000271837,0.00183433,0.00199192
2,30,0.00861292,0.44079,-0.00475639,0,-0.00707771,0.0028761,-0.00384083,0.000197125
3,30,-0.00531732,0.381314,-0.0073295,0,-0.00835521,-0.00283858,-0.00100146,-0.000491471
4,30,0.0104096,0.512233,0.00123626,0,-0.00889348,0.000244178,-0.00962522,0.00205244
5,30,0.00669724,0.504092,-0.000240962,0,0.0022969,0.00345961,-0.00206963,-0.00156418
6,30,0.00595153,0.502371,-0.0128268,0,-0.00034917,0.00311476,0.0037343,-0.000113599
7,30,0.00297744,0.419824,-0.00443839,0,0.00128812,0.00326102,-0.00655434,0.000335608
8,30,0.00390471,0.464339,0.00528762,0,0.00328239,0.00124639,-0.00420298,-0.000463597
9,30,-0.000522592,0.49898,-4.1644e-05,0,-0.00691097,0.00249355,-0.00240972,-0.000212411
10,30,-0.00595556,0.429115,-0.000623935,0,-0.00992347,-0.000375018,0.00788207,0.000311502
1,31,-0.00317143,0.176317,-0.00564034,0,-0.00202861,0.00294451,0.00521545,-0.000237872
2,31,0.00298621,0.107535,0.0014713,0,0.00584716,-0.000332002,0.0108919,-0.00270896
3,31,0.00177035,0.168731,-0.00959162,0,-0.00987793,0.00134879,0.0179716,0.000256014
4,31,6.92537e-05,0.175237,-0.00357771,0,-0.00971185,0.00540932,-0.00513964,-0.00124392
5,31,0.000763017,0.161988,0.000284701,0,-0.000424916,1.56814e-05,0.00671219,0.000869461
6,31,-0.00111332,0.151577,-0.00341295,0,-0.00803829,0.00275573,0.0107449,-0.000604549
7,31,0.00228242,0.189309,0.00445145,0,0.00712787,0.00219995,-0.0103177,-0.000808559
8,31,-0.00220732,0.150151,0.00618646,0,-0.00330644,0.00385394,-0.00294913,-0.000665298
9,31,0.00402226,0.175305,0.000185889,0,-0.0124205,-0.0010523,0.00935254,-0.000404087
10,31,0.00272829,0.19542,-0.000472198,0,0.00581973,0.000545449,0.00151101,-3.06222e-07
1,32,0.00512671,-0.692452,-0.00290849,0,-0.0142575,-0.00127789,-0.00162886,-0.00198595
2,32,0.00492655,-0.745174,0.00252664,0,-0.013583,0.00197821,-0.00907312,-0.000545872
3,32,-0.00596016,-0.745001,-0.0149932,0,-0.000454994,0.00146425,-0.0057492,-0.000173608
4,32,0.0031359,-0.71474,-0.00422804,0,0.000591182,-0.00101168,0.00661583,0.00101478
5,32,-0.00167624,-0.731652,0.00406382,0,0.0132927,-0.00237148,-0.0136445,0.000322689
6,32,0.00552834,-0.775991,0.000925528,0,0.00218131,0.00126405,-0.00306744,0.00117543
7,32,0.000523801,-0.702889,-0.00279226,0,-0.000163412,0.00111189,-0.00191795,0.000552939
8,32,0.0029793,-0.761086,-0.00377227,0,0.0184282,-0.00102833,0.0119848,0.000952843
9,32,-0.00500382,-0.788876,0.00386265,0,-0.0159072,-0.00111945,0.00385846,0.00132513
10,32,0.000152338,-0.790243,-0.00288328,0,0.0116588,0.00118972,0.000704,-0.000156523
1,33,-0.00528526,0.100751,-0.000484612,0,0.000364273,-0.00107164,0.00563714,0.0010053
2,33,0.00247449,0.107398,0.00173177,0,-0.0147433,-0.000864853,0.00280363,-0.0023674
3,33,-0.00925893,0.0412408,0.00223217,0,-0.0188224,0.00148232,-0.00263084,-0.00105372
4,33,-0.00173637,0.113069,-0.00830389,0,0.00289756,-0.000177785,0.00890992,-0.00134366
5,33,-0.00202725,0.044742,0.0123036,0,0.00696073,0.000413676,-0.00226461,0.000205491
6,33,-0.00281794,0.101983,-0.00533648,0,-0.0205022,-0.000350642,0.00252935,0.000212545
7,33,0.00359669,0.132471,-0.00503699,0,-0.00433078,0.00270083,0.00267873,0.000483502
8,33,-0.000903404,0.0998346,-0.00359203,0,-0.0218532,0.00169683,0.000278938,-0.00124367
9,33,-0.00682348,0.147634,0.000955787,0,-0.0109026,0.00121627,0.00721154,0.000663751
10,33,-0.00152097,0.140267,-0.00729553,0,0.000650058,0.00280962,0.0111602,0.000680731
1,34,0.00125923,0.235433,-0.00740611,0,-0.0054655,-0.000263939,-0.000788921,-0.000376274
2,34,-0.00189744,0.305455,0.00167203,0,0.0168417,0.00141641,0.00649849,0.00102529
3,34,0.004109,0.239873,0.00015043,0,-0.00144328,-0.0030487,-0.00674429,0.000194624
4,34,0.00049183,0.265591,0.00386587,0,0.0057538,0.000329765,-0.00724791,-0.000708302
5,34,0.0015618,0.303669,0.00527305,0,0.00453622,-0.000723204,0.0023708,0.00100789
6,34,0.00369457,0.27307,-0.00816595,0,0.0016403,0.000702591,-0.00922812,-0.00100668
7,34,0.00084128,0.3278,-0.00470188,0,0.0240577,-0.00140705,-0.00764021,-0.000796372
8,34,0.00379902,0.283795,-0.00833222,0,0.0205609,0.00163935,-0.000199172,-2.72011e-05
9,34,0.00517926,0.287654,-0.000904877,0,0.0015929,-0.00227258,-0.00019552,-0.00205344
10,34,0.00147648,0.278636,-0.00364973,0,-0.00494905,-0.00175876,0.00543307,0.00119707
1,35,-0.00128062,-0.363967,0.0023451,0,0.00977284,-1.38983e-05,-0.00886389,0.000404329
2,35,0.00977097,-0.302795,0.00644944,0,0.0025901,-0.00204912,-0.00148847,-0.000811788
3,35,0.00153124,-0.394067,-0.00166398,0,0.0160202,0.00108445,0.00662369,0.000490754
4,35,-0.00196662,-0.324916,0.00623695,0,0.0143448,0.000405676,-0.012751,-0.000430233
5,35,-0.00438529,-0.383152,-0.00634657,0,0.00547793,-0.000136749,-0.00574065,-7.58429e-05
6,35,-0.00133633,-0.316882,0.00113388,0,-0.0132376,0.00040397,-0.00819147,-0.000904027
7,35,-0.00519752,-0.308986,-0.00424336,0,-0.00417213,0.00193697,-0.0133837,0.000774388
8,35,0.00627908,-0.314655,0.00261513,0,0.0179367,0.000632266,0.00331498,0.0023811
9,35,-0.00287204,-0.299552,0.00343363,0,0.00471928,0.000152632,-0.00250411,-0.000444223
10,35,-0.000182522,-0.404514,0.000216929,0,0.00298425,-0.00292111,-0.00817199,0.000842016
1,36,-0.00179549,-0.487627,0.0066413,0,0.00300732,-0.000567953,-0.0174279,0.000872371
2,36,-0.005277,-0.501248,-0.00926945,0,0.0040132,0.00183488,-0.00602473,-0.00111055
3,36,-0.00876248,-0.504685,0.0110667,0,-0.0035165,-0.00110306,0.00279119,-0.000181993
4,36,0.00270782,-0.567839,0.0111046,0,0.00867318,-0.00126054,-0.0139824,-0.000852382
5,36,0.00197965,-0.528977,-0.00116781,0,-0.00388437,9.9489e-05,-0.00370091,0.000175002
6,36,0.00396538,-0.522816,0.00539561,0,-0.00223606,0.00205631,0.00123622,0.00128105
7,36,0.000651543,-0.46935,0.00514792,0,-0.0119255,-0.00158822,-0.00376632,-7.28436e-05
8,36,-0.00313032,-0.512957,-0.00211647,0,-0.00505115,0.000314378,-0.00911687,0.000758875
9,36,-0.00737345,-0.530988,-0.0029306,0,0.00677192,-0.00312933,-0.00960808,-0.00128043
10,36,-0.0106933,-0.519439,-0.00566365,0,-0.010029,0.00156275,0.00217481,0.00091156
1,37,0.00396114,-0.235248,0.006702,0,0.0164451,-0.00136003,0.00670532,-0.00105268
2,37,0.000234892,-0.121555,-0.00247035,0,-0.00792037,0.00427394,0.0120337,-0.000250012
3,37,0.00169297,-0.195702,-0.00882829,0,0.0108783,0.000288428,0.010743,0.00171609
4,37,-0.00481431,-0.167093,-0.00260325,0,0.0119169,-0.00170743,-0.000961002,0.000241196
5,37,-0.000732894,-0.200425,0.00266379,0,0.00608818,0.0021928,-0.000780582,0.00117402
6,37,0.000293751,-0.242126,-0.00355735,0,-0.00404897,0.00076737,0.00711184,-0.00130504
7,37,0.00126035,-0.163957,-0.00103026,0,0.00134531,-0.00113224,0.00748024,0.00012204
8,37,-0.000683971,-0.099427,0.00294077,0,-0.0031644,-0.00249867,0.00509725,-0.000771379
9,37,-0.00198397,-0.194295,0.00199388,0,-0.000697551,0.000417123,0.00630407,-0.000667683
10,37,-0.00140617,-0.228952,0.000733709,0,0.00470862,-0.000177627,0.00312349,-0.000467043
1,38,-0.00371747,-0.246673,-0.000498417,0,-0.00892801,0.000656924,0.00675111,0.000548604
2,38,-0.00147458,-0.318635,0.00068937,0,0.00284486,-0.00100695,0.00829306,0.000685511
3,38,0.00251736,-0.232072,0.0120201,0,0.00724995,0.00125058,0.0107217,-0.000623255
4,38,-0.00583854,-0.319864,0.00695459,0,-0.0135711,-0.00181334,-0.00413069,-0.000617867
5,38,0.00055645,-0.313227,0.000106061,0,0.0159576,-0.00237729,0.0110252,-0.00209591
6,38,-0.000513193,-0.222175,0.0013865,0,0.00964336,-0.00220559,0.0174897,-0.000948417
7,38,0.00413977,-0.34145,0.00750959,0,0.00482715,0.00113373,0.00774904,-0.000357709
8,38,0.00265351,-0.262973,-0.00216238,0,-0.0241489,-4.2029e-05,0.00529565,0.000302688
9,38,0.00143042,-0.318073,-0.0034497,0,-0.00501618,0.000530079,0.0185654,0.00115886
10,38,-0.00434252,-0.298937,-0.0063514,0,0.00827457,-0.0032504,0.00466984,-0.000966411
1,39,0.00817818,-0.159046,0.00364899,0,0.0116042,0.00226317,0.0012685,0.000423573
2,39,-0.0055002,-0.163655,-0.0116253,0,0.0107027,0.000983803,-0.00558894,0.00125226
3,39,0.00406286,-0.159691,0.000688118,0,-0.00258318,0.000845072,-0.000765069,0.00215566
4,39,0.00181427,-0.134874,0.00223543,0,0.00769374,-0.00190171,-0.00506566,-0.00135418
5,39,0.00492737,-0.201126,-0.0050777,0,-0.00369743,-0.000417481,0.00576496,-0.000674953
6,39,-0.00017848,-0.134321,-0.000111906,0,0.00530771,-0.000672631,0.00109839,0.00126956
7,39,0.00144508,-0.145362,-0.00992071,0,-0.0133649,0.0015788,0.00283938,0.000499431
8,39,0.00187828,-0.215051,-0.0023956,0,0.0115626,0.000788747,-0.00418641,-0.00126155
9,39,0.00104811,-0.139009,-0.00915945,0,-0.00287568,0.000163144,0.00290168,-0.00101458
10,39,-0.000620646,-0.173606,-0.00463977,0,-0.0116118,0.00145237,-0.00399761,0.000471574
1,40,-0.00231621,0.418379,-0.017691,0,-0.00212681,-0.00288613,-0.00641866,-0.000875339
2,40,0.00268785,0.473891,-0.00401756,0,-0.00914601,-2.60352e-05,-0.00265679,0.000724062
3,40,0.00125341,0.44851,0.00322609,0,-0.00951593,0.00023375,-0.0143827,-0.00243398
4,40,-0.000627727,0.35782,-0.0055588,0,0.00318358,-0.000168685,0.000269778,0.00148762
5,40,0.00637202,0.461683,-0.00147,0,-0.000696663,0.000211388,-0.0110637,0.00113459
6,40,0.000537542,0.46347,0.00249491,0,-0.00255201,-0.000739143,0.000437334,-0.0013883
7,40,-0.00218756,0.429308,-0.00865454,0,0.00221491,-0.00039522,0.00322424,-0.00116398
8,40,-0.0103629,0.44986,0.00974957,0,-0.0113007,-0.000343745,-0.0159927,-0.000870497
9,40,0.00284647,0.484818,0.00666909,0,-0.0025051,0.00117199,-0.00662002,-0.000458733
10,40,0.000266957,0.458998,0.00283701,0,0.00692047,-0.00174948,0.00308076,-0.00149753
1,41,-0.00527104,0.078833,-0.00435482,0,0.00121132,0.00244621,0.00838269,-7.21548e-05
2,41,0.0028479,0.0853933,-0.000284957,0,0.0146975,0.000489272,0.0129346,-0.00046757
3,41,-0.00451797,0.0810145,0.00189752,0,0.0158039,-0.00247673,0.00557268,-0.000855136
4,41,0.00247283,0.080298,-0.00207727,0,0.00671307,0.000539588,0.000682331,0.00176583
5,41,-0.00746243,0.0789014,0.00109872,0,-0.000743599,-0.00130824,-0.00493607,-0.00113422
6,41,-0.00359009,0.0787943,0.0112618,0,0.00182901,0.0011893,0.00449208,-0.0010101
7,41,-0.00251717,0.0915902,0.00539462,0,0.0173485,-1.27345e-06,0.000923051,0.000646156
8,41,-0.00454162,0.0546596,-0.0078382,0,0.0234976,0.00148358,0.000261219,-0.00222981
9,41,-0.00256156,0.0724579,-0.0025203,0,0.00396827,-0.00111057,0.00313032,0.000185448
10,41,0.000403688,0.144069,-0.00313765,0,0.0152039,-0.000644333,0.0151375,-0.000773815
1,42,0.00383376,0.099555,-0.00655748,0,-0.0120783,0.00106453,-0.00784972,-0.000892671
2,42,-0.00393272,0.154587,0.000169568,0,-0.0134957,0.00293683,-0.00158341,-0.00133487
3,42,0.00455434,0.103007,-0.00179553,0,-0.00201291,-0.000150067,-0.0163274,0.000361541
4,42,0.000610842,0.09137,-0.00540887,0,-0.00909637,-0.00164167,-0.00984626,0.000452709
5,42,0.00368849,0.0536406,0.000977688,0,-0.00226276,-0.000975089,-0.00373746,-0.000772638
6,42,0.0102077,0.174116,0.00576054,0,-0.00823626,-0.000730428,-0.00781389,-0.000722272
7,42,-0.00215284,0.116622,-0.00365126,0,0.00873559,0.000640891,0.00541452,0.000920508
8,42,-0.00126954,0.0968016,-0.00277362,0,0.0176642,0.00109812,-0.00707154,-0.000377466
9,42,-0.00421447,0.0439406,-0.010799,0,0.00550254,0.00188708,-0.00045654,0.0023806
10,42,-0.00255277,0.0942981,0.00290006,0,0.00426281,-0.00117697,-0.00757637,0.00109525
1,43,-0.00363248,-0.243349,0.0170734,0,-0.00351318,0.000169412,0.0128079,0.000817597
2,43,-0.00142625,-0.202817,-0.00301668,0,-0.0124785,-0.00158228,0.00230572,-8.36553e-05
3,43,0.00525083,-0.224337,0.0135265,0,-0.00732493,-0.000372379,0.00452432,0.000681902
4,43,-0.006194,-0.246182,-0.0108451,0,-0.011265,-0.000425094,0.00667854,5.38231e-06
5,43,-0.000481144,-0.243644,-0.00155883,0,-0.0183314,-0.00127101,0.00426624,-0.000697675
6,43,-0.00210697,-0.210834,0.00993387,0,0.00539234,-0.00204929,0.00775716,-0.000684467
7,43,0.00333494,-0.22782,-0.000176648,0,0.00162836,0.00012464,0.0129892,0.00184781
8,43,-0.000768311,-0.218555,0.000861047,0,-0.00607687,-0.000759853,-0.00687158,-0.00174726
9,43,-0.00387381,-0.235283,0.0104234,0,0.0129836,-0.000570734,0.00568535,0.00103735
10,43,-0.00336733,-0.168961,0.00740631,0,-0.0136098,-0.000235225,-0.00891077,-0.00178351
1,44,0.000316945,0.0934947,0.00842854,0,0.00606673,0.00186711,-0.0169754,0.000398474
2,44,-0.00435387,0.0975299,0.00332578,0,-0.0172274,0.0015953,-0.0110837,-0.000231406
3,44,-0.000826153,0.0942325,-0.000388053,0,0.00453691,0.00140739,-0.00890224,-2.66979e-05
4,44,-0.00177777,0.144602,-0.00353644,0,-0.010494,0.000915583,0.0030498,0.000914409
5,44,0.00500942,0.099124,-0.00235542,0,-0.0114528,0.00059639,-0.00420092,0.000694461
6,44,0.0047737,0.170971,0.000802451,0,-0.00665835,0.00112153,-0.00701022,0.00101303
7,44,0.00204374,0.138286,0.000970649,0,0.00336632,-0.000463603,-0.0146217,0.00100062
8,44,0.00163281,0.0841069,0.00364624,0,-0.00810913,0.000691976,-0.013732,0.00107183
9,44,-0.00366681,0.177432,-0.00257714,0,-0.0154329,0.00224481,-0.00899598,-0.00217166
10,44,-0.000640954,0.117715,0.0122071,0,-0.00756744,-0.00234546,-0.00986711,-0.000415799
1,45,9.62949e-05,-0.373617,0.00739858,0,0.019757,-0.00157102,0.00147619,5.51505e-05
2,45,-0.00907646,-0.344026,0.000411443,0,0.00864993,-0.000221828,-0.00138597,-0.00122941
3,45,0.00258763,-0.390391,-0.00069551,0,0.00724155,-0.000411398,0.00365427,0.000789325
4,45,-5.77273e-05,-0.311754,-0.00817592,0,-0.000971964,-0.000992921,0.00946247,-0.000153177
5,45,-0.0017847,-0.380517,0.00842577,0,0.00539259,0.000455748,0.00728375,-0.00122577
6,45,-0.00939275,-0.369104,0.000737404,0,0.0135934,-0.000140963,-0.00128753,0.00157234
7,45,-0.00468973,-0.407954,-0.0038959,0,0.0228531,0.00344142,0.00534441,0.000204531
8,45,-0.00630967,-0.362491,0.00596629,0,0.0137135,0.00125799,0.00173976,-0.00190597
9,45,-0.0105456,-0.378648,0.00649689,0,0.00537201,0.00037319,0.00827387,8.03461e-05
10,45,-0.000779337,-0.379428,-0.010321,0,-0.0183525,0.00150736,0.00276665,-0.00143451
