rep,id,eta_V,eta_Cl
1,1,0,-0.362207
2,1,0,-0.363771
3,1,0,-0.367795
4,1,0,-0.354715
5,1,0,-0.366191
6,1,0,-0.341334
7,1,0,-0.348112
8,1,0,-0.365198
9,1,0,-0.364523
10,1,0,-0.342574
1,2,0,0.282168
2,2,0,0.297316
3,2,0,0.296142
4,2,0,0.293353
5,2,0,0.281213
6,2,0,0.285517
7,2,0,0.282233
8,2,0,0.282356
9,2,0,0.295183
10,2,0,0.294615
1,3,0,0.386734
2,3,0,0.381264
3,3,0,0.403108
4,3,0,0.391679
5,3,0,0.390718
6,3,0,0.387509
7,3,0,0.400195
8,3,0,0.408159
9,3,0,0.397302
10,3,0,0.385802
1,4,0,0.0680061
2,4,0,0.0848373
3,4,0,0.0853129
4,4,0,0.0653853
5,4,0,0.0684387
6,4,0,0.0697444
7,4,0,0.075038
8,4,0,0.0750185
9,4,0,0.0606805
10,4,0,0.0679783
1,5,0,-0.114615
2,5,0,-0.129286
3,5,0,-0.109378
4,5,0,-0.143161
5,5,0,-0.130264
6,5,0,-0.115561
7,5,0,-0.111333
8,5,0,-0.119945
9,5,0,-0.0964719
10,5,0,-0.123976
1,6,0,-0.259351
2,6,0,-0.253683
3,6,0,-0.239158
4,6,0,-0.235823
5,6,0,-0.251835
6,6,0,-0.240771
7,6,0,-0.249203
8,6,0,-0.24205
9,6,0,-0.241801
10,6,0,-0.245792
1,7,0,0.444936
2,7,0,0.457033
3,7,0,0.470372
4,7,0,0.456608
5,7,0,0.453461
6,7,0,0.462614
7,7,0,0.471557
8,7,0,0.465548
9,7,0,0.449704
10,7,0,0.457686
1,8,0,-0.352601
2,8,0,-0.347703
3,8,0,-0.345432
4,8,0,-0.36568
5,8,0,-0.362879
6,8,0,-0.352576
7,8,0,-0.363591
8,8,0,-0.362702
9,8,0,-0.35962
10,8,0,-0.390893
1,9,0,-0.238301
2,9,0,-0.251383
3,9,0,-0.265654
4,9,0,-0.254317
5,9,0,-0.258513
6,9,0,-0.278717
7,9,0,-0.25062
8,9,0,-0.249137
9,9,0,-0.259698
10,9,0,-0.243045
1,10,0,0.343227
2,10,0,0.34678
3,10,0,0.365214
4,10,0,0.326357
5,10,0,0.342188
6,10,0,0.333785
7,10,0,0.358004
8,10,0,0.326124
9,10,0,0.352925
10,10,0,0.330355
1,11,0,-0.638143
2,11,0,-0.650421
3,11,0,-0.690764
4,11,0,-0.645907
5,11,0,-0.687246
6,11,0,-0.649609
7,11,0,-0.676975
8,11,0,-0.650958
9,11,0,-0.696223
10,11,0,-0.632311
1,12,0,0.239488
2,12,0,0.247823
3,12,0,0.247389
4,12,0,0.247115
5,12,0,0.249787
6,12,0,0.257524
7,12,0,0.245103
8,12,0,0.243953
9,12,0,0.25873
10,12,0,0.240454
1,13,0,-0.406048
2,13,0,-0.40128
3,13,0,-0.400974
4,13,0,-0.408716
5,13,0,-0.40519
6,13,0,-0.388376
7,13,0,-0.420321
8,13,0,-0.396142
9,13,0,-0.424809
10,13,0,-0.377745
1,14,0,0.118113
2,14,0,0.134583
3,14,0,0.12731
4,14,0,0.124068
5,14,0,0.134159
6,14,0,0.132522
7,14,0,0.132326
8,14,0,0.121633
9,14,0,0.122691
10,14,0,0.120757
1,15,0,0.30893
2,15,0,0.324538
3,15,0,0.312062
4,15,0,0.316766
5,15,0,0.306821
6,15,0,0.320173
7,15,0,0.310041
8,15,0,0.300031
9,15,0,0.308487
10,15,0,0.310354
1,16,0,0.309602
2,16,0,0.304972
3,16,0,0.294327
4,16,0,0.297446
5,16,0,0.29585
6,16,0,0.28951
7,16,0,0.293242
8,16,0,0.291007
9,16,0,0.308852
10,16,0,0.305373
1,17,0,0.531533
2,17,0,0.53413
3,17,0,0.523351
4,17,0,0.522462
5,17,0,0.533898
6,17,0,0.538051
7,17,0,0.529348
8,17,0,0.528862
9,17,0,0.524971
10,17,0,0.529987
1,18,0,0.0665327
2,18,0,0.0830804
3,18,0,0.0753106
4,18,0,0.0795418
5,18,0,0.0738504
6,18,0,0.0752312
7,18,0,0.0741061
8,18,0,0.0794327
9,18,0,0.0783283
10,18,0,0.0884567
1,19,0,-0.121031
2,19,0,-0.126907
3,19,0,-0.136222
4,19,0,-0.11749
5,19,0,-0.134439
6,19,0,-0.126829
7,19,0,-0.124896
8,19,0,-0.106972
9,19,0,-0.120661
10,19,0,-0.117409
1,20,0,-0.280033
2,20,0,-0.234994
3,20,0,-0.236151
4,20,0,-0.247674
5,20,0,-0.25194
6,20,0,-0.241635
7,20,0,-0.246591
8,20,0,-0.240031
9,20,0,-0.235778
10,20,0,-0.227829
1,21,0,0.601829
2,21,0,0.603379
3,21,0,0.608574
4,21,0,0.611433
5,21,0,0.602468
6,21,0,0.59149
7,21,0,0.608006
8,21,0,0.601721
9,21,0,0.605075
10,21,0,0.609596
1,22,0,-0.347466
2,22,0,-0.349241
3,22,0,-0.356013
4,22,0,-0.338413
5,22,0,-0.340424
6,22,0,-0.337088
7,22,0,-0.353871
8,22,0,-0.337939
9,22,0,-0.354617
10,22,0,-0.361114
1,23,0,-0.258713
2,23,0,-0.2454
3,23,0,-0.259158
4,23,0,-0.265478
5,23,0,-0.253665
6,23,0,-0.255294
7,23,0,-0.252543
8,23,0,-0.265254
9,23,0,-0.258342
10,23,0,-0.241999
1,24,0,0.487488
2,24,0,0.469521
3,24,0,0.480693
4,24,0,0.483615
5,24,0,0.478412
6,24,0,0.488431
7,24,0,0.469914
8,24,0,0.481026
9,24,0,0.486611
10,24,0,0.492601
1,25,0,-0.667647
2,25,0,-0.650547
3,25,0,-0.639842
4,25,0,-0.633847
5,25,0,-0.65356
6,25,0,-0.659748
7,25,0,-0.64046
8,25,0,-0.647558
9,25,0,-0.641485
10,25,0,-0.633468
1,26,0,0.245215
2,26,0,0.264176
3,26,0,0.250605
4,26,0,0.253033
5,26,0,0.257761
6,26,0,0.254445
7,26,0,0.249741
8,26,0,0.245226
9,26,0,0.247441
10,26,0,0.239679
1,27,0,-0.410872
2,27,0,-0.408681
3,27,0,-0.391782
4,27,0,-0.407282
5,27,0,-0.411202
6,27,0,-0.397824
7,27,0,-0.395383
8,27,0,-0.397006
9,27,0,-0.427215
10,27,0,-0.402581
1,28,0,0.119826
2,28,0,0.133519
3,28,0,0.12192
4,28,0,0.121132
5,28,0,0.118061
6,28,0,0.119748
7,28,0,0.127755
8,28,0,0.129127
9,28,0,0.11023
10,28,0,0.119814
1,29,0,0.319939
2,29,0,0.319117
3,29,0,0.326247
4,29,0,0.322301
5,29,0,0.318552
6,29,0,0.330075
7,29,0,0.331156
8,29,0,0.332097
9,29,0,0.315101
10,29,0,0.319429
1,30,0,-0.123287
2,30,0,-0.130191
3,30,0,-0.117314
4,30,0,-0.114942
5,30,0,-0.120221
6,30,0,-0.13774
7,30,0,-0.14508
8,30,0,-0.103902
9,30,0,-0.123529
10,30,0,-0.112496
1,31,0,0.519276
2,31,0,0.525546
3,31,0,0.511481
4,31,0,0.515765
5,31,0,0.516057
6,31,0,0.519905
7,31,0,0.522751
8,31,0,0.52053
9,31,0,0.521357
10,31,0,0.52272
1,32,0,0.0595396
2,32,0,0.0771873
3,32,0,0.086582
4,32,0,0.0820655
5,32,0,0.0702113
6,32,0,0.0693094
7,32,0,0.0687945
8,32,0,0.0684711
9,32,0,0.0761249
10,32,0,0.0859531
1,33,0,-0.11265
2,33,0,-0.121651
3,33,0,-0.129494
4,33,0,-0.124803
5,33,0,-0.121036
6,33,0,-0.11326
7,33,0,-0.139513
8,33,0,-0.11966
9,33,0,-0.121839
10,33,0,-0.110946
1,34,0,-0.274067
2,34,0,-0.26287
3,34,0,-0.246492
4,34,0,-0.238928
5,34,0,-0.264006
6,34,0,-0.244891
7,34,0,-0.248163
8,34,0,-0.236512
9,34,0,-0.255621
10,34,0,-0.262734
1,35,0,0.592295
2,35,0,0.600678
3,35,0,0.591808
4,35,0,0.579472
5,35,0,0.58867
6,35,0,0.58521
7,35,0,0.600867
8,35,0,0.599239
9,35,0,0.590478
10,35,0,0.588145
1,36,0,-0.337117
2,36,0,-0.332524
3,36,0,-0.346478
4,36,0,-0.342399
5,36,0,-0.344965
6,36,0,-0.341158
7,36,0,-0.353288
8,36,0,-0.338876
9,36,0,-0.371096
10,36,0,-0.359088
1,37,0,-0.255308
2,37,0,-0.257015
3,37,0,-0.252884
4,37,0,-0.247735
5,37,0,-0.261995
6,37,0,-0.255388
7,37,0,-0.248433
8,37,0,-0.263379
9,37,0,-0.267635
10,37,0,-0.26201
1,38,0,0.484516
2,38,0,0.479984
3,38,0,0.473476
4,38,0,0.484284
5,38,0,0.483527
6,38,0,0.473081
7,38,0,0.491174
8,38,0,0.48433
9,38,0,0.47426
10,38,0,0.484866
1,39,0,-0.654919
2,39,0,-0.658596
3,39,0,-0.640252
4,39,0,-0.636682
5,39,0,-0.6425
6,39,0,-0.633509
7,39,0,-0.648088
8,39,0,-0.649508
9,39,0,-0.623978
10,39,0,-0.648887
1,40,0,0.256369
2,40,0,0.248154
3,40,0,0.251738
4,40,0,0.252519
5,40,0,0.248567
6,40,0,0.24621
7,40,0,0.251643
8,40,0,0.244487
9,40,0,0.249723
10,40,0,0.240488
1,41,0,-0.396646
2,41,0,-0.411357
3,41,0,-0.385818
4,41,0,-0.379436
5,41,0,-0.412762
6,41,0,-0.414555
7,41,0,-0.394468
8,41,0,-0.402201
9,41,0,-0.429259
10,41,0,-0.403987
1,42,0,0.108436
2,42,0,0.126347
3,42,0,0.10995
4,42,0,0.112431
5,42,0,0.1098
6,42,0,0.133086
7,42,0,0.123821
8,42,0,0.12649
9,42,0,0.108781
10,42,0,0.143299
1,43,0,0.316495
2,43,0,0.315413
3,43,0,0.321133
4,43,0,0.322112
5,43,0,0.323772
6,43,0,0.318915
7,43,0,0.31851
8,43,0,0.32986
9,43,0,0.324497
10,43,0,0.329801
1,44,0,-0.104093
2,44,0,-0.118487
3,44,0,-0.116469
4,44,0,-0.106185
5,44,0,-0.10963
6,44,0,-0.108144
7,44,0,-0.110388
8,44,0,-0.121303
9,44,0,-0.0884534
10,44,0,-0.108726
1,45,0,-0.693781
2,45,0,-0.720466
3,45,0,-0.698341
4,45,0,-0.714113
5,45,0,-0.725736
6,45,0,-0.723538
7,45,0,-0.727746
8,45,0,-0.712881
9,45,0,-0.718487
10,45,0,-0.714657
