rep,id,V,Cl
1,1,5.6034,2.7991
2,1,5.37788,2.7991
3,1,5.39492,2.7991
4,1,5.36803,2.7991
5,1,5.35535,2.7991
6,1,5.43732,2.7991
7,1,5.3903,2.7991
8,1,5.39983,2.7991
9,1,5.49328,2.7991
10,1,5.34067,2.7991
1,2,9.12419,2.7991
2,2,9.32624,2.7991
3,2,9.0181,2.7991
4,2,9.51306,2.7991
5,2,8.83778,2.7991
6,2,8.89762,2.7991
7,2,8.98261,2.7991
8,2,9.17481,2.7991
9,2,8.88988,2.7991
10,2,9.33175,2.7991
1,3,10.247,2.7991
2,3,10.0072,2.7991
3,3,10.4787,2.7991
4,3,10.106,2.7991
5,3,10.2829,2.7991
6,3,10.3927,2.7991
7,3,10.3709,2.7991
8,3,10.1993,2.7991
9,3,10.5697,2.7991
10,3,10.4438,2.7991
1,4,3.42071,2.7991
2,4,3.38391,2.7991
3,4,3.44478,2.7991
4,4,3.37298,2.7991
5,4,3.44384,2.7991
6,4,3.43839,2.7991
7,4,3.4617,2.7991
8,4,3.37843,2.7991
9,4,3.42737,2.7991
10,4,3.37843,2.7991
1,5,5.02097,2.7991
2,5,5.02325,2.7991
3,5,4.97735,2.7991
4,5,4.99904,2.7991
5,5,4.96258,2.7991
6,5,4.97906,2.7991
7,5,4.99082,2.7991
8,5,5.08946,2.7991
9,5,4.99962,2.7991
10,5,4.98828,2.7991
1,6,5.96904,2.7991
2,6,6.04035,2.7991
3,6,6.12396,2.7991
4,6,6.11422,2.7991
5,6,6.26393,2.7991
6,6,6.15605,2.7991
7,6,5.91801,2.7991
8,6,6.07099,2.7991
9,6,6.12078,2.7991
10,6,6.11284,2.7991
1,7,5.85601,2.7991
2,7,5.75194,2.7991
3,7,5.94356,2.7991
4,7,5.56824,2.7991
5,7,5.72822,2.7991
6,7,5.73332,2.7991
7,7,5.7065,2.7991
8,7,5.73256,2.7991
9,7,5.78686,2.7991
10,7,5.84923,2.7991
1,8,8.25709,2.7991
2,8,8.41723,2.7991
3,8,8.36086,2.7991
4,8,8.22995,2.7991
5,8,8.12321,2.7991
6,8,8.05899,2.7991
7,8,8.1108,2.7991
8,8,8.25341,2.7991
9,8,8.31105,2.7991
10,8,7.92764,2.7991
1,9,6.40137,2.7991
2,9,6.18034,2.7991
3,9,6.55656,2.7991
4,9,6.29085,2.7991
5,9,6.50111,2.7991
6,9,6.40589,2.7991
7,9,6.50527,2.7991
8,9,6.41629,2.7991
9,9,6.50302,2.7991
10,9,6.5714,2.7991
1,10,9.31105,2.7991
2,10,9.16418,2.7991
3,10,9.03259,2.7991
4,10,8.85043,2.7991
5,10,9.45809,2.7991
6,10,8.73945,2.7991
7,10,9.00348,2.7991
8,10,8.80091,2.7991
9,10,9.07703,2.7991
10,10,8.82743,2.7991
1,11,4.32563,2.7991
2,11,4.37623,2.7991
3,11,4.31331,2.7991
4,11,4.34619,2.7991
5,11,4.28609,2.7991
6,11,4.26326,2.7991
7,11,4.31443,2.7991
8,11,4.31396,2.7991
9,11,4.29731,2.7991
10,11,4.37683,2.7991
1,12,4.17582,2.7991
2,12,4.18017,2.7991
3,12,4.0922,2.7991
4,12,4.1502,2.7991
5,12,4.1914,2.7991
6,12,4.17695,2.7991
7,12,4.15581,2.7991
8,12,4.13627,2.7991
9,12,4.16445,2.7991
10,12,4.13124,2.7991
1,13,5.60834,2.7991
2,13,5.50258,2.7991
3,13,5.5874,2.7991
4,13,5.70882,2.7991
5,13,5.64779,2.7991
6,13,5.56781,2.7991
7,13,5.57609,2.7991
8,13,5.53559,2.7991
9,13,5.40907,2.7991
10,13,5.46381,2.7991
1,14,3.70086,2.7991
2,14,3.6962,2.7991
3,14,3.70609,2.7991
4,14,3.75284,2.7991
5,14,3.76585,2.7991
6,14,3.69831,2.7991
7,14,3.75397,2.7991
8,14,3.75654,2.7991
9,14,3.76826,2.7991
10,14,3.68387,2.7991
1,15,5.85345,2.7991
2,15,5.79032,2.7991
3,15,5.95683,2.7991
4,15,6.08545,2.7991
5,15,6.03083,2.7991
6,15,5.80956,2.7991
7,15,5.90612,2.7991
8,15,6.06148,2.7991
9,15,5.8309,2.7991
10,15,5.69342,2.7991
1,16,9.11101,2.7991
2,16,9.07014,2.7991
3,16,8.61529,2.7991
4,16,9.27966,2.7991
5,16,9.08022,2.7991
6,16,8.58606,2.7991
7,16,8.81436,2.7991
8,16,9.03955,2.7991
9,16,9.3466,2.7991
10,16,9.14544,2.7991
1,17,9.60882,2.7991
2,17,9.92455,2.7991
3,17,10.0008,2.7991
4,17,9.4639,2.7991
5,17,10.1505,2.7991
6,17,10.0673,2.7991
7,17,9.84749,2.7991
8,17,9.81282,2.7991
9,17,10.2544,2.7991
10,17,9.99438,2.7991
1,18,3.40082,2.7991
2,18,3.40097,2.7991
3,18,3.39736,2.7991
4,18,3.41103,2.7991
5,18,3.35475,2.7991
6,18,3.43936,2.7991
7,18,3.4321,2.7991
8,18,3.4297,2.7991
9,18,3.44353,2.7991
10,18,3.4297,2.7991
1,19,5.11127,2.7991
2,19,5.01903,2.7991
3,19,4.91452,2.7991
4,19,4.93015,2.7991
5,19,4.83081,2.7991
6,19,4.96137,2.7991
7,19,5.00892,2.7991
8,19,4.97562,2.7991
9,19,4.9236,2.7991
10,19,5.10709,2.7991
1,20,5.91062,2.7991
2,20,6.15491,2.7991
3,20,6.02411,2.7991
4,20,6.01867,2.7991
5,20,6.16476,2.7991
6,20,5.96584,2.7991
7,20,6.27486,2.7991
8,20,6.13029,2.7991
9,20,6.00177,2.7991
10,20,6.16438,2.7991
1,21,5.90466,2.7991
2,21,5.84931,2.7991
3,21,5.77256,2.7991
4,21,5.77212,2.7991
5,21,5.72656,2.7991
6,21,5.84939,2.7991
7,21,5.66652,2.7991
8,21,5.69827,2.7991
9,21,5.77687,2.7991
10,21,5.72498,2.7991
1,22,8.54405,2.7991
2,22,8.15942,2.7991
3,22,8.93486,2.7991
4,22,8.15772,2.7991
5,22,8.18467,2.7991
6,22,8.39416,2.7991
7,22,8.09788,2.7991
8,22,8.34981,2.7991
9,22,8.17934,2.7991
10,22,8.13725,2.7991
1,23,6.51303,2.7991
2,23,6.51341,2.7991
3,23,6.47113,2.7991
4,23,6.495,2.7991
5,23,6.35202,2.7991
6,23,6.32087,2.7991
7,23,6.46447,2.7991
8,23,6.37877,2.7991
9,23,6.44555,2.7991
10,23,6.43994,2.7991
1,24,8.85437,2.7991
2,24,8.64709,2.7991
3,24,8.37306,2.7991
4,24,8.4838,2.7991
5,24,8.93827,2.7991
6,24,8.70076,2.7991
7,24,8.74846,2.7991
8,24,8.78917,2.7991
9,24,8.47274,2.7991
10,24,8.49464,2.7991
1,25,4.2768,2.7991
2,25,4.3157,2.7991
3,25,4.3214,2.7991
4,25,4.33333,2.7991
5,25,4.34338,2.7991
6,25,4.34972,2.7991
7,25,4.31324,2.7991
8,25,4.29489,2.7991
9,25,4.32148,2.7991
10,25,4.31541,2.7991
1,26,4.10161,2.7991
2,26,4.10927,2.7991
3,26,4.04478,2.7991
4,26,4.17819,2.7991
5,26,4.10663,2.7991
6,26,4.04081,2.7991
7,26,4.09481,2.7991
8,26,4.16389,2.7991
9,26,4.08597,2.7991
10,26,4.0205,2.7991
1,27,5.44783,2.7991
2,27,5.50078,2.7991
3,27,5.47336,2.7991
4,27,5.59839,2.7991
5,27,5.53475,2.7991
6,27,5.50834,2.7991
7,27,5.56035,2.7991
8,27,5.59013,2.7991
9,27,5.62692,2.7991
10,27,5.66831,2.7991
1,28,3.63036,2.7991
2,28,3.69409,2.7991
3,28,3.64565,2.7991
4,28,3.66703,2.7991
5,28,3.65657,2.7991
6,28,3.65337,2.7991
7,28,3.66092,2.7991
8,28,3.60587,2.7991
9,28,3.72536,2.7991
10,28,3.67056,2.7991
1,29,5.97575,2.7991
2,29,6.04132,2.7991
3,29,5.98124,2.7991
4,29,6.04157,2.7991
5,29,5.99581,2.7991
6,29,6.20968,2.7991
7,29,5.99725,2.7991
8,29,6.07581,2.7991
9,29,6.01037,2.7991
10,29,6.05196,2.7991
1,30,7.04993,2.7991
2,30,6.91584,2.7991
3,30,6.93825,2.7991
4,30,6.82109,2.7991
5,30,6.80976,2.7991
6,30,6.99211,2.7991
7,30,6.92848,2.7991
8,30,6.53415,2.7991
9,30,6.63272,2.7991
10,30,7.13648,2.7991
1,31,10.5597,2.7991
2,31,10.307,2.7991
3,31,9.76915,2.7991
4,31,9.94701,2.7991
5,31,10.0681,2.7991
6,31,10.0473,2.7991
7,31,10.0648,2.7991
8,31,9.86867,2.7991
9,31,10.1912,2.7991
10,31,10.3481,2.7991
1,32,3.42359,2.7991
2,32,3.46004,2.7991
3,32,3.4449,2.7991
4,32,3.41265,2.7991
5,32,3.39358,2.7991
6,32,3.43839,2.7991
7,32,3.39012,2.7991
8,32,3.3917,2.7991
9,32,3.43357,2.7991
10,32,3.35945,2.7991
1,33,4.9978,2.7991
2,33,4.97837,2.7991
3,33,5.06416,2.7991
4,33,4.97841,2.7991
5,33,5.03205,2.7991
6,33,4.91991,2.7991
7,33,5.03537,2.7991
8,33,5.10496,2.7991
9,33,4.99025,2.7991
10,33,5.02285,2.7991
1,34,5.94797,2.7991
2,34,6.11104,2.7991
3,34,5.94505,2.7991
4,34,5.85178,2.7991
5,34,6.04196,2.7991
6,34,6.20408,2.7991
7,34,5.85343,2.7991
8,34,5.8499,2.7991
9,34,5.88627,2.7991
10,34,6.03628,2.7991
1,35,5.66361,2.7991
2,35,5.62916,2.7991
3,35,5.67564,2.7991
4,35,5.79254,2.7991
5,35,5.6108,2.7991
6,35,5.66529,2.7991
7,35,5.64366,2.7991
8,35,5.53832,2.7991
9,35,5.70709,2.7991
10,35,5.64645,2.7991
1,36,8.90595,2.7991
2,36,8.9796,2.7991
3,36,8.71532,2.7991
4,36,8.94451,2.7991
5,36,8.67279,2.7991
6,36,8.75573,2.7991
7,36,8.27546,2.7991
8,36,8.7737,2.7991
9,36,8.54777,2.7991
10,36,8.50891,2.7991
1,37,7.08279,2.7991
2,37,7.01781,2.7991
3,37,6.80829,2.7991
4,37,6.97335,2.7991
5,37,6.89159,2.7991
6,37,6.95135,2.7991
7,37,7.01255,2.7991
8,37,6.86506,2.7991
9,37,6.98457,2.7991
10,37,6.59741,2.7991
1,38,8.64682,2.7991
2,38,8.53209,2.7991
3,38,8.65459,2.7991
4,38,8.67627,2.7991
5,38,8.53598,2.7991
6,38,8.82541,2.7991
7,38,8.77013,2.7991
8,38,8.25374,2.7991
9,38,8.85805,2.7991
10,38,8.71538,2.7991
1,39,4.32969,2.7991
2,39,4.33936,2.7991
3,39,4.35287,2.7991
4,39,4.34404,2.7991
5,39,4.33177,2.7991
6,39,4.37042,2.7991
7,39,4.37305,2.7991
8,39,4.35879,2.7991
9,39,4.37661,2.7991
10,39,4.3791,2.7991
1,40,3.97457,2.7991
2,40,4.0692,2.7991
3,40,4.03972,2.7991
4,40,4.04257,2.7991
5,40,4.05584,2.7991
6,40,4.06031,2.7991
7,40,4.03253,2.7991
8,40,4.01341,2.7991
9,40,4.05555,2.7991
10,40,4.02593,2.7991
1,41,5.59702,2.7991
2,41,5.61806,2.7991
3,41,5.58604,2.7991
4,41,5.50506,2.7991
5,41,5.69338,2.7991
6,41,5.7261,2.7991
7,41,5.59377,2.7991
8,41,5.52809,2.7991
9,41,5.66733,2.7991
10,41,5.57757,2.7991
1,42,3.70642,2.7991
2,42,3.77485,2.7991
3,42,3.74392,2.7991
4,42,3.77074,2.7991
5,42,3.71938,2.7991
6,42,3.72738,2.7991
7,42,3.70103,2.7991
8,42,3.7365,2.7991
9,42,3.68258,2.7991
10,42,3.75007,2.7991
1,43,6.06315,2.7991
2,43,6.13942,2.7991
3,43,6.03097,2.7991
4,43,6.18665,2.7991
5,43,6.20384,2.7991
6,43,6.06941,2.7991
7,43,6.24307,2.7991
8,43,6.32364,2.7991
9,43,6.40882,2.7991
10,43,6.40706,2.7991
1,44,7.0335,2.7991
2,44,6.77098,2.7991
3,44,7.00239,2.7991
4,44,6.95325,2.7991
5,44,7.20525,2.7991
6,44,7.41114,2.7991
7,44,7.16548,2.7991
8,44,7.07336,2.7991
9,44,7.0891,2.7991
10,44,7.17576,2.7991
1,45,8.77519,2.7991
2,45,8.41825,2.7991
3,45,8.50024,2.7991
4,45,8.51308,2.7991
5,45,8.51049,2.7991
6,45,8.60361,2.7991
7,45,8.45706,2.7991
8,45,8.30246,2.7991
9,45,8.23007,2.7991
10,45,8.52814,2.7991
