rep,id,Cl,V1,Q,V2,S,R0,gamma,MTT
1,1,2.82073,0.392536,2.34107,4.95029,19.9684,983.356,0.437298,85.1163
2,1,2.82073,0.378741,2.34107,4.95029,19.9684,983.356,0.437298,85.1163
3,1,2.82073,0.381818,2.34107,4.95029,19.9684,983.356,0.437298,85.1163
4,1,2.82073,0.394186,2.34107,4.95029,19.9684,983.356,0.437298,85.1163
5,1,2.82073,0.40115,2.34107,4.95029,19.9684,983.356,0.437298,85.1163
6,1,2.82073,0.41717,2.34107,4.95029,19.9684,983.356,0.437298,85.1163
7,1,2.82073,0.402285,2.34107,4.95029,19.9684,983.356,0.437298,85.1163
8,1,2.82073,0.423186,2.34107,4.95029,19.9684,983.356,0.437298,85.1163
9,1,2.82073,0.42931,2.34107,4.95029,19.9684,983.356,0.437298,85.1163
10,1,2.82073,0.387796,2.34107,4.95029,19.9684,983.356,0.437298,85.1163
1,2,2.82073,0.561872,2.34107,4.95029,19.9684,983.356,0.437298,85.1163
2,2,2.82073,0.553029,2.34107,4.95029,19.9684,983.356,0.437298,85.1163
3,2,2.82073,0.522118,2.34107,4.95029,19.9684,983.356,0.437298,85.1163
4,2,2.82073,0.539664,2.34107,4.95029,19.9684,983.356,0.437298,85.1163
5,2,2.82073,0.512241,2.34107,4.95029,19.9684,983.356,0.437298,85.1163
6,2,2.82073,0.523028,2.34107,4.95029,19.9684,983.356,0.437298,85.1163
7,2,2.82073,0.523429,2.34107,4.95029,19.9684,983.356,0.437298,85.1163
8,2,2.82073,0.540797,2.34107,4.95029,19.9684,983.356,0.437298,85.1163
9,2,2.82073,0.501581,2.34107,4.95029,19.9684,983.356,0.437298,85.1163
10,2,2.82073,0.512714,2.34107,4.95029,19.9684,983.356,0.437298,85.1163
1,3,2.82073,0.961215,2.34107,4.95029,19.9684,983.356,0.437298,85.1163
2,3,2.82073,0.919701,2.34107,4.95029,19.9684,983.356,0.437298,85.1163
3,3,2.82073,0.974174,2.34107,4.95029,19.9684,983.356,0.437298,85.1163
4,3,2.82073,0.938586,2.34107,4.95029,19.9684,983.356,0.437298,85.1163
5,3,2.82073,0.974485,2.34107,4.95029,19.9684,983.356,0.437298,85.1163
6,3,2.82073,0.982024,2.34107,4.95029,19.9684,983.356,0.437298,85.1163
7,3,2.82073,0.947112,2.34107,4.95029,19.9684,983.356,0.437298,85.1163
8,3,2.82073,0.928497,2.34107,4.95029,19.9684,983.356,0.437298,85.1163
9,3,2.82073,0.988146,2.34107,4.95029,19.9684,983.356,0.437298,85.1163
10,3,2.82073,1.00258,2.34107,4.95029,19.9684,983.356,0.437298,85.1163
1,4,2.82073,0.724458,2.34107,4.95029,19.9684,983.356,0.437298,85.1163
2,4,2.82073,0.701595,2.34107,4.95029,19.9684,983.356,0.437298,85.1163
3,4,2.82073,0.705907,2.34107,4.95029,19.9684,983.356,0.437298,85.1163
4,4,2.82073,0.73288,2.34107,4.95029,19.9684,983.356,0.437298,85.1163
5,4,2.82073,0.746357,2.34107,4.95029,19.9684,983.356,0.437298,85.1163
6,4,2.82073,0.75904,2.34107,4.95029,19.9684,983.356,0.437298,85.1163
7,4,2.82073,0.741867,2.34107,4.95029,19.9684,983.356,0.437298,85.1163
8,4,2.82073,0.70644,2.34107,4.95029,19.9684,983.356,0.437298,85.1163
9,4,2.82073,0.701928,2.34107,4.95029,19.9684,983.356,0.437298,85.1163
10,4,2.82073,0.713715,2.34107,4.95029,19.9684,983.356,0.437298,85.1163
1,5,2.82073,1.19586,2.34107,4.95029,19.9684,983.356,0.437298,85.1163
2,5,2.82073,1.20339,2.34107,4.95029,19.9684,983.356,0.437298,85.1163
3,5,2.82073,1.14845,2.34107,4.95029,19.9684,983.356,0.437298,85.1163
4,5,2.82073,1.1017,2.34107,4.95029,19.9684,983.356,0.437298,85.1163
5,5,2.82073,1.14943,2.34107,4.95029,19.9684,983.356,0.437298,85.1163
6,5,2.82073,1.15411,2.34107,4.95029,19.9684,983.356,0.437298,85.1163
7,5,2.82073,1.13465,2.34107,4.95029,19.9684,983.356,0.437298,85.1163
8,5,2.82073,1.16308,2.34107,4.95029,19.9684,983.356,0.437298,85.1163
9,5,2.82073,1.14567,2.34107,4.95029,19.9684,983.356,0.437298,85.1163
10,5,2.82073,1.16505,2.34107,4.95029,19.9684,983.356,0.437298,85.1163
1,6,2.82073,0.9808,2.34107,4.95029,19.9684,983.356,0.437298,85.1163
2,6,2.82073,1.00988,2.34107,4.95029,19.9684,983.356,0.437298,85.1163
3,6,2.82073,0.988289,2.34107,4.95029,19.9684,983.356,0.437298,85.1163
4,6,2.82073,0.992484,2.34107,4.95029,19.9684,983.356,0.437298,85.1163
5,6,2.82073,1.0607,2.34107,4.95029,19.9684,983.356,0.437298,85.1163
6,6,2.82073,1.03464,2.34107,4.95029,19.9684,983.356,0.437298,85.1163
7,6,2.82073,1.01703,2.34107,4.95029,19.9684,983.356,0.437298,85.1163
8,6,2.82073,1.01798,2.34107,4.95029,19.9684,983.356,0.437298,85.1163
9,6,2.82073,1.00755,2.34107,4.95029,19.9684,983.356,0.437298,85.1163
10,6,2.82073,1.0224,2.34107,4.95029,19.9684,983.356,0.437298,85.1163
1,7,2.82073,0.734529,2.34107,4.95029,19.9684,983.356,0.437298,85.1163
2,7,2.82073,0.733964,2.34107,4.95029,19.9684,983.356,0.437298,85.1163
3,7,2.82073,0.732943,2.34107,4.95029,19.9684,983.356,0.437298,85.1163
4,7,2.82073,0.707163,2.34107,4.95029,19.9684,983.356,0.437298,85.1163
5,7,2.82073,0.758716,2.34107,4.95029,19.9684,983.356,0.437298,85.1163
6,7,2.82073,0.726434,2.34107,4.95029,19.9684,983.356,0.437298,85.1163
7,7,2.82073,0.728819,2.34107,4.95029,19.9684,983.356,0.437298,85.1163
8,7,2.82073,0.714212,2.34107,4.95029,19.9684,983.356,0.437298,85.1163
9,7,2.82073,0.753374,2.34107,4.95029,19.9684,983.356,0.437298,85.1163
10,7,2.82073,0.755771,2.34107,4.95029,19.9684,983.356,0.437298,85.1163
1,8,2.82073,0.981509,2.34107,4.95029,19.9684,983.356,0.437298,85.1163
2,8,2.82073,1.07554,2.34107,4.95029,19.9684,983.356,0.437298,85.1163
3,8,2.82073,1.07637,2.34107,4.95029,19.9684,983.356,0.437298,85.1163
4,8,2.82073,1.04551,2.34107,4.95029,19.9684,983.356,0.437298,85.1163
5,8,2.82073,1.05454,2.34107,4.95029,19.9684,983.356,0.437298,85.1163
6,8,2.82073,0.992938,2.34107,4.95029,19.9684,983.356,0.437298,85.1163
7,8,2.82073,1.00113,2.34107,4.95029,19.9684,983.356,0.437298,85.1163
8,8,2.82073,1.02555,2.34107,4.95029,19.9684,983.356,0.437298,85.1163
9,8,2.82073,0.937531,2.34107,4.95029,19.9684,983.356,0.437298,85.1163
10,8,2.82073,0.998044,2.34107,4.95029,19.9684,983.356,0.437298,85.1163
1,9,2.82073,0.874147,2.34107,4.95029,19.9684,983.356,0.437298,85.1163
2,9,2.82073,0.85011,2.34107,4.95029,19.9684,983.356,0.437298,85.1163
3,9,2.82073,0.927232,2.34107,4.95029,19.9684,983.356,0.437298,85.1163
4,9,2.82073,0.870361,2.34107,4.95029,19.9684,983.356,0.437298,85.1163
5,9,2.82073,0.899486,2.34107,4.95029,19.9684,983.356,0.437298,85.1163
6,9,2.82073,0.900676,2.34107,4.95029,19.9684,983.356,0.437298,85.1163
7,9,2.82073,0.870432,2.34107,4.95029,19.9684,983.356,0.437298,85.1163
8,9,2.82073,0.812747,2.34107,4.95029,19.9684,983.356,0.437298,85.1163
9,9,2.82073,0.8993,2.34107,4.95029,19.9684,983.356,0.437298,85.1163
10,9,2.82073,0.895618,2.34107,4.95029,19.9684,983.356,0.437298,85.1163
1,10,2.82073,0.905867,2.34107,4.95029,19.9684,983.356,0.437298,85.1163
2,10,2.82073,0.94855,2.34107,4.95029,19.9684,983.356,0.437298,85.1163
3,10,2.82073,0.949877,2.34107,4.95029,19.9684,983.356,0.437298,85.1163
4,10,2.82073,0.948029,2.34107,4.95029,19.9684,983.356,0.437298,85.1163
5,10,2.82073,0.968293,2.34107,4.95029,19.9684,983.356,0.437298,85.1163
6,10,2.82073,0.886876,2.34107,4.95029,19.9684,983.356,0.437298,85.1163
7,10,2.82073,0.940391,2.34107,4.95029,19.9684,983.356,0.437298,85.1163
8,10,2.82073,0.937771,2.34107,4.95029,19.9684,983.356,0.437298,85.1163
9,10,2.82073,0.984322,2.34107,4.95029,19.9684,983.356,0.437298,85.1163
10,10,2.82073,0.905431,2.34107,4.95029,19.9684,983.356,0.437298,85.1163
1,11,2.82073,1.33264,2.34107,4.95029,19.9684,983.356,0.437298,85.1163
2,11,2.82073,1.39748,2.34107,4.95029,19.9684,983.356,0.437298,85.1163
3,11,2.82073,1.33831,2.34107,4.95029,19.9684,983.356,0.437298,85.1163
4,11,2.82073,1.32684,2.34107,4.95029,19.9684,983.356,0.437298,85.1163
5,11,2.82073,1.28938,2.34107,4.95029,19.9684,983.356,0.437298,85.1163
6,11,2.82073,1.28749,2.34107,4.95029,19.9684,983.356,0.437298,85.1163
7,11,2.82073,1.27022,2.34107,4.95029,19.9684,983.356,0.437298,85.1163
8,11,2.82073,1.31689,2.34107,4.95029,19.9684,983.356,0.437298,85.1163
9,11,2.82073,1.197,2.34107,4.95029,19.9684,983.356,0.437298,85.1163
10,11,2.82073,1.25999,2.34107,4.95029,19.9684,983.356,0.437298,85.1163
1,12,2.82073,0.55093,2.34107,4.95029,19.9684,983.356,0.437298,85.1163
2,12,2.82073,0.608118,2.34107,4.95029,19.9684,983.356,0.437298,85.1163
3,12,2.82073,0.601487,2.34107,4.95029,19.9684,983.356,0.437298,85.1163
4,12,2.82073,0.590835,2.34107,4.95029,19.9684,983.356,0.437298,85.1163
5,12,2.82073,0.591199,2.34107,4.95029,19.9684,983.356,0.437298,85.1163
6,12,2.82073,0.579394,2.34107,4.95029,19.9684,983.356,0.437298,85.1163
7,12,2.82073,0.614654,2.34107,4.95029,19.9684,983.356,0.437298,85.1163
8,12,2.82073,0.610237,2.34107,4.95029,19.9684,983.356,0.437298,85.1163
9,12,2.82073,0.618011,2.34107,4.95029,19.9684,983.356,0.437298,85.1163
10,12,2.82073,0.56766,2.34107,4.95029,19.9684,983.356,0.437298,85.1163
1,13,2.82073,0.596086,2.34107,4.95029,19.9684,983.356,0.437298,85.1163
2,13,2.82073,0.557559,2.34107,4.95029,19.9684,983.356,0.437298,85.1163
3,13,2.82073,0.57307,2.34107,4.95029,19.9684,983.356,0.437298,85.1163
4,13,2.82073,0.585744,2.34107,4.95029,19.9684,983.356,0.437298,85.1163
5,13,2.82073,0.580816,2.34107,4.95029,19.9684,983.356,0.437298,85.1163
6,13,2.82073,0.584844,2.34107,4.95029,19.9684,983.356,0.437298,85.1163
7,13,2.82073,0.563126,2.34107,4.95029,19.9684,983.356,0.437298,85.1163
8,13,2.82073,0.53951,2.34107,4.95029,19.9684,983.356,0.437298,85.1163
9,13,2.82073,0.568485,2.34107,4.95029,19.9684,983.356,0.437298,85.1163
10,13,2.82073,0.564255,2.34107,4.95029,19.9684,983.356,0.437298,85.1163
1,14,2.82073,0.614141,2.34107,4.95029,19.9684,983.356,0.437298,85.1163
2,14,2.82073,0.653983,2.34107,4.95029,19.9684,983.356,0.437298,85.1163
3,14,2.82073,0.625546,2.34107,4.95029,19.9684,983.356,0.437298,85.1163
4,14,2.82073,0.684112,2.34107,4.95029,19.9684,983.356,0.437298,85.1163
5,14,2.82073,0.675242,2.34107,4.95029,19.9684,983.356,0.437298,85.1163
6,14,2.82073,0.648655,2.34107,4.95029,19.9684,983.356,0.437298,85.1163
7,14,2.82073,0.683695,2.34107,4.95029,19.9684,983.356,0.437298,85.1163
8,14,2.82073,0.647716,2.34107,4.95029,19.9684,983.356,0.437298,85.1163
9,14,2.82073,0.651188,2.34107,4.95029,19.9684,983.356,0.437298,85.1163
10,14,2.82073,0.63416,2.34107,4.95029,19.9684,983.356,0.437298,85.1163
1,15,2.82073,0.644744,2.34107,4.95029,19.9684,983.356,0.437298,85.1163
2,15,2.82073,0.664839,2.34107,4.95029,19.9684,983.356,0.437298,85.1163
3,15,2.82073,0.628151,2.34107,4.95029,19.9684,983.356,0.437298,85.1163
4,15,2.82073,0.669587,2.34107,4.95029,19.9684,983.356,0.437298,85.1163
5,15,2.82073,0.701882,2.34107,4.95029,19.9684,983.356,0.437298,85.1163
6,15,2.82073,0.622201,2.34107,4.95029,19.9684,983.356,0.437298,85.1163
7,15,2.82073,0.630407,2.34107,4.95029,19.9684,983.356,0.437298,85.1163
8,15,2.82073,0.666936,2.34107,4.95029,19.9684,983.356,0.437298,85.1163
9,15,2.82073,0.590845,2.34107,4.95029,19.9684,983.356,0.437298,85.1163
10,15,2.82073,0.618759,2.34107,4.95029,19.9684,983.356,0.437298,85.1163
1,16,2.82073,0.614591,2.34107,4.95029,19.9684,983.356,0.437298,85.1163
2,16,2.82073,0.605604,2.34107,4.95029,19.9684,983.356,0.437298,85.1163
3,16,2.82073,0.630326,2.34107,4.95029,19.9684,983.356,0.437298,85.1163
4,16,2.82073,0.604918,2.34107,4.95029,19.9684,983.356,0.437298,85.1163
5,16,2.82073,0.621213,2.34107,4.95029,19.9684,983.356,0.437298,85.1163
6,16,2.82073,0.588311,2.34107,4.95029,19.9684,983.356,0.437298,85.1163
7,16,2.82073,0.614708,2.34107,4.95029,19.9684,983.356,0.437298,85.1163
8,16,2.82073,0.610414,2.34107,4.95029,19.9684,983.356,0.437298,85.1163
9,16,2.82073,0.63134,2.34107,4.95029,19.9684,983.356,0.437298,85.1163
10,16,2.82073,0.588471,2.34107,4.95029,19.9684,983.356,0.437298,85.1163
1,17,2.82073,0.503476,2.34107,4.95029,19.9684,983.356,0.437298,85.1163
2,17,2.82073,0.510736,2.34107,4.95029,19.9684,983.356,0.437298,85.1163
3,17,2.82073,0.510347,2.34107,4.95029,19.9684,983.356,0.437298,85.1163
4,17,2.82073,0.497236,2.34107,4.95029,19.9684,983.356,0.437298,85.1163
5,17,2.82073,0.502782,2.34107,4.95029,19.9684,983.356,0.437298,85.1163
6,17,2.82073,0.494619,2.34107,4.95029,19.9684,983.356,0.437298,85.1163
7,17,2.82073,0.476701,2.34107,4.95029,19.9684,983.356,0.437298,85.1163
8,17,2.82073,0.483653,2.34107,4.95029,19.9684,983.356,0.437298,85.1163
9,17,2.82073,0.479558,2.34107,4.95029,19.9684,983.356,0.437298,85.1163
10,17,2.82073,0.487076,2.34107,4.95029,19.9684,983.356,0.437298,85.1163
1,18,2.82073,0.623303,2.34107,4.95029,19.9684,983.356,0.437298,85.1163
2,18,2.82073,0.621774,2.34107,4.95029,19.9684,983.356,0.437298,85.1163
3,18,2.82073,0.600373,2.34107,4.95029,19.9684,983.356,0.437298,85.1163
4,18,2.82073,0.602431,2.34107,4.95029,19.9684,983.356,0.437298,85.1163
5,18,2.82073,0.612036,2.34107,4.95029,19.9684,983.356,0.437298,85.1163
6,18,2.82073,0.623659,2.34107,4.95029,19.9684,983.356,0.437298,85.1163
7,18,2.82073,0.630883,2.34107,4.95029,19.9684,983.356,0.437298,85.1163
8,18,2.82073,0.63065,2.34107,4.95029,19.9684,983.356,0.437298,85.1163
9,18,2.82073,0.645534,2.34107,4.95029,19.9684,983.356,0.437298,85.1163
10,18,2.82073,0.626067,2.34107,4.95029,19.9684,983.356,0.437298,85.1163
1,19,2.82073,0.968739,2.34107,4.95029,19.9684,983.356,0.437298,85.1163
2,19,2.82073,0.949877,2.34107,4.95029,19.9684,983.356,0.437298,85.1163
3,19,2.82073,0.953267,2.34107,4.95029,19.9684,983.356,0.437298,85.1163
4,19,2.82073,0.943682,2.34107,4.95029,19.9684,983.356,0.437298,85.1163
5,19,2.82073,0.954031,2.34107,4.95029,19.9684,983.356,0.437298,85.1163
6,19,2.82073,0.92721,2.34107,4.95029,19.9684,983.356,0.437298,85.1163
7,19,2.82073,0.962011,2.34107,4.95029,19.9684,983.356,0.437298,85.1163
8,19,2.82073,0.958464,2.34107,4.95029,19.9684,983.356,0.437298,85.1163
9,19,2.82073,0.958938,2.34107,4.95029,19.9684,983.356,0.437298,85.1163
10,19,2.82073,0.974664,2.34107,4.95029,19.9684,983.356,0.437298,85.1163
1,20,2.82073,0.482229,2.34107,4.95029,19.9684,983.356,0.437298,85.1163
2,20,2.82073,0.487558,2.34107,4.95029,19.9684,983.356,0.437298,85.1163
3,20,2.82073,0.488001,2.34107,4.95029,19.9684,983.356,0.437298,85.1163
4,20,2.82073,0.492839,2.34107,4.95029,19.9684,983.356,0.437298,85.1163
5,20,2.82073,0.484799,2.34107,4.95029,19.9684,983.356,0.437298,85.1163
6,20,2.82073,0.475655,2.34107,4.95029,19.9684,983.356,0.437298,85.1163
7,20,2.82073,0.493331,2.34107,4.95029,19.9684,983.356,0.437298,85.1163
8,20,2.82073,0.51219,2.34107,4.95029,19.9684,983.356,0.437298,85.1163
9,20,2.82073,0.501206,2.34107,4.95029,19.9684,983.356,0.437298,85.1163
10,20,2.82073,0.49976,2.34107,4.95029,19.9684,983.356,0.437298,85.1163
1,21,2.82073,0.731704,2.34107,4.95029,19.9684,983.356,0.437298,85.1163
2,21,2.82073,0.777528,2.34107,4.95029,19.9684,983.356,0.437298,85.1163
3,21,2.82073,0.717963,2.34107,4.95029,19.9684,983.356,0.437298,85.1163
4,21,2.82073,0.783196,2.34107,4.95029,19.9684,983.356,0.437298,85.1163
5,21,2.82073,0.764483,2.34107,4.95029,19.9684,983.356,0.437298,85.1163
6,21,2.82073,0.796386,2.34107,4.95029,19.9684,983.356,0.437298,85.1163
7,21,2.82073,0.770804,2.34107,4.95029,19.9684,983.356,0.437298,85.1163
8,21,2.82073,0.704915,2.34107,4.95029,19.9684,983.356,0.437298,85.1163
9,21,2.82073,0.794443,2.34107,4.95029,19.9684,983.356,0.437298,85.1163
10,21,2.82073,0.781903,2.34107,4.95029,19.9684,983.356,0.437298,85.1163
1,22,2.82073,0.471343,2.34107,4.95029,19.9684,983.356,0.437298,85.1163
2,22,2.82073,0.459019,2.34107,4.95029,19.9684,983.356,0.437298,85.1163
3,22,2.82073,0.494065,2.34107,4.95029,19.9684,983.356,0.437298,85.1163
4,22,2.82073,0.475152,2.34107,4.95029,19.9684,983.356,0.437298,85.1163
5,22,2.82073,0.442376,2.34107,4.95029,19.9684,983.356,0.437298,85.1163
6,22,2.82073,0.475152,2.34107,4.95029,19.9684,983.356,0.437298,85.1163
7,22,2.82073,0.481891,2.34107,4.95029,19.9684,983.356,0.437298,85.1163
8,22,2.82073,0.500829,2.34107,4.95029,19.9684,983.356,0.437298,85.1163
9,22,2.82073,0.442294,2.34107,4.95029,19.9684,983.356,0.437298,85.1163
10,22,2.82073,0.458884,2.34107,4.95029,19.9684,983.356,0.437298,85.1163
1,23,2.82073,1.18035,2.34107,4.95029,19.9684,983.356,0.437298,85.1163
2,23,2.82073,1.19208,2.34107,4.95029,19.9684,983.356,0.437298,85.1163
3,23,2.82073,1.15308,2.34107,4.95029,19.9684,983.356,0.437298,85.1163
4,23,2.82073,1.23169,2.34107,4.95029,19.9684,983.356,0.437298,85.1163
5,23,2.82073,1.24994,2.34107,4.95029,19.9684,983.356,0.437298,85.1163
6,23,2.82073,1.22317,2.34107,4.95029,19.9684,983.356,0.437298,85.1163
7,23,2.82073,1.20504,2.34107,4.95029,19.9684,983.356,0.437298,85.1163
8,23,2.82073,1.2005,2.34107,4.95029,19.9684,983.356,0.437298,85.1163
9,23,2.82073,1.2502,2.34107,4.95029,19.9684,983.356,0.437298,85.1163
10,23,2.82073,1.22593,2.34107,4.95029,19.9684,983.356,0.437298,85.1163
1,24,2.82073,0.765879,2.34107,4.95029,19.9684,983.356,0.437298,85.1163
2,24,2.82073,0.76659,2.34107,4.95029,19.9684,983.356,0.437298,85.1163
3,24,2.82073,0.76617,2.34107,4.95029,19.9684,983.356,0.437298,85.1163
4,24,2.82073,0.722874,2.34107,4.95029,19.9684,983.356,0.437298,85.1163
5,24,2.82073,0.743049,2.34107,4.95029,19.9684,983.356,0.437298,85.1163
6,24,2.82073,0.741408,2.34107,4.95029,19.9684,983.356,0.437298,85.1163
7,24,2.82073,0.747174,2.34107,4.95029,19.9684,983.356,0.437298,85.1163
8,24,2.82073,0.764522,2.34107,4.95029,19.9684,983.356,0.437298,85.1163
9,24,2.82073,0.737633,2.34107,4.95029,19.9684,983.356,0.437298,85.1163
10,24,2.82073,0.740993,2.34107,4.95029,19.9684,983.356,0.437298,85.1163
1,25,2.82073,0.644262,2.34107,4.95029,19.9684,983.356,0.437298,85.1163
2,25,2.82073,0.587279,2.34107,4.95029,19.9684,983.356,0.437298,85.1163
3,25,2.82073,0.644262,2.34107,4.95029,19.9684,983.356,0.437298,85.1163
4,25,2.82073,0.635238,2.34107,4.95029,19.9684,983.356,0.437298,85.1163
5,25,2.82073,0.634963,2.34107,4.95029,19.9684,983.356,0.437298,85.1163
6,25,2.82073,0.635238,2.34107,4.95029,19.9684,983.356,0.437298,85.1163
7,25,2.82073,0.647098,2.34107,4.95029,19.9684,983.356,0.437298,85.1163
8,25,2.82073,0.621032,2.34107,4.95029,19.9684,983.356,0.437298,85.1163
9,25,2.82073,0.691439,2.34107,4.95029,19.9684,983.356,0.437298,85.1163
10,25,2.82073,0.634362,2.34107,4.95029,19.9684,983.356,0.437298,85.1163
1,26,2.82073,0.572264,2.34107,4.95029,19.9684,983.356,0.437298,85.1163
2,26,2.82073,0.518315,2.34107,4.95029,19.9684,983.356,0.437298,85.1163
3,26,2.82073,0.530988,2.34107,4.95029,19.9684,983.356,0.437298,85.1163
4,26,2.82073,0.53276,2.34107,4.95029,19.9684,983.356,0.437298,85.1163
5,26,2.82073,0.55701,2.34107,4.95029,19.9684,983.356,0.437298,85.1163
6,26,2.82073,0.53276,2.34107,4.95029,19.9684,983.356,0.437298,85.1163
7,26,2.82073,0.563422,2.34107,4.95029,19.9684,983.356,0.437298,85.1163
8,26,2.82073,0.550569,2.34107,4.95029,19.9684,983.356,0.437298,85.1163
9,26,2.82073,0.542889,2.34107,4.95029,19.9684,983.356,0.437298,85.1163
10,26,2.82073,0.549901,2.34107,4.95029,19.9684,983.356,0.437298,85.1163
1,27,2.82073,0.581348,2.34107,4.95029,19.9684,983.356,0.437298,85.1163
2,27,2.82073,0.590899,2.34107,4.95029,19.9684,983.356,0.437298,85.1163
3,27,2.82073,0.596359,2.34107,4.95029,19.9684,983.356,0.437298,85.1163
4,27,2.82073,0.570905,2.34107,4.95029,19.9684,983.356,0.437298,85.1163
5,27,2.82073,0.598186,2.34107,4.95029,19.9684,983.356,0.437298,85.1163
6,27,2.82073,0.580465,2.34107,4.95029,19.9684,983.356,0.437298,85.1163
7,27,2.82073,0.570387,2.34107,4.95029,19.9684,983.356,0.437298,85.1163
8,27,2.82073,0.603393,2.34107,4.95029,19.9684,983.356,0.437298,85.1163
9,27,2.82073,0.607295,2.34107,4.95029,19.9684,983.356,0.437298,85.1163
10,27,2.82073,0.591136,2.34107,4.95029,19.9684,983.356,0.437298,85.1163
1,28,2.82073,0.933905,2.34107,4.95029,19.9684,983.356,0.437298,85.1163
2,28,2.82073,0.965005,2.34107,4.95029,19.9684,983.356,0.437298,85.1163
3,28,2.82073,0.945269,2.34107,4.95029,19.9684,983.356,0.437298,85.1163
4,28,2.82073,0.959468,2.34107,4.95029,19.9684,983.356,0.437298,85.1163
5,28,2.82073,0.942155,2.34107,4.95029,19.9684,983.356,0.437298,85.1163
6,28,2.82073,0.942248,2.34107,4.95029,19.9684,983.356,0.437298,85.1163
7,28,2.82073,0.939633,2.34107,4.95029,19.9684,983.356,0.437298,85.1163
8,28,2.82073,1.00286,2.34107,4.95029,19.9684,983.356,0.437298,85.1163
9,28,2.82073,0.959875,2.34107,4.95029,19.9684,983.356,0.437298,85.1163
10,28,2.82073,0.941098,2.34107,4.95029,19.9684,983.356,0.437298,85.1163
1,29,2.82073,0.63111,2.34107,4.95029,19.9684,983.356,0.437298,85.1163
2,29,2.82073,0.60544,2.34107,4.95029,19.9684,983.356,0.437298,85.1163
3,29,2.82073,0.625373,2.34107,4.95029,19.9684,983.356,0.437298,85.1163
4,29,2.82073,0.64444,2.34107,4.95029,19.9684,983.356,0.437298,85.1163
5,29,2.82073,0.619011,2.34107,4.95029,19.9684,983.356,0.437298,85.1163
6,29,2.82073,0.641221,2.34107,4.95029,19.9684,983.356,0.437298,85.1163
7,29,2.82073,0.625688,2.34107,4.95029,19.9684,983.356,0.437298,85.1163
8,29,2.82073,0.629614,2.34107,4.95029,19.9684,983.356,0.437298,85.1163
9,29,2.82073,0.631087,2.34107,4.95029,19.9684,983.356,0.437298,85.1163
10,29,2.82073,0.632979,2.34107,4.95029,19.9684,983.356,0.437298,85.1163
1,30,2.82073,1.07271,2.34107,4.95029,19.9684,983.356,0.437298,85.1163
2,30,2.82073,1.10992,2.34107,4.95029,19.9684,983.356,0.437298,85.1163
3,30,2.82073,1.08636,2.34107,4.95029,19.9684,983.356,0.437298,85.1163
4,30,2.82073,1.08702,2.34107,4.95029,19.9684,983.356,0.437298,85.1163
5,30,2.82073,1.12687,2.34107,4.95029,19.9684,983.356,0.437298,85.1163
6,30,2.82073,1.15894,2.34107,4.95029,19.9684,983.356,0.437298,85.1163
7,30,2.82073,1.10737,2.34107,4.95029,19.9684,983.356,0.437298,85.1163
8,30,2.82073,1.03556,2.34107,4.95029,19.9684,983.356,0.437298,85.1163
9,30,2.82073,1.03803,2.34107,4.95029,19.9684,983.356,0.437298,85.1163
10,30,2.82073,1.13446,2.34107,4.95029,19.9684,983.356,0.437298,85.1163
1,31,2.82073,0.86255,2.34107,4.95029,19.9684,983.356,0.437298,85.1163
2,31,2.82073,0.80174,2.34107,4.95029,19.9684,983.356,0.437298,85.1163
3,31,2.82073,0.744704,2.34107,4.95029,19.9684,983.356,0.437298,85.1163
4,31,2.82073,0.77566,2.34107,4.95029,19.9684,983.356,0.437298,85.1163
5,31,2.82073,0.829074,2.34107,4.95029,19.9684,983.356,0.437298,85.1163
6,31,2.82073,0.797591,2.34107,4.95029,19.9684,983.356,0.437298,85.1163
7,31,2.82073,0.823801,2.34107,4.95029,19.9684,983.356,0.437298,85.1163
8,31,2.82073,0.804996,2.34107,4.95029,19.9684,983.356,0.437298,85.1163
9,31,2.82073,0.797635,2.34107,4.95029,19.9684,983.356,0.437298,85.1163
10,31,2.82073,0.817868,2.34107,4.95029,19.9684,983.356,0.437298,85.1163
1,32,2.82073,0.338069,2.34107,4.95029,19.9684,983.356,0.437298,85.1163
2,32,2.82073,0.322119,2.34107,4.95029,19.9684,983.356,0.437298,85.1163
3,32,2.82073,0.309393,2.34107,4.95029,19.9684,983.356,0.437298,85.1163
4,32,2.82073,0.319615,2.34107,4.95029,19.9684,983.356,0.437298,85.1163
5,32,2.82073,0.324745,2.34107,4.95029,19.9684,983.356,0.437298,85.1163
6,32,2.82073,0.302338,2.34107,4.95029,19.9684,983.356,0.437298,85.1163
7,32,2.82073,0.322375,2.34107,4.95029,19.9684,983.356,0.437298,85.1163
8,32,2.82073,0.324523,2.34107,4.95029,19.9684,983.356,0.437298,85.1163
9,32,2.82073,0.322945,2.34107,4.95029,19.9684,983.356,0.437298,85.1163
10,32,2.82073,0.321954,2.34107,4.95029,19.9684,983.356,0.437298,85.1163
1,33,2.82073,0.767956,2.34107,4.95029,19.9684,983.356,0.437298,85.1163
2,33,2.82073,0.784292,2.34107,4.95029,19.9684,983.356,0.437298,85.1163
3,33,2.82073,0.746423,2.34107,4.95029,19.9684,983.356,0.437298,85.1163
4,33,2.82073,0.837701,2.34107,4.95029,19.9684,983.356,0.437298,85.1163
5,33,2.82073,0.797472,2.34107,4.95029,19.9684,983.356,0.437298,85.1163
6,33,2.82073,0.853594,2.34107,4.95029,19.9684,983.356,0.437298,85.1163
7,33,2.82073,0.75469,2.34107,4.95029,19.9684,983.356,0.437298,85.1163
8,33,2.82073,0.817493,2.34107,4.95029,19.9684,983.356,0.437298,85.1163
9,33,2.82073,0.746244,2.34107,4.95029,19.9684,983.356,0.437298,85.1163
10,33,2.82073,0.782149,2.34107,4.95029,19.9684,983.356,0.437298,85.1163
1,34,2.82073,0.913062,2.34107,4.95029,19.9684,983.356,0.437298,85.1163
2,34,2.82073,0.935977,2.34107,4.95029,19.9684,983.356,0.437298,85.1163
3,34,2.82073,0.959887,2.34107,4.95029,19.9684,983.356,0.437298,85.1163
4,34,2.82073,0.892596,2.34107,4.95029,19.9684,983.356,0.437298,85.1163
5,34,2.82073,0.940351,2.34107,4.95029,19.9684,983.356,0.437298,85.1163
6,34,2.82073,0.959852,2.34107,4.95029,19.9684,983.356,0.437298,85.1163
7,34,2.82073,0.908631,2.34107,4.95029,19.9684,983.356,0.437298,85.1163
8,34,2.82073,0.911331,2.34107,4.95029,19.9684,983.356,0.437298,85.1163
9,34,2.82073,0.91325,2.34107,4.95029,19.9684,983.356,0.437298,85.1163
10,34,2.82073,0.940132,2.34107,4.95029,19.9684,983.356,0.437298,85.1163
1,35,2.82073,0.492371,2.34107,4.95029,19.9684,983.356,0.437298,85.1163
2,35,2.82073,0.494306,2.34107,4.95029,19.9684,983.356,0.437298,85.1163
3,35,2.82073,0.495433,2.34107,4.95029,19.9684,983.356,0.437298,85.1163
4,35,2.82073,0.502264,2.34107,4.95029,19.9684,983.356,0.437298,85.1163
5,35,2.82073,0.497664,2.34107,4.95029,19.9684,983.356,0.437298,85.1163
6,35,2.82073,0.484312,2.34107,4.95029,19.9684,983.356,0.437298,85.1163
7,35,2.82073,0.494495,2.34107,4.95029,19.9684,983.356,0.437298,85.1163
8,35,2.82073,0.495469,2.34107,4.95029,19.9684,983.356,0.437298,85.1163
9,35,2.82073,0.494198,2.34107,4.95029,19.9684,983.356,0.437298,85.1163
10,35,2.82073,0.50104,2.34107,4.95029,19.9684,983.356,0.437298,85.1163
1,36,2.82073,0.405793,2.34107,4.95029,19.9684,983.356,0.437298,85.1163
2,36,2.82073,0.413314,2.34107,4.95029,19.9684,983.356,0.437298,85.1163
3,36,2.82073,0.409628,2.34107,4.95029,19.9684,983.356,0.437298,85.1163
4,36,2.82073,0.434086,2.34107,4.95029,19.9684,983.356,0.437298,85.1163
5,36,2.82073,0.435788,2.34107,4.95029,19.9684,983.356,0.437298,85.1163
6,36,2.82073,0.407171,2.34107,4.95029,19.9684,983.356,0.437298,85.1163
7,36,2.82073,0.395288,2.34107,4.95029,19.9684,983.356,0.437298,85.1163
8,36,2.82073,0.410912,2.34107,4.95029,19.9684,983.356,0.437298,85.1163
9,36,2.82073,0.456131,2.34107,4.95029,19.9684,983.356,0.437298,85.1163
10,36,2.82073,0.422297,2.34107,4.95029,19.9684,983.356,0.437298,85.1163
1,37,2.82073,0.560009,2.34107,4.95029,19.9684,983.356,0.437298,85.1163
2,37,2.82073,0.553175,2.34107,4.95029,19.9684,983.356,0.437298,85.1163
3,37,2.82073,0.575639,2.34107,4.95029,19.9684,983.356,0.437298,85.1163
4,37,2.82073,0.559017,2.34107,4.95029,19.9684,983.356,0.437298,85.1163
5,37,2.82073,0.571734,2.34107,4.95029,19.9684,983.356,0.437298,85.1163
6,37,2.82073,0.576628,2.34107,4.95029,19.9684,983.356,0.437298,85.1163
7,37,2.82073,0.582321,2.34107,4.95029,19.9684,983.356,0.437298,85.1163
8,37,2.82073,0.547273,2.34107,4.95029,19.9684,983.356,0.437298,85.1163
9,37,2.82073,0.559213,2.34107,4.95029,19.9684,983.356,0.437298,85.1163
10,37,2.82073,0.566965,2.34107,4.95029,19.9684,983.356,0.437298,85.1163
1,38,2.82073,0.534667,2.34107,4.95029,19.9684,983.356,0.437298,85.1163
2,38,2.82073,0.525391,2.34107,4.95029,19.9684,983.356,0.437298,85.1163
3,38,2.82073,0.506122,2.34107,4.95029,19.9684,983.356,0.437298,85.1163
4,38,2.82073,0.527657,2.34107,4.95029,19.9684,983.356,0.437298,85.1163
5,38,2.82073,0.524372,2.34107,4.95029,19.9684,983.356,0.437298,85.1163
6,38,2.82073,0.550217,2.34107,4.95029,19.9684,983.356,0.437298,85.1163
7,38,2.82073,0.490875,2.34107,4.95029,19.9684,983.356,0.437298,85.1163
8,38,2.82073,0.528294,2.34107,4.95029,19.9684,983.356,0.437298,85.1163
9,38,2.82073,0.50345,2.34107,4.95029,19.9684,983.356,0.437298,85.1163
10,38,2.82073,0.505859,2.34107,4.95029,19.9684,983.356,0.437298,85.1163
1,39,2.82073,0.566122,2.34107,4.95029,19.9684,983.356,0.437298,85.1163
2,39,2.82073,0.581938,2.34107,4.95029,19.9684,983.356,0.437298,85.1163
3,39,2.82073,0.591772,2.34107,4.95029,19.9684,983.356,0.437298,85.1163
4,39,2.82073,0.578033,2.34107,4.95029,19.9684,983.356,0.437298,85.1163
5,39,2.82073,0.587674,2.34107,4.95029,19.9684,983.356,0.437298,85.1163
6,39,2.82073,0.568579,2.34107,4.95029,19.9684,983.356,0.437298,85.1163
7,39,2.82073,0.579969,2.34107,4.95029,19.9684,983.356,0.437298,85.1163
8,39,2.82073,0.555358,2.34107,4.95029,19.9684,983.356,0.437298,85.1163
9,39,2.82073,0.606373,2.34107,4.95029,19.9684,983.356,0.437298,85.1163
10,39,2.82073,0.582556,2.34107,4.95029,19.9684,983.356,0.437298,85.1163
1,40,2.82073,1.11859,2.34107,4.95029,19.9684,983.356,0.437298,85.1163
2,40,2.82073,1.05294,2.34107,4.95029,19.9684,983.356,0.437298,85.1163
3,40,2.82073,1.10459,2.34107,4.95029,19.9684,983.356,0.437298,85.1163
4,40,2.82073,1.0363,2.34107,4.95029,19.9684,983.356,0.437298,85.1163
5,40,2.82073,1.09491,2.34107,4.95029,19.9684,983.356,0.437298,85.1163
6,40,2.82073,1.05625,2.34107,4.95029,19.9684,983.356,0.437298,85.1163
7,40,2.82073,1.06112,2.34107,4.95029,19.9684,983.356,0.437298,85.1163
8,40,2.82073,1.04705,2.34107,4.95029,19.9684,983.356,0.437298,85.1163
9,40,2.82073,1.10704,2.34107,4.95029,19.9684,983.356,0.437298,85.1163
10,40,2.82073,1.1205,2.34107,4.95029,19.9684,983.356,0.437298,85.1163
1,41,2.82073,0.731527,2.34107,4.95029,19.9684,983.356,0.437298,85.1163
2,41,2.82073,0.738039,2.34107,4.95029,19.9684,983.356,0.437298,85.1163
3,41,2.82073,0.738543,2.34107,4.95029,19.9684,983.356,0.437298,85.1163
4,41,2.82073,0.733251,2.34107,4.95029,19.9684,983.356,0.437298,85.1163
5,41,2.82073,0.757297,2.34107,4.95029,19.9684,983.356,0.437298,85.1163
6,41,2.82073,0.733857,2.34107,4.95029,19.9684,983.356,0.437298,85.1163
7,41,2.82073,0.772728,2.34107,4.95029,19.9684,983.356,0.437298,85.1163
8,41,2.82073,0.733857,2.34107,4.95029,19.9684,983.356,0.437298,85.1163
9,41,2.82073,0.772728,2.34107,4.95029,19.9684,983.356,0.437298,85.1163
10,41,2.82073,0.733857,2.34107,4.95029,19.9684,983.356,0.437298,85.1163
1,42,2.82073,0.726937,2.34107,4.95029,19.9684,983.356,0.437298,85.1163
2,42,2.82073,0.761304,2.34107,4.95029,19.9684,983.356,0.437298,85.1163
3,42,2.82073,0.747754,2.34107,4.95029,19.9684,983.356,0.437298,85.1163
4,42,2.82073,0.761304,2.34107,4.95029,19.9684,983.356,0.437298,85.1163
5,42,2.82073,0.798747,2.34107,4.95029,19.9684,983.356,0.437298,85.1163
6,42,2.82073,0.760967,2.34107,4.95029,19.9684,983.356,0.437298,85.1163
7,42,2.82073,0.777075,2.34107,4.95029,19.9684,983.356,0.437298,85.1163
8,42,2.82073,0.798735,2.34107,4.95029,19.9684,983.356,0.437298,85.1163
9,42,2.82073,0.77632,2.34107,4.95029,19.9684,983.356,0.437298,85.1163
10,42,2.82073,0.742911,2.34107,4.95029,19.9684,983.356,0.437298,85.1163
1,43,2.82073,0.52786,2.34107,4.95029,19.9684,983.356,0.437298,85.1163
2,43,2.82073,0.56523,2.34107,4.95029,19.9684,983.356,0.437298,85.1163
3,43,2.82073,0.556356,2.34107,4.95029,19.9684,983.356,0.437298,85.1163
4,43,2.82073,0.575835,2.34107,4.95029,19.9684,983.356,0.437298,85.1163
5,43,2.82073,0.569014,2.34107,4.95029,19.9684,983.356,0.437298,85.1163
6,43,2.82073,0.551881,2.34107,4.95029,19.9684,983.356,0.437298,85.1163
7,43,2.82073,0.568787,2.34107,4.95029,19.9684,983.356,0.437298,85.1163
8,43,2.82073,0.572848,2.34107,4.95029,19.9684,983.356,0.437298,85.1163
9,43,2.82073,0.5612,2.34107,4.95029,19.9684,983.356,0.437298,85.1163
10,43,2.82073,0.585251,2.34107,4.95029,19.9684,983.356,0.437298,85.1163
1,44,2.82073,0.801431,2.34107,4.95029,19.9684,983.356,0.437298,85.1163
2,44,2.82073,0.801033,2.34107,4.95029,19.9684,983.356,0.437298,85.1163
3,44,2.82073,0.774534,2.34107,4.95029,19.9684,983.356,0.437298,85.1163
4,44,2.82073,0.797381,2.34107,4.95029,19.9684,983.356,0.437298,85.1163
5,44,2.82073,0.794858,2.34107,4.95029,19.9684,983.356,0.437298,85.1163
6,44,2.82073,0.709775,2.34107,4.95029,19.9684,983.356,0.437298,85.1163
7,44,2.82073,0.811107,2.34107,4.95029,19.9684,983.356,0.437298,85.1163
8,44,2.82073,0.751787,2.34107,4.95029,19.9684,983.356,0.437298,85.1163
9,44,2.82073,0.760483,2.34107,4.95029,19.9684,983.356,0.437298,85.1163
10,44,2.82073,0.77635,2.34107,4.95029,19.9684,983.356,0.437298,85.1163
1,45,2.82073,0.487319,2.34107,4.95029,19.9684,983.356,0.437298,85.1163
2,45,2.82073,0.489327,2.34107,4.95029,19.9684,983.356,0.437298,85.1163
3,45,2.82073,0.48957,2.34107,4.95029,19.9684,983.356,0.437298,85.1163
4,45,2.82073,0.476976,2.34107,4.95029,19.9684,983.356,0.437298,85.1163
5,45,2.82073,0.510436,2.34107,4.95029,19.9684,983.356,0.437298,85.1163
6,45,2.82073,0.486863,2.34107,4.95029,19.9684,983.356,0.437298,85.1163
7,45,2.82073,0.488052,2.34107,4.95029,19.9684,983.356,0.437298,85.1163
8,45,2.82073,0.481804,2.34107,4.95029,19.9684,983.356,0.437298,85.1163
9,45,2.82073,0.469206,2.34107,4.95029,19.9684,983.356,0.437298,85.1163
10,45,2.82073,0.492179,2.34107,4.95029,19.9684,983.356,0.437298,85.1163
