rep,id,eta_Cl,eta_V1,eta_Q,eta_V2,eta_S,eta_R0,eta_gamma,eta_MTT
1,1,0,-0.531143,0,0,0,0,0,0
2,1,0,-0.556292,0,0,0,0,0,0
3,1,0,-0.562048,0,0,0,0,0,0
4,1,0,-0.61631,0,0,0,0,0,0
5,1,0,-0.58993,0,0,0,0,0,0
6,1,0,-0.554838,0,0,0,0,0,0
7,1,0,-0.582952,0,0,0,0,0,0
8,1,0,-0.556678,0,0,0,0,0,0
9,1,0,-0.570456,0,0,0,0,0,0
10,1,0,-0.523577,0,0,0,0,0,0
1,2,0,-0.258292,0,0,0,0,0,0
2,2,0,-0.277214,0,0,0,0,0,0
3,2,0,-0.332978,0,0,0,0,0,0
4,2,0,-0.277214,0,0,0,0,0,0
5,2,0,-0.283094,0,0,0,0,0,0
6,2,0,-0.278008,0,0,0,0,0,0
7,2,0,-0.266894,0,0,0,0,0,0
8,2,0,-0.280768,0,0,0,0,0,0
9,2,0,-0.276799,0,0,0,0,0,0
10,2,0,-0.279461,0,0,0,0,0,0
1,3,0,0.319586,0,0,0,0,0,0
2,3,0,0.32637,0,0,0,0,0,0
3,3,0,0.328182,0,0,0,0,0,0
4,3,0,0.283828,0,0,0,0,0,0
5,3,0,0.308467,0,0,0,0,0,0
6,3,0,0.305831,0,0,0,0,0,0
7,3,0,0.340197,0,0,0,0,0,0
8,3,0,0.35027,0,0,0,0,0,0
9,3,0,0.313647,0,0,0,0,0,0
10,3,0,0.294797,0,0,0,0,0,0
1,4,0,0.0504237,0,0,0,0,0,0
2,4,0,-0.0455765,0,0,0,0,0,0
3,4,0,0.0412473,0,0,0,0,0,0
4,4,0,0.0179764,0,0,0,0,0,0
5,4,0,-0.0168146,0,0,0,0,0,0
6,4,0,0.0571157,0,0,0,0,0,0
7,4,0,0.0747689,0,0,0,0,0,0
8,4,0,0.0897491,0,0,0,0,0,0
9,4,0,0.0652187,0,0,0,0,0,0
10,4,0,0.0179606,0,0,0,0,0,0
1,5,0,0.498461,0,0,0,0,0,0
2,5,0,0.525154,0,0,0,0,0,0
3,5,0,0.544043,0,0,0,0,0,0
4,5,0,0.497033,0,0,0,0,0,0
5,5,0,0.506407,0,0,0,0,0,0
6,5,0,0.467311,0,0,0,0,0,0
7,5,0,0.508767,0,0,0,0,0,0
8,5,0,0.512947,0,0,0,0,0,0
9,5,0,0.507272,0,0,0,0,0,0
10,5,0,0.505666,0,0,0,0,0,0
1,6,0,0.39774,0,0,0,0,0,0
2,6,0,0.335842,0,0,0,0,0,0
3,6,0,0.351101,0,0,0,0,0,0
4,6,0,0.368027,0,0,0,0,0,0
5,6,0,0.358144,0,0,0,0,0,0
6,6,0,0.380208,0,0,0,0,0,0
7,6,0,0.406611,0,0,0,0,0,0
8,6,0,0.370009,0,0,0,0,0,0
9,6,0,0.387892,0,0,0,0,0,0
10,6,0,0.386137,0,0,0,0,0,0
1,7,0,0.0405545,0,0,0,0,0,0
2,7,0,0.103895,0,0,0,0,0,0
3,7,0,0.0352309,0,0,0,0,0,0
4,7,0,0.0388674,0,0,0,0,0,0
5,7,0,0.0550695,0,0,0,0,0,0
6,7,0,0.00329189,0,0,0,0,0,0
7,7,0,0.0918318,0,0,0,0,0,0
8,7,0,0.0472693,0,0,0,0,0,0
9,7,0,0.0544504,0,0,0,0,0,0
10,7,0,0.0414975,0,0,0,0,0,0
1,8,0,0.45631,0,0,0,0,0,0
2,8,0,0.355239,0,0,0,0,0,0
3,8,0,0.352317,0,0,0,0,0,0
4,8,0,0.41165,0,0,0,0,0,0
5,8,0,0.440798,0,0,0,0,0,0
6,8,0,0.413115,0,0,0,0,0,0
7,8,0,0.418652,0,0,0,0,0,0
8,8,0,0.361418,0,0,0,0,0,0
9,8,0,0.368728,0,0,0,0,0,0
10,8,0,0.393199,0,0,0,0,0,0
1,9,0,0.209008,0,0,0,0,0,0
2,9,0,0.148919,0,0,0,0,0,0
3,9,0,0.298532,0,0,0,0,0,0
4,9,0,0.206571,0,0,0,0,0,0
5,9,0,0.181137,0,0,0,0,0,0
6,9,0,0.230015,0,0,0,0,0,0
7,9,0,0.26238,0,0,0,0,0,0
8,9,0,0.263698,0,0,0,0,0,0
9,9,0,0.299447,0,0,0,0,0,0
10,9,0,0.162224,0,0,0,0,0,0
1,10,0,0.300886,0,0,0,0,0,0
2,10,0,0.27192,0,0,0,0,0,0
3,10,0,0.281083,0,0,0,0,0,0
4,10,0,0.316631,0,0,0,0,0,0
5,10,0,0.316,0,0,0,0,0,0
6,10,0,0.26999,0,0,0,0,0,0
7,10,0,0.335878,0,0,0,0,0,0
8,10,0,0.248636,0,0,0,0,0,0
9,10,0,0.306935,0,0,0,0,0,0
10,10,0,0.304625,0,0,0,0,0,0
1,11,0,0.637562,0,0,0,0,0,0
2,11,0,0.642305,0,0,0,0,0,0
3,11,0,0.656017,0,0,0,0,0,0
4,11,0,0.687929,0,0,0,0,0,0
5,11,0,0.678032,0,0,0,0,0,0
6,11,0,0.641952,0,0,0,0,0,0
7,11,0,0.565462,0,0,0,0,0,0
8,11,0,0.620252,0,0,0,0,0,0
9,11,0,0.608753,0,0,0,0,0,0
10,11,0,0.637046,0,0,0,0,0,0
1,12,0,-0.130517,0,0,0,0,0,0
2,12,0,-0.183942,0,0,0,0,0,0
3,12,0,-0.226085,0,0,0,0,0,0
4,12,0,-0.120559,0,0,0,0,0,0
5,12,0,-0.142294,0,0,0,0,0,0
6,12,0,-0.181138,0,0,0,0,0,0
7,12,0,-0.158254,0,0,0,0,0,0
8,12,0,-0.17362,0,0,0,0,0,0
9,12,0,-0.122852,0,0,0,0,0,0
10,12,0,-0.126389,0,0,0,0,0,0
1,13,0,-0.217551,0,0,0,0,0,0
2,13,0,-0.184714,0,0,0,0,0,0
3,13,0,-0.149899,0,0,0,0,0,0
4,13,0,-0.214796,0,0,0,0,0,0
5,13,0,-0.189356,0,0,0,0,0,0
6,13,0,-0.167758,0,0,0,0,0,0
7,13,0,-0.174889,0,0,0,0,0,0
8,13,0,-0.169061,0,0,0,0,0,0
9,13,0,-0.205668,0,0,0,0,0,0
10,13,0,-0.247071,0,0,0,0,0,0
1,14,0,-0.0551409,0,0,0,0,0,0
2,14,0,-0.0456703,0,0,0,0,0,0
3,14,0,-0.12,0,0,0,0,0,0
4,14,0,-0.100987,0,0,0,0,0,0
5,14,0,-0.107797,0,0,0,0,0,0
6,14,0,-0.013488,0,0,0,0,0,0
7,14,0,-0.0257851,0,0,0,0,0,0
8,14,0,-0.0661492,0,0,0,0,0,0
9,14,0,-0.0213266,0,0,0,0,0,0
10,14,0,-0.0667807,0,0,0,0,0,0
1,15,0,-0.0542011,0,0,0,0,0,0
2,15,0,-0.0848855,0,0,0,0,0,0
3,15,0,-0.0730317,0,0,0,0,0,0
4,15,0,-0.0814539,0,0,0,0,0,0
5,15,0,-0.0970746,0,0,0,0,0,0
6,15,0,-0.033097,0,0,0,0,0,0
7,15,0,0.0164668,0,0,0,0,0,0
8,15,0,-0.105109,0,0,0,0,0,0
9,15,0,-0.0924706,0,0,0,0,0,0
10,15,0,-0.0368408,0,0,0,0,0,0
1,16,0,-0.105282,0,0,0,0,0,0
2,16,0,-0.114232,0,0,0,0,0,0
3,16,0,-0.121327,0,0,0,0,0,0
4,16,0,-0.101021,0,0,0,0,0,0
5,16,0,-0.0878921,0,0,0,0,0,0
6,16,0,-0.131334,0,0,0,0,0,0
7,16,0,-0.115109,0,0,0,0,0,0
8,16,0,-0.170385,0,0,0,0,0,0
9,16,0,-0.11465,0,0,0,0,0,0
10,16,0,-0.164222,0,0,0,0,0,0
1,17,0,-0.322438,0,0,0,0,0,0
2,17,0,-0.331329,0,0,0,0,0,0
3,17,0,-0.367561,0,0,0,0,0,0
4,17,0,-0.378181,0,0,0,0,0,0
5,17,0,-0.345455,0,0,0,0,0,0
6,17,0,-0.385212,0,0,0,0,0,0
7,17,0,-0.318432,0,0,0,0,0,0
8,17,0,-0.301049,0,0,0,0,0,0
9,17,0,-0.293537,0,0,0,0,0,0
10,17,0,-0.326902,0,0,0,0,0,0
1,18,0,-0.114353,0,0,0,0,0,0
2,18,0,-0.0664763,0,0,0,0,0,0
3,18,0,-0.0848544,0,0,0,0,0,0
4,18,0,-0.0654253,0,0,0,0,0,0
5,18,0,-0.091545,0,0,0,0,0,0
6,18,0,-0.06826,0,0,0,0,0,0
7,18,0,-0.0879243,0,0,0,0,0,0
8,18,0,-0.0560733,0,0,0,0,0,0
9,18,0,-0.0640228,0,0,0,0,0,0
10,18,0,-0.0457245,0,0,0,0,0,0
1,19,0,0.339851,0,0,0,0,0,0
2,19,0,0.29291,0,0,0,0,0,0
3,19,0,0.32994,0,0,0,0,0,0
4,19,0,0.335726,0,0,0,0,0,0
5,19,0,0.278565,0,0,0,0,0,0
6,19,0,0.310435,0,0,0,0,0,0
7,19,0,0.325426,0,0,0,0,0,0
8,19,0,0.336958,0,0,0,0,0,0
9,19,0,0.321776,0,0,0,0,0,0
10,19,0,0.320254,0,0,0,0,0,0
1,20,0,-0.391335,0,0,0,0,0,0
2,20,0,-0.274807,0,0,0,0,0,0
3,20,0,-0.41376,0,0,0,0,0,0
4,20,0,-0.284983,0,0,0,0,0,0
5,20,0,-0.43557,0,0,0,0,0,0
6,20,0,-0.366458,0,0,0,0,0,0
7,20,0,-0.321193,0,0,0,0,0,0
8,20,0,-0.364617,0,0,0,0,0,0
9,20,0,-0.368829,0,0,0,0,0,0
10,20,0,-0.320805,0,0,0,0,0,0
1,21,0,0.13485,0,0,0,0,0,0
2,21,0,0.206713,0,0,0,0,0,0
3,21,0,0.152795,0,0,0,0,0,0
4,21,0,0.18942,0,0,0,0,0,0
5,21,0,0.126967,0,0,0,0,0,0
6,21,0,0.123651,0,0,0,0,0,0
7,21,0,0.131794,0,0,0,0,0,0
8,21,0,0.144847,0,0,0,0,0,0
9,21,0,0.125118,0,0,0,0,0,0
10,21,0,0.109438,0,0,0,0,0,0
1,22,0,-0.315309,0,0,0,0,0,0
2,22,0,-0.371687,0,0,0,0,0,0
3,22,0,-0.360033,0,0,0,0,0,0
4,22,0,-0.46523,0,0,0,0,0,0
5,22,0,-0.383226,0,0,0,0,0,0
6,22,0,-0.441561,0,0,0,0,0,0
7,22,0,-0.388954,0,0,0,0,0,0
8,22,0,-0.43849,0,0,0,0,0,0
9,22,0,-0.382565,0,0,0,0,0,0
10,22,0,-0.331006,0,0,0,0,0,0
1,23,0,0.639698,0,0,0,0,0,0
2,23,0,0.588982,0,0,0,0,0,0
3,23,0,0.532624,0,0,0,0,0,0
4,23,0,0.546203,0,0,0,0,0,0
5,23,0,0.509669,0,0,0,0,0,0
6,23,0,0.547914,0,0,0,0,0,0
7,23,0,0.589034,0,0,0,0,0,0
8,23,0,0.543578,0,0,0,0,0,0
9,23,0,0.551131,0,0,0,0,0,0
10,23,0,0.564051,0,0,0,0,0,0
1,24,0,0.0886525,0,0,0,0,0,0
2,24,0,0.0652657,0,0,0,0,0,0
3,24,0,0.101247,0,0,0,0,0,0
4,24,0,0.0654492,0,0,0,0,0,0
5,24,0,0.0827757,0,0,0,0,0,0
6,24,0,0.0126638,0,0,0,0,0,0
7,24,0,0.0580531,0,0,0,0,0,0
8,24,0,0.0436536,0,0,0,0,0,0
9,24,0,0.190144,0,0,0,0,0,0
10,24,0,0.052696,0,0,0,0,0,0
1,25,0,-0.0517075,0,0,0,0,0,0
2,25,0,-0.0404162,0,0,0,0,0,0
3,25,0,-0.0990072,0,0,0,0,0,0
4,25,0,-0.143393,0,0,0,0,0,0
5,25,0,-0.0221648,0,0,0,0,0,0
6,25,0,-0.0451824,0,0,0,0,0,0
7,25,0,-0.00410948,0,0,0,0,0,0
8,25,0,-0.0213496,0,0,0,0,0,0
9,25,0,-0.0545601,0,0,0,0,0,0
10,25,0,-0.144211,0,0,0,0,0,0
1,26,0,-0.238731,0,0,0,0,0,0
2,26,0,-0.289283,0,0,0,0,0,0
3,26,0,-0.233624,0,0,0,0,0,0
4,26,0,-0.191676,0,0,0,0,0,0
5,26,0,-0.289405,0,0,0,0,0,0
6,26,0,-0.219835,0,0,0,0,0,0
7,26,0,-0.233081,0,0,0,0,0,0
8,26,0,-0.275293,0,0,0,0,0,0
9,26,0,-0.237214,0,0,0,0,0,0
10,26,0,-0.233988,0,0,0,0,0,0
1,27,0,-0.159999,0,0,0,0,0,0
2,27,0,-0.153354,0,0,0,0,0,0
3,27,0,-0.144183,0,0,0,0,0,0
4,27,0,-0.158657,0,0,0,0,0,0
5,27,0,-0.190774,0,0,0,0,0,0
6,27,0,-0.193309,0,0,0,0,0,0
7,27,0,-0.170386,0,0,0,0,0,0
8,27,0,-0.17574,0,0,0,0,0,0
9,27,0,-0.0721158,0,0,0,0,0,0
10,27,0,-0.0758813,0,0,0,0,0,0
1,28,0,0.280985,0,0,0,0,0,0
2,28,0,0.298776,0,0,0,0,0,0
3,28,0,0.288966,0,0,0,0,0,0
4,28,0,0.326858,0,0,0,0,0,0
5,28,0,0.251877,0,0,0,0,0,0
6,28,0,0.326119,0,0,0,0,0,0
7,28,0,0.254812,0,0,0,0,0,0
8,28,0,0.290645,0,0,0,0,0,0
9,28,0,0.290081,0,0,0,0,0,0
10,28,0,0.358677,0,0,0,0,0,0
1,29,0,-0.00679721,0,0,0,0,0,0
2,29,0,-0.0989263,0,0,0,0,0,0
3,29,0,-0.0241179,0,0,0,0,0,0
4,29,0,-0.0905505,0,0,0,0,0,0
5,29,0,-0.108215,0,0,0,0,0,0
6,29,0,-0.0905505,0,0,0,0,0,0
7,29,0,-0.144948,0,0,0,0,0,0
8,29,0,-0.0905505,0,0,0,0,0,0
9,29,0,-0.159028,0,0,0,0,0,0
10,29,0,-0.0905505,0,0,0,0,0,0
1,30,0,0.469658,0,0,0,0,0,0
2,30,0,0.465058,0,0,0,0,0,0
3,30,0,0.457317,0,0,0,0,0,0
4,30,0,0.480499,0,0,0,0,0,0
5,30,0,0.476863,0,0,0,0,0,0
6,30,0,0.446948,0,0,0,0,0,0
7,30,0,0.487992,0,0,0,0,0,0
8,30,0,0.516263,0,0,0,0,0,0
9,30,0,0.49067,0,0,0,0,0,0
10,30,0,0.471281,0,0,0,0,0,0
1,31,0,0.10691,0,0,0,0,0,0
2,31,0,0.10611,0,0,0,0,0,0
3,31,0,0.172173,0,0,0,0,0,0
4,31,0,0.138365,0,0,0,0,0,0
5,31,0,0.116256,0,0,0,0,0,0
6,31,0,0.144509,0,0,0,0,0,0
7,31,0,0.145847,0,0,0,0,0,0
8,31,0,0.14384,0,0,0,0,0,0
9,31,0,0.160176,0,0,0,0,0,0
10,31,0,0.138105,0,0,0,0,0,0
1,32,0,-0.765167,0,0,0,0,0,0
2,32,0,-0.717593,0,0,0,0,0,0
3,32,0,-0.766459,0,0,0,0,0,0
4,32,0,-0.764994,0,0,0,0,0,0
5,32,0,-0.757139,0,0,0,0,0,0
6,32,0,-0.773549,0,0,0,0,0,0
7,32,0,-0.74774,0,0,0,0,0,0
8,32,0,-0.82805,0,0,0,0,0,0
9,32,0,-0.768094,0,0,0,0,0,0
10,32,0,-0.753918,0,0,0,0,0,0
1,33,0,0.118404,0,0,0,0,0,0
2,33,0,0.105981,0,0,0,0,0,0
3,33,0,0.123791,0,0,0,0,0,0
4,33,0,0.118753,0,0,0,0,0,0
5,33,0,0.0773942,0,0,0,0,0,0
6,33,0,0.107049,0,0,0,0,0,0
7,33,0,0.118641,0,0,0,0,0,0
8,33,0,0.113705,0,0,0,0,0,0
9,33,0,0.103261,0,0,0,0,0,0
10,33,0,0.158477,0,0,0,0,0,0
1,34,0,0.287476,0,0,0,0,0,0
2,34,0,0.265747,0,0,0,0,0,0
3,34,0,0.285745,0,0,0,0,0,0
4,34,0,0.321487,0,0,0,0,0,0
5,34,0,0.327496,0,0,0,0,0,0
6,34,0,0.301685,0,0,0,0,0,0
7,34,0,0.269983,0,0,0,0,0,0
8,34,0,0.389628,0,0,0,0,0,0
9,34,0,0.266956,0,0,0,0,0,0
10,34,0,0.316576,0,0,0,0,0,0
1,35,0,-0.340659,0,0,0,0,0,0
2,35,0,-0.370645,0,0,0,0,0,0
3,35,0,-0.386429,0,0,0,0,0,0
4,35,0,-0.340779,0,0,0,0,0,0
5,35,0,-0.308842,0,0,0,0,0,0
6,35,0,-0.326353,0,0,0,0,0,0
7,35,0,-0.353859,0,0,0,0,0,0
8,35,0,-0.32112,0,0,0,0,0,0
9,35,0,-0.341158,0,0,0,0,0,0
10,35,0,-0.339895,0,0,0,0,0,0
1,36,0,-0.456107,0,0,0,0,0,0
2,36,0,-0.572716,0,0,0,0,0,0
3,36,0,-0.497564,0,0,0,0,0,0
4,36,0,-0.466091,0,0,0,0,0,0
5,36,0,-0.429253,0,0,0,0,0,0
6,36,0,-0.488123,0,0,0,0,0,0
7,36,0,-0.504311,0,0,0,0,0,0
8,36,0,-0.510608,0,0,0,0,0,0
9,36,0,-0.556491,0,0,0,0,0,0
10,36,0,-0.495669,0,0,0,0,0,0
1,37,0,-0.157269,0,0,0,0,0,0
2,37,0,-0.207794,0,0,0,0,0,0
3,37,0,-0.154327,0,0,0,0,0,0
4,37,0,-0.169177,0,0,0,0,0,0
5,37,0,-0.211092,0,0,0,0,0,0
6,37,0,-0.223878,0,0,0,0,0,0
7,37,0,-0.22896,0,0,0,0,0,0
8,37,0,-0.166015,0,0,0,0,0,0
9,37,0,-0.186891,0,0,0,0,0,0
10,37,0,-0.237772,0,0,0,0,0,0
1,38,0,-0.318575,0,0,0,0,0,0
2,38,0,-0.345113,0,0,0,0,0,0
3,38,0,-0.256024,0,0,0,0,0,0
4,38,0,-0.329528,0,0,0,0,0,0
5,38,0,-0.313839,0,0,0,0,0,0
6,38,0,-0.22537,0,0,0,0,0,0
7,38,0,-0.326509,0,0,0,0,0,0
8,38,0,-0.264949,0,0,0,0,0,0
9,38,0,-0.3042,0,0,0,0,0,0
10,38,0,-0.315398,0,0,0,0,0,0
1,39,0,-0.121254,0,0,0,0,0,0
2,39,0,-0.164828,0,0,0,0,0,0
3,39,0,-0.186109,0,0,0,0,0,0
4,39,0,-0.199174,0,0,0,0,0,0
5,39,0,-0.150516,0,0,0,0,0,0
6,39,0,-0.16038,0,0,0,0,0,0
7,39,0,-0.122289,0,0,0,0,0,0
8,39,0,-0.21756,0,0,0,0,0,0
9,39,0,-0.101596,0,0,0,0,0,0
10,39,0,-0.220815,0,0,0,0,0,0
1,40,0,0.418266,0,0,0,0,0,0
2,40,0,0.477126,0,0,0,0,0,0
3,40,0,0.4782,0,0,0,0,0,0
4,40,0,0.44242,0,0,0,0,0,0
5,40,0,0.423644,0,0,0,0,0,0
6,40,0,0.419013,0,0,0,0,0,0
7,40,0,0.459385,0,0,0,0,0,0
8,40,0,0.430742,0,0,0,0,0,0
9,40,0,0.425045,0,0,0,0,0,0
10,40,0,0.454873,0,0,0,0,0,0
1,41,0,0.0891977,0,0,0,0,0,0
2,41,0,0.0410646,0,0,0,0,0,0
3,41,0,0.0891977,0,0,0,0,0,0
4,41,0,0.0641457,0,0,0,0,0,0
5,41,0,0.0872462,0,0,0,0,0,0
6,41,0,0.0902288,0,0,0,0,0,0
7,41,0,0.0977635,0,0,0,0,0,0
8,41,0,0.0937926,0,0,0,0,0,0
9,41,0,0.08236,0,0,0,0,0,0
10,41,0,0.0879174,0,0,0,0,0,0
1,42,0,0.112281,0,0,0,0,0,0
2,42,0,0.143986,0,0,0,0,0,0
3,42,0,0.116464,0,0,0,0,0,0
4,42,0,0.114675,0,0,0,0,0,0
5,42,0,0.105841,0,0,0,0,0,0
6,42,0,0.10773,0,0,0,0,0,0
7,42,0,0.105812,0,0,0,0,0,0
8,42,0,0.0356448,0,0,0,0,0,0
9,42,0,0.105812,0,0,0,0,0,0
10,42,0,0.109622,0,0,0,0,0,0
1,43,0,-0.15621,0,0,0,0,0,0
2,43,0,-0.198179,0,0,0,0,0,0
3,43,0,-0.225525,0,0,0,0,0,0
4,43,0,-0.19693,0,0,0,0,0,0
5,43,0,-0.252969,0,0,0,0,0,0
6,43,0,-0.2328,0,0,0,0,0,0
7,43,0,-0.196473,0,0,0,0,0,0
8,43,0,-0.160304,0,0,0,0,0,0
9,43,0,-0.207034,0,0,0,0,0,0
10,43,0,-0.181817,0,0,0,0,0,0
1,44,0,0.135526,0,0,0,0,0,0
2,44,0,0.157299,0,0,0,0,0,0
3,44,0,0.228786,0,0,0,0,0,0
4,44,0,0.0502613,0,0,0,0,0,0
5,44,0,0.134372,0,0,0,0,0,0
6,44,0,0.152133,0,0,0,0,0,0
7,44,0,0.126097,0,0,0,0,0,0
8,44,0,0.165819,0,0,0,0,0,0
9,44,0,0.15202,0,0,0,0,0,0
10,44,0,0.129951,0,0,0,0,0,0
1,45,0,-0.377055,0,0,0,0,0,0
2,45,0,-0.313782,0,0,0,0,0,0
3,45,0,-0.351774,0,0,0,0,0,0
4,45,0,-0.331108,0,0,0,0,0,0
5,45,0,-0.347372,0,0,0,0,0,0
6,45,0,-0.347082,0,0,0,0,0,0
7,45,0,-0.30728,0,0,0,0,0,0
8,45,0,-0.367244,0,0,0,0,0,0
9,45,0,-0.350181,0,0,0,0,0,0
10,45,0,-0.348042,0,0,0,0,0,0
