rep,id,eta_V,eta_Cl
1,1,0.97994,0
2,1,0.994953,0
3,1,0.931063,0
4,1,0.912129,0
5,1,0.95553,0
6,1,0.916275,0
7,1,0.907182,0
8,1,0.978901,0
9,1,0.940458,0
10,1,0.890416,0
1,2,1.03989,0
2,2,0.865829,0
3,2,0.934104,0
4,2,1.00755,0
5,2,0.977929,0
6,2,0.966589,0
7,2,0.982356,0
8,2,0.919926,0
9,2,1.11812,0
10,2,1.04271,0
1,3,-0.449611,0
2,3,-0.465583,0
3,3,-0.439398,0
4,3,-0.44062,0
5,3,-0.459721,0
6,3,-0.472025,0
7,3,-0.457108,0
8,3,-0.464271,0
9,3,-0.471387,0
10,3,-0.461523,0
1,4,-0.00395402,0
2,4,-0.107882,0
3,4,-0.0570001,0
4,4,-0.106693,0
5,4,-0.0401438,0
6,4,-0.0732829,0
7,4,-0.0132964,0
8,4,-0.048007,0
9,4,-0.0462941,0
10,4,0.014797,0
1,5,0.571612,0
2,5,0.633232,0
3,5,0.636108,0
4,5,0.59518,0
5,5,0.578553,0
6,5,0.556263,0
7,5,0.578527,0
8,5,0.539244,0
9,5,0.60091,0
10,5,0.597995,0
1,6,-0.539881,0
2,6,-0.55441,0
3,6,-0.552961,0
4,6,-0.527018,0
5,6,-0.559736,0
6,6,-0.530546,0
7,6,-0.539585,0
8,6,-0.543888,0
9,6,-0.548637,0
10,6,-0.542701,0
1,7,-0.855883,0
2,7,-0.850261,0
3,7,-0.874052,0
4,7,-0.851943,0
5,7,-0.844732,0
6,7,-0.864949,0
7,7,-0.845134,0
8,7,-0.841892,0
9,7,-0.845134,0
10,7,-0.851214,0
1,8,-0.503769,0
2,8,-0.529771,0
3,8,-0.513333,0
4,8,-0.488859,0
5,8,-0.524894,0
6,8,-0.488859,0
7,8,-0.496,0
8,8,-0.508037,0
9,8,-0.542388,0
10,8,-0.50801,0
1,9,0.0789883,0
2,9,0.0545708,0
3,9,0.122143,0
4,9,0.0578095,0
5,9,0.0688138,0
6,9,0.0983763,0
7,9,0.175218,0
8,9,0.114066,0
9,9,0.160781,0
10,9,0.136247,0
1,10,0.397736,0
2,10,0.453978,0
3,10,0.519822,0
4,10,0.45774,0
5,10,0.493227,0
6,10,0.459631,0
7,10,0.362687,0
8,10,0.479289,0
9,10,0.503953,0
10,10,0.418423,0
1,11,0.265134,0
2,11,0.317999,0
3,11,0.322567,0
4,11,0.321338,0
5,11,0.281526,0
6,11,0.30821,0
7,11,0.281583,0
8,11,0.275795,0
9,11,0.334342,0
10,11,0.322969,0
1,12,-0.585861,0
2,12,-0.565954,0
3,12,-0.581403,0
4,12,-0.583062,0
5,12,-0.620953,0
6,12,-0.563215,0
7,12,-0.595563,0
8,12,-0.607302,0
9,12,-0.584356,0
10,12,-0.587844,0
1,13,0.491188,0
2,13,0.477475,0
3,13,0.525232,0
4,13,0.494121,0
5,13,0.507104,0
6,13,0.550789,0
7,13,0.551408,0
8,13,0.512867,0
9,13,0.484831,0
10,13,0.544283,0
1,14,0.482917,0
2,14,0.484281,0
3,14,0.51242,0
4,14,0.546741,0
5,14,0.51299,0
6,14,0.598893,0
7,14,0.578303,0
8,14,0.495899,0
9,14,0.565957,0
10,14,0.458735,0
1,15,-0.0642683,0
2,15,-0.0766173,0
3,15,-0.114731,0
4,15,-0.0691048,0
5,15,-0.113275,0
6,15,-0.0717895,0
7,15,-0.0481733,0
8,15,-0.143372,0
9,15,-0.128579,0
10,15,-0.13533,0
1,16,0.976804,0
2,16,0.712958,0
3,16,0.906368,0
4,16,0.694139,0
5,16,0.876773,0
6,16,0.677797,0
7,16,0.952226,0
8,16,0.848811,0
9,16,0.776416,0
10,16,0.914836,0
1,17,-0.467903,0
2,17,-0.477074,0
3,17,-0.478779,0
4,17,-0.466859,0
5,17,-0.451218,0
6,17,-0.443386,0
7,17,-0.481648,0
8,17,-0.484241,0
9,17,-0.466031,0
10,17,-0.447298,0
1,18,-0.0326415,0
2,18,-0.076137,0
3,18,-0.0486235,0
4,18,-0.10646,0
5,18,-0.101958,0
6,18,-0.0744062,0
7,18,-0.12784,0
8,18,-0.0626027,0
9,18,-0.0691118,0
10,18,-0.0295556,0
1,19,0.619538,0
2,19,0.612516,0
3,19,0.697487,0
4,19,0.66291,0
5,19,0.566382,0
6,19,0.627776,0
7,19,0.585735,0
8,19,0.62933,0
9,19,0.600364,0
10,19,0.633007,0
1,20,-0.533235,0
2,20,-0.562163,0
3,20,-0.532896,0
4,20,-0.532137,0
5,20,-0.571089,0
6,20,-0.549979,0
7,20,-0.523269,0
8,20,-0.554824,0
9,20,-0.517712,0
10,20,-0.52722,0
1,21,-0.84908,0
2,21,-0.853932,0
3,21,-0.853032,0
4,21,-0.872051,0
5,21,-0.863881,0
6,21,-0.853928,0
7,21,-0.848937,0
8,21,-0.83388,0
9,21,-0.87085,0
10,21,-0.863779,0
1,22,-0.450998,0
2,22,-0.517185,0
3,22,-0.524122,0
4,22,-0.494215,0
5,22,-0.521986,0
6,22,-0.528376,0
7,22,-0.49329,0
8,22,-0.520853,0
9,22,-0.524875,0
10,22,-0.491037,0
1,23,0.177815,0
2,23,0.207493,0
3,23,0.145542,0
4,23,0.158828,0
5,23,0.209487,0
6,23,0.17631,0
7,23,0.157209,0
8,23,0.24209,0
9,23,0.383579,0
10,23,0.12664,0
1,24,0.255378,0
2,24,0.345324,0
3,24,0.595601,0
4,24,0.398034,0
5,24,0.422937,0
6,24,0.353064,0
7,24,0.489785,0
8,24,0.576444,0
9,24,0.550652,0
10,24,0.415146,0
1,25,0.28227,0
2,25,0.261569,0
3,25,0.236628,0
4,25,0.312192,0
5,25,0.285138,0
6,25,0.276565,0
7,25,0.305936,0
8,25,0.337656,0
9,25,0.283446,0
10,25,0.259703,0
1,26,-0.615781,0
2,26,-0.608431,0
3,26,-0.59257,0
4,26,-0.593516,0
5,26,-0.620641,0
6,26,-0.560309,0
7,26,-0.58989,0
8,26,-0.580715,0
9,26,-0.587432,0
10,26,-0.605141,0
1,27,0.547906,0
2,27,0.518257,0
3,27,0.515476,0
4,27,0.474848,0
5,27,0.47956,0
6,27,0.476337,0
7,27,0.507436,0
8,27,0.449563,0
9,27,0.596577,0
10,27,0.527974,0
1,28,0.606861,0
2,28,0.529354,0
3,28,0.483108,0
4,28,0.530912,0
5,28,0.524206,0
6,28,0.563788,0
7,28,0.43816,0
8,28,0.511935,0
9,28,0.568614,0
10,28,0.625818,0
1,29,-0.133769,0
2,29,-0.096506,0
3,29,-0.109251,0
4,29,-0.118291,0
5,29,-0.17665,0
6,29,-0.13194,0
7,29,-0.145472,0
8,29,-0.128245,0
9,29,-0.161129,0
10,29,-0.100602,0
1,30,-0.433096,0
2,30,-0.420066,0
3,30,-0.437831,0
4,30,-0.418,0
5,30,-0.426638,0
6,30,-0.470941,0
7,30,-0.426662,0
8,30,-0.395951,0
9,30,-0.450146,0
10,30,-0.460022,0
1,31,-0.476287,0
2,31,-0.407756,0
3,31,-0.410257,0
4,31,-0.404056,0
5,31,-0.477312,0
6,31,-0.463725,0
7,31,-0.463163,0
8,31,-0.470516,0
9,31,-0.470183,0
10,31,-0.459875,0
1,32,-0.0162548,0
2,32,-0.0820416,0
3,32,-0.0809413,0
4,32,-0.00615754,0
5,32,-0.042318,0
6,32,-0.0801622,0
7,32,-0.0285174,0
8,32,-0.0354229,0
9,32,0.0333393,0
10,32,-0.0453254,0
1,33,0.606111,0
2,33,0.62967,0
3,33,0.666555,0
4,33,0.618658,0
5,33,0.590873,0
6,33,0.621562,0
7,33,0.688889,0
8,33,0.630742,0
9,33,0.636251,0
10,33,0.680156,0
1,34,-0.574626,0
2,34,-0.569155,0
3,34,-0.556148,0
4,34,-0.528775,0
5,34,-0.572653,0
6,34,-0.550683,0
7,34,-0.517335,0
8,34,-0.533928,0
9,34,-0.525962,0
10,34,-0.528124,0
1,35,-0.834791,0
2,35,-0.85788,0
3,35,-0.861428,0
4,35,-0.85788,0
5,35,-0.862936,0
6,35,-0.84445,0
7,35,-0.871261,0
8,35,-0.859937,0
9,35,-0.858513,0
10,35,-0.848705,0
1,36,-0.503627,0
2,36,-0.505066,0
3,36,-0.523409,0
4,36,-0.468895,0
5,36,-0.520932,0
6,36,-0.501429,0
7,36,-0.506532,0
8,36,-0.498604,0
9,36,-0.511075,0
10,36,-0.528461,0
1,37,0.231269,0
2,37,0.0845505,0
3,37,0.140295,0
4,37,0.183052,0
5,37,0.0813164,0
6,37,0.148506,0
7,37,0.15274,0
8,37,0.108973,0
9,37,0.212846,0
10,37,0.139698,0
1,38,0.387813,0
2,38,0.507991,0
3,38,0.549874,0
4,38,0.426287,0
5,38,0.487304,0
6,38,0.572697,0
7,38,0.583404,0
8,38,0.574797,0
9,38,0.488863,0
10,38,0.397305,0
1,39,0.281852,0
2,39,0.327535,0
3,39,0.247462,0
4,39,0.296761,0
5,39,0.289081,0
6,39,0.260446,0
7,39,0.273042,0
8,39,0.275957,0
9,39,0.295817,0
10,39,0.287235,0
1,40,-0.587452,0
2,40,-0.580291,0
3,40,-0.599827,0
4,40,-0.576702,0
5,40,-0.571606,0
6,40,-0.606309,0
7,40,-0.614005,0
8,40,-0.59048,0
9,40,-0.599933,0
10,40,-0.589245,0
1,41,0.474566,0
2,41,0.518864,0
3,41,0.479848,0
4,41,0.534955,0
5,41,0.492005,0
6,41,0.500313,0
7,41,0.538819,0
8,41,0.547775,0
9,41,0.493832,0
10,41,0.48655,0
1,42,0.46181,0
2,42,0.549849,0
3,42,0.381992,0
4,42,0.599407,0
5,42,0.391979,0
6,42,0.428844,0
7,42,0.411805,0
8,42,0.403533,0
9,42,0.423931,0
10,42,0.565748,0
1,43,-0.0225828,0
2,43,-0.11967,0
3,43,-0.153292,0
4,43,-0.103022,0
5,43,-0.140233,0
6,43,-0.0643839,0
7,43,-0.103395,0
8,43,-0.147213,0
9,43,-0.102669,0
10,43,-0.0786697,0
1,44,-0.4412,0
2,44,-0.430232,0
3,44,-0.475719,0
4,44,-0.430302,0
5,44,-0.469155,0
6,44,-0.464538,0
7,44,-0.437371,0
8,44,-0.429102,0
9,44,-0.406195,0
10,44,-0.425752,0
1,45,-0.40922,0
2,45,-0.401533,0
3,45,-0.446111,0
4,45,-0.402705,0
5,45,-0.383801,0
6,45,-0.439711,0
7,45,-0.446494,0
8,45,-0.411677,0
9,45,-0.426949,0
10,45,-0.440399,0
