rep,id,V,Cl
1,1,10.7983,2.46878
2,1,10.6195,2.46878
3,1,10.2774,2.46878
4,1,10.0823,2.46878
5,1,10.5462,2.46878
6,1,10.1133,2.46878
7,1,10.0432,2.46878
8,1,10.7644,2.46878
9,1,10.3673,2.46878
10,1,9.85482,2.46878
1,2,11.1104,2.46878
2,2,9.60911,2.46878
3,2,10.3075,2.46878
4,2,11.7608,2.46878
5,2,11.8383,2.46878
6,2,10.6483,2.46878
7,2,10.874,2.46878
8,2,9.80657,2.46878
9,2,12.4526,2.46878
10,2,11.0675,2.46878
1,3,2.56411,2.46878
2,3,2.52356,2.46878
3,3,2.59073,2.46878
4,3,2.58718,2.46878
5,3,2.57623,2.46878
6,3,2.50763,2.46878
7,3,2.56408,2.46878
8,3,2.52743,2.46878
9,3,2.52766,2.46878
10,3,2.5343,2.46878
1,4,4.01348,2.46878
2,4,3.61166,2.46878
3,4,3.80157,2.46878
4,4,3.6162,2.46878
5,4,3.87104,2.46878
6,4,3.74345,2.46878
7,4,3.96676,2.46878
8,4,3.85302,2.46878
9,4,3.84939,2.46878
10,4,3.68171,2.46878
1,5,7.19847,2.46878
2,5,7.61761,2.46878
3,5,7.66627,2.46878
4,5,7.34357,2.46878
5,5,7.24971,2.46878
6,5,7.05016,2.46878
7,5,7.22073,2.46878
8,5,6.93617,2.46878
9,5,7.37152,2.46878
10,5,7.35117,2.46878
1,6,2.34172,2.46878
2,6,2.30798,2.46878
3,6,2.31036,2.46878
4,6,2.37243,2.46878
5,6,2.29394,2.46878
6,6,2.36418,2.46878
7,6,2.34211,2.46878
8,6,2.33259,2.46878
9,6,2.32302,2.46878
10,6,2.33523,2.46878
1,7,1.72454,2.46878
2,7,1.72158,2.46878
3,7,1.67091,2.46878
4,7,1.71871,2.46878
5,7,1.72072,2.46878
6,7,1.69626,2.46878
7,7,1.70915,2.46878
8,7,1.73523,2.46878
9,7,1.73985,2.46878
10,7,1.71936,2.46878
1,8,2.42856,2.46878
2,8,2.35086,2.46878
3,8,2.4251,2.46878
4,8,2.4652,2.46878
5,8,2.39691,2.46878
6,8,2.4652,2.46878
7,8,2.44757,2.46878
8,8,2.39518,2.46878
9,8,2.33734,2.46878
10,8,2.4153,2.46878
1,9,4.36254,2.46878
2,9,4.25597,2.46878
3,9,4.55354,2.46878
4,9,4.27195,2.46878
5,9,4.32193,2.46878
6,9,4.44719,2.46878
7,9,4.79799,2.46878
8,9,4.53971,2.46878
9,9,4.38053,2.46878
10,9,4.62107,2.46878
1,10,6.01082,2.46878
2,10,6.36239,2.46878
3,10,6.79401,2.46878
4,10,6.36992,2.46878
5,10,6.61789,2.46878
6,10,6.39451,2.46878
7,10,5.79781,2.46878
8,10,6.09239,2.46878
9,10,6.68494,2.46878
10,10,6.8668,2.46878
1,11,5.26028,2.46878
2,11,5.53957,2.46878
3,11,5.57345,2.46878
4,11,5.56621,2.46878
5,11,5.48939,2.46878
6,11,5.49305,2.46878
7,11,5.36651,2.46878
8,11,5.32199,2.46878
9,11,5.63609,2.46878
10,11,5.47023,2.46878
1,12,2.23638,2.46878
2,12,2.28231,2.46878
3,12,2.2468,2.46878
4,12,2.2913,2.46878
5,12,2.17749,2.46878
6,12,2.2828,2.46878
7,12,2.21473,2.46878
8,12,2.22472,2.46878
9,12,2.2393,2.46878
10,12,2.21102,2.46878
1,13,6.59641,2.46878
2,13,6.48484,2.46878
3,13,6.82268,2.46878
4,13,6.5963,2.46878
5,13,6.69936,2.46878
6,13,7.01199,2.46878
7,13,7.01075,2.46878
8,13,6.74342,2.46878
9,13,6.5579,2.46878
10,13,6.96421,2.46878
1,14,6.54526,2.46878
2,14,6.5471,2.46878
3,14,6.74219,2.46878
4,14,6.98167,2.46878
5,14,6.74778,2.46878
6,14,7.35546,2.46878
7,14,7.18246,2.46878
8,14,6.64542,2.46878
9,14,6.57269,2.46878
10,14,6.38953,2.46878
1,15,3.77787,2.46878
2,15,3.72898,2.46878
3,15,3.59206,2.46878
4,15,3.75677,2.46878
5,15,3.59536,2.46878
6,15,3.75138,2.46878
7,15,3.67029,2.46878
8,15,3.49163,2.46878
9,15,3.5713,2.46878
10,15,3.51711,2.46878
1,16,10.757,2.46878
2,16,8.24289,2.46878
3,16,9.99331,2.46878
4,16,8.11326,2.46878
5,16,9.71059,2.46878
6,16,10.4826,2.46878
7,16,10.4996,2.46878
8,16,8.63501,2.46878
9,16,8.81645,2.46878
10,16,10.0944,2.46878
1,17,2.51716,2.46878
2,17,2.4965,2.46878
3,17,2.48987,2.46878
4,17,2.5201,2.46878
5,17,2.55985,2.46878
6,17,2.61837,2.46878
7,17,2.48417,2.46878
8,17,2.48863,2.46878
9,17,2.52242,2.46878
10,17,2.57092,2.46878
1,18,3.90144,2.46878
2,18,3.73404,2.46878
3,18,3.83709,2.46878
4,18,3.62067,2.46878
5,18,3.63737,2.46878
6,18,3.73974,2.46878
7,18,3.54573,2.46878
8,18,3.78404,2.46878
9,18,3.75836,2.46878
10,18,3.91399,2.46878
1,19,7.5137,2.46878
2,19,7.45556,2.46878
3,19,8.12351,2.46878
4,19,7.89041,2.46878
5,19,7.12375,2.46878
6,19,7.41819,2.46878
7,19,7.27162,2.46878
8,19,7.58174,2.46878
9,19,7.37532,2.46878
10,19,7.62158,2.46878
1,20,2.42482,2.46878
2,20,2.23501,2.46878
3,20,2.35851,2.46878
4,20,2.31968,2.46878
5,20,2.26963,2.46878
6,20,2.34232,2.46878
7,20,2.37896,2.46878
8,20,2.3072,2.46878
9,20,2.39473,2.46878
10,20,2.32561,2.46878
1,21,1.72521,2.46878
2,21,1.70458,2.46878
3,21,1.71827,2.46878
4,21,1.69121,2.46878
5,21,1.69967,2.46878
6,21,1.71215,2.46878
7,21,1.71656,2.46878
8,21,1.74291,2.46878
9,21,1.67959,2.46878
10,21,1.70306,2.46878
1,22,2.5192,2.46878
2,22,2.38124,2.46878
3,22,2.37926,2.46878
4,22,2.43758,2.46878
5,22,2.38441,2.46878
6,22,2.36845,2.46878
7,22,2.46392,2.46878
8,22,2.38778,2.46878
9,22,2.42462,2.46878
10,22,2.45922,2.46878
1,23,4.81825,2.46878
2,23,4.96733,2.46878
3,23,4.66148,2.46878
4,23,4.72723,2.46878
5,23,4.97412,2.46878
6,23,4.81222,2.46878
7,23,4.71541,2.46878
8,23,5.142,2.46878
9,23,5.90651,2.46878
10,23,4.57666,2.46878
1,24,5.20757,2.46878
2,24,5.6961,2.46878
3,24,7.33077,2.46878
4,24,6.01199,2.46878
5,24,6.15585,2.46878
6,24,5.74228,2.46878
7,24,6.58524,2.46878
8,24,7.17954,2.46878
9,24,7.00137,2.46878
10,24,6.11064,2.46878
1,25,5.35051,2.46878
2,25,5.23981,2.46878
3,25,5.11019,2.46878
4,25,5.51508,2.46878
5,25,5.36712,2.46878
6,25,5.32292,2.46878
7,25,5.47288,2.46878
8,25,5.65104,2.46878
9,25,5.35743,2.46878
10,25,5.2345,2.46878
1,26,2.23288,2.46878
2,26,2.18736,2.46878
3,26,2.26623,2.46878
4,26,2.21903,2.46878
5,26,2.20368,2.46878
6,26,2.25723,2.46878
7,26,2.21187,2.46878
8,26,2.24646,2.46878
9,26,2.23282,2.46878
10,26,2.1928,2.46878
1,27,6.99132,2.46878
2,27,6.78305,2.46878
3,27,6.75471,2.46878
4,27,6.49419,2.46878
5,27,6.51697,2.46878
6,27,6.50663,2.46878
7,27,6.70943,2.46878
8,27,6.34583,2.46878
9,27,6.39817,2.46878
10,27,6.85019,2.46878
1,28,7.42913,2.46878
2,28,6.85909,2.46878
3,28,6.53883,2.46878
4,28,6.87038,2.46878
5,28,6.82764,2.46878
6,28,7.1061,2.46878
7,28,6.25955,2.46878
8,28,6.74466,2.46878
9,28,7.10362,2.46878
10,28,7.55472,2.46878
1,29,3.52255,2.46878
2,29,3.6563,2.46878
3,29,3.61024,2.46878
4,29,3.57474,2.46878
5,29,3.3734,2.46878
6,29,3.52911,2.46878
7,29,3.47737,2.46878
8,29,3.73906,2.46878
9,29,3.42703,2.46878
10,29,3.33028,2.46878
1,30,2.60723,2.46878
2,30,2.62636,2.46878
3,30,2.59487,2.46878
4,30,2.57073,2.46878
5,30,2.62393,2.46878
6,30,2.50128,2.46878
7,30,2.62135,2.46878
8,30,2.70541,2.46878
9,30,2.56096,2.46878
10,30,2.53878,2.46878
1,31,2.56965,2.46878
2,31,2.67475,2.46878
3,31,2.61846,2.46878
4,31,2.68516,2.46878
5,31,2.49398,2.46878
6,31,2.60337,2.46878
7,31,2.5304,2.46878
8,31,2.51107,2.46878
9,31,2.51229,2.46878
10,31,2.53716,2.46878
1,32,3.86681,2.46878
2,32,3.71064,2.46878
3,32,3.71474,2.46878
4,32,4.0118,2.46878
5,32,3.86221,2.46878
6,32,3.71635,2.46878
7,32,3.91519,2.46878
8,32,3.88603,2.46878
9,32,4.16576,2.46878
10,32,3.85015,2.46878
1,33,7.40947,2.46878
2,33,7.5848,2.46878
3,33,7.86806,2.46878
4,33,7.50073,2.46878
5,33,7.29231,2.46878
6,33,7.5247,2.46878
7,33,8.03051,2.46878
8,33,7.59355,2.46878
9,33,7.6229,2.46878
10,33,7.97822,2.46878
1,34,2.26121,2.46878
2,34,2.27699,2.46878
3,34,2.30397,2.46878
4,34,2.37124,2.46878
5,34,2.26606,2.46878
6,34,2.3195,2.46878
7,34,2.39395,2.46878
8,34,2.35799,2.46878
9,34,2.37376,2.46878
10,34,2.37174,2.46878
1,35,1.67839,2.46878
2,35,1.70145,2.46878
3,35,1.73671,2.46878
4,35,1.70145,2.46878
5,35,1.69259,2.46878
6,35,1.72457,2.46878
7,35,1.70156,2.46878
8,35,1.69887,2.46878
9,35,1.71441,2.46878
10,35,1.71784,2.46878
1,36,2.43146,2.46878
2,36,2.42572,2.46878
3,36,2.38835,2.46878
4,36,2.51423,2.46878
5,36,2.39428,2.46878
6,36,2.43425,2.46878
7,36,2.4287,2.46878
8,36,2.44179,2.46878
9,36,2.41773,2.46878
10,36,2.37024,2.46878
1,37,5.09103,2.46878
2,37,4.38631,2.46878
3,37,4.63806,2.46878
4,37,4.84484,2.46878
5,37,4.36961,2.46878
6,37,4.6772,2.46878
7,37,4.6937,2.46878
8,37,4.50246,2.46878
9,37,4.99298,2.46878
10,37,4.63674,2.46878
1,38,5.9416,2.46878
2,38,6.15097,2.46878
3,38,6.98205,2.46878
4,38,6.11498,2.46878
5,38,6.57654,2.46878
6,38,7.15616,2.46878
7,38,7.26116,2.46878
8,38,7.17148,2.46878
9,38,6.58404,2.46878
10,38,6.01444,2.46878
1,39,5.35111,2.46878
2,39,5.60081,2.46878
3,39,5.16757,2.46878
4,39,5.43055,2.46878
5,39,5.38622,2.46878
6,39,5.23446,2.46878
7,39,5.30067,2.46878
8,39,5.31829,2.46878
9,39,5.42505,2.46878
10,39,5.38339,2.46878
1,40,2.2326,2.46878
2,40,2.24941,2.46878
3,40,2.16576,2.46878
4,40,2.29437,2.46878
5,40,2.23665,2.46878
6,40,2.1908,2.46878
7,40,2.19409,2.46878
8,40,2.22482,2.46878
9,40,2.19717,2.46878
10,40,2.22755,2.46878
1,41,6.49286,2.46878
2,41,6.69005,2.46878
3,41,6.52678,2.46878
4,41,6.25006,2.46878
5,41,6.60711,2.46878
6,41,6.66559,2.46878
7,41,6.92345,2.46878
8,41,6.98667,2.46878
9,41,6.62112,2.46878
10,41,6.57756,2.46878
1,42,6.41053,2.46878
2,42,7.01408,2.46878
3,42,5.92124,2.46878
4,42,7.36099,2.46878
5,42,5.9765,2.46878
6,42,6.20057,2.46878
7,42,6.09608,2.46878
8,42,6.04543,2.46878
9,42,6.17469,2.46878
10,42,7.1161,2.46878
1,43,3.94127,2.46878
2,43,3.57291,2.46878
3,43,3.4546,2.46878
4,43,3.63216,2.46878
5,43,3.50027,2.46878
6,43,3.55371,2.46878
7,43,3.6334,2.46878
8,43,3.47535,2.46878
9,43,3.63492,2.46878
10,43,3.72378,2.46878
1,44,2.58617,2.46878
2,44,2.63179,2.46878
3,44,2.4975,2.46878
4,44,2.63265,2.46878
5,44,2.51457,2.46878
6,44,2.53802,2.46878
7,44,2.59503,2.46878
8,44,2.62819,2.46878
9,44,2.51091,2.46878
10,44,2.63692,2.46878
1,45,2.67066,2.46878
2,45,2.69174,2.46878
3,45,2.57344,2.46878
4,45,2.68861,2.46878
5,45,2.73889,2.46878
6,45,2.59022,2.46878
7,45,2.57316,2.46878
8,45,2.66281,2.46878
9,45,2.59065,2.46878
10,45,2.58905,2.46878
