rep,id,V,Cl
1,1,6.29176,2.86959
2,1,6.29176,2.86959
1,2,6.29176,2.86959
2,2,6.29176,2.86959
1,3,6.29176,2.86959
2,3,6.29176,2.86959
1,4,6.29176,2.86959
2,4,6.29176,2.86959
1,5,6.29176,2.86959
2,5,6.29176,2.86959
1,6,6.29176,2.86959
2,6,6.29176,2.86959
1,7,6.29176,2.86959
2,7,6.29176,2.86959
1,8,6.29176,2.86959
2,8,6.29176,2.86959
1,9,6.29176,2.86959
2,9,6.29176,2.86959
1,10,6.29176,2.86959
2,10,6.29176,2.86959
1,11,6.29176,2.86959
2,11,6.29176,2.86959
1,12,6.29176,2.86959
2,12,6.29176,2.86959
1,13,6.29176,2.86959
2,13,6.29176,2.86959
1,14,6.29176,2.86959
2,14,6.29176,2.86959
1,15,6.29176,2.86959
2,15,6.29176,2.86959
1,16,6.29176,2.86959
2,16,6.29176,2.86959
1,17,6.29176,2.86959
2,17,6.29176,2.86959
1,18,6.29176,2.86959
2,18,6.29176,2.86959
1,19,6.29176,2.86959
2,19,6.29176,2.86959
1,20,6.29176,2.86959
2,20,6.29176,2.86959
1,21,6.29176,2.86959
2,21,6.29176,2.86959
1,22,6.29176,2.86959
2,22,6.29176,2.86959
1,23,6.29176,2.86959
2,23,6.29176,2.86959
1,24,6.29176,2.86959
2,24,6.29176,2.86959
1,25,6.29176,2.86959
2,25,6.29176,2.86959
1,26,6.29176,2.86959
2,26,6.29176,2.86959
1,27,6.29176,2.86959
2,27,6.29176,2.86959
1,28,6.29176,2.86959
2,28,6.29176,2.86959
1,29,6.29176,2.86959
2,29,6.29176,2.86959
1,30,6.29176,2.86959
2,30,6.29176,2.86959
1,31,6.29176,2.86959
2,31,6.29176,2.86959
1,32,6.29176,2.86959
2,32,6.29176,2.86959
1,33,6.29176,2.86959
2,33,6.29176,2.86959
1,34,6.29176,2.86959
2,34,6.29176,2.86959
1,35,6.29176,2.86959
2,35,6.29176,2.86959
1,36,6.29176,2.86959
2,36,6.29176,2.86959
1,37,6.29176,2.86959
2,37,6.29176,2.86959
1,38,6.29176,2.86959
2,38,6.29176,2.86959
1,39,6.29176,2.86959
2,39,6.29176,2.86959
1,40,6.29176,2.86959
2,40,6.29176,2.86959
1,41,6.29176,2.86959
2,41,6.29176,2.86959
1,42,6.29176,2.86959
2,42,6.29176,2.86959
1,43,6.29176,2.86959
2,43,6.29176,2.86959
1,44,6.29176,2.86959
2,44,6.29176,2.86959
1,45,6.29176,2.86959
2,45,6.29176,2.86959
