rep,id,Cl,V1,Q,V2,S,R0,gamma,MTT
1,1,2.80594,0.399563,2.30761,4.9302,19.8963,983.648,0.438675,85.0361
2,1,2.81898,0.411709,2.33115,4.92122,20.079,981.379,0.436618,85.1752
3,1,2.81934,0.394366,2.3292,4.85847,19.926,984.216,0.438505,85.0201
4,1,2.82084,0.401255,2.32062,5.04638,19.9845,981.649,0.435328,85.1275
5,1,2.81095,0.384536,2.34948,5.02529,20.0033,980.968,0.43906,85.0969
6,1,2.80561,0.392924,2.32134,4.88935,20.1933,984.44,0.435642,84.9572
7,1,2.81171,0.380652,2.32226,4.92882,19.8666,983.113,0.436182,84.7638
8,1,2.8169,0.41574,2.33913,4.99675,20.2048,983.678,0.430355,84.9703
9,1,2.80973,0.397599,2.31627,5.00249,19.9226,981.582,0.442604,85.1756
10,1,2.80041,0.384364,2.3357,4.99584,19.6849,983.474,0.438566,85.1557
1,2,2.83277,0.529577,2.33633,5.00365,20.0262,983.327,0.435122,85.2969
2,2,2.81286,0.544772,2.32121,4.96626,19.8022,985.386,0.43802,85.1182
3,2,2.81357,0.496155,2.3478,4.9299,20.2156,980.901,0.435967,85.3142
4,2,2.82675,0.573394,2.32237,4.87343,19.894,981.4,0.436534,85.1035
5,2,2.81779,0.518662,2.3382,4.85284,20.2144,981.846,0.437123,85.2194
6,2,2.81593,0.486176,2.34297,5.01316,20.163,980.79,0.434453,85.0558
7,2,2.814,0.562643,2.35235,5.03517,20.0102,984.171,0.435751,84.9701
8,2,2.81401,0.515453,2.34637,4.93654,19.7872,982.663,0.437472,85.0838
9,2,2.82721,0.528151,2.33684,5.01371,20.1078,985.333,0.432782,85.2461
10,2,2.81735,0.503593,2.34421,4.98174,19.7978,983.843,0.435641,85.4409
1,3,2.81308,0.94597,2.32333,4.94195,19.9103,983.904,0.436545,85.1687
2,3,2.81985,0.930932,2.3155,4.95409,20.085,986.286,0.439358,85.2565
3,3,2.82546,0.915487,2.3379,4.964,19.9226,981.506,0.43326,85.0702
4,3,2.80862,0.955466,2.35199,4.98181,19.8752,984.464,0.436194,85.0243
5,3,2.80911,0.965609,2.34042,5.01525,20.0009,981.101,0.436208,85.0797
6,3,2.80662,0.998677,2.31269,5.01443,19.6295,981.807,0.437067,85.1171
7,3,2.81681,0.937104,2.32524,4.91888,19.6936,980.991,0.430862,85.0803
8,3,2.82632,0.921955,2.34088,4.85292,19.8923,981.541,0.433735,85.2223
9,3,2.8089,0.951449,2.34582,4.90237,19.8366,980.726,0.438236,85.1659
10,3,2.81219,0.922383,2.33445,4.92699,19.765,981.515,0.440169,85.4638
1,4,2.82024,0.739682,2.33407,4.92585,19.8277,983.688,0.429955,85.0627
2,4,2.80449,0.731725,2.32639,5.09646,20.192,983.707,0.437661,85.1242
3,4,2.81156,0.696982,2.35278,4.89297,20.0239,985.318,0.437007,85.0584
4,4,2.81664,0.727536,2.35465,4.92781,19.8866,985.169,0.434041,85.0993
5,4,2.8061,0.719022,2.31393,5.00187,20.0339,982.307,0.435452,85.1814
6,4,2.81882,0.68134,2.34952,4.91941,20.2579,982.205,0.439261,85.3084
7,4,2.81284,0.726995,2.32808,5.00285,19.8189,985.493,0.435225,85.3943
8,4,2.80935,0.683843,2.33223,4.93663,20.1062,982.193,0.433355,84.9895
9,4,2.80367,0.731911,2.3192,4.93332,20.2357,981.252,0.436248,85.0809
10,4,2.81739,0.722357,2.32836,4.89942,19.7417,985.273,0.435015,85.0145
1,5,2.82595,1.18239,2.32972,4.82807,20.08,981.341,0.437757,85.1106
2,5,2.81474,1.09491,2.33131,4.93641,20.0074,984.749,0.440399,85.1912
3,5,2.81829,1.09643,2.30326,4.98281,19.7514,983.937,0.441211,85.3093
4,5,2.81528,1.10347,2.3437,4.95175,19.8882,983.289,0.435743,85.2007
5,5,2.82091,1.13547,2.35044,4.95638,19.7852,979.658,0.438303,85.0917
6,5,2.81552,1.19859,2.3367,4.94086,20.0639,983.932,0.434454,85.2322
7,5,2.81023,1.17191,2.31664,4.80292,20.1668,982.226,0.433833,85.2176
8,5,2.819,1.12847,2.33669,4.89359,20.1005,985.507,0.435402,85.2899
9,5,2.80609,1.14748,2.35643,5.03019,20.1603,984.335,0.439468,85.3623
10,5,2.80489,1.13339,2.34862,4.85643,19.8352,983.618,0.434717,85.2939
1,6,2.81729,1.01733,2.34706,4.944,20.0969,984.623,0.435804,85.0445
2,6,2.80932,1.02362,2.32471,4.86005,19.9829,983.549,0.437396,84.9867
3,6,2.81376,1.02237,2.34092,4.91618,19.9998,981.065,0.438822,85.1668
4,6,2.81748,1.03399,2.34734,4.9823,19.8477,983.767,0.433644,85.1928
5,6,2.82111,1.05449,2.3313,4.94211,19.9154,981.79,0.436228,85.0855
6,6,2.81185,1.02584,2.34952,4.93582,20.0106,981.515,0.4324,84.9223
7,6,2.81764,0.902528,2.3241,4.85308,19.7957,982.812,0.441916,85.2167
8,6,2.80745,1.02288,2.32767,4.98562,19.5719,983.722,0.434989,85.2339
9,6,2.81191,0.98101,2.33406,5.02398,19.8881,984.307,0.435899,84.9438
10,6,2.80925,1.00747,2.33997,4.93519,19.9204,980.586,0.436393,85.2814
1,7,2.82285,0.736784,2.32802,4.9946,20.2323,985.446,0.438682,85.1198
2,7,2.81406,0.723231,2.31413,4.98731,20.051,983.31,0.44021,85.2939
3,7,2.83107,0.747558,2.3171,5.01069,19.8561,985.028,0.431583,84.8951
4,7,2.82194,0.71833,2.32957,4.91919,20.0573,982.621,0.432687,85.0107
5,7,2.81409,0.74185,2.31797,4.81241,20.0502,982.048,0.43951,85.1556
6,7,2.81083,0.771791,2.34099,4.98631,20.0757,983.417,0.439685,85.1742
7,7,2.83338,0.775684,2.33692,4.91487,19.7754,987.004,0.438137,85.2735
8,7,2.81319,0.749687,2.32915,4.98282,20.118,981.144,0.438091,85.258
9,7,2.80855,0.716305,2.30192,4.99859,19.7028,981.49,0.4382,85.2605
10,7,2.81181,0.742875,2.30604,5.03886,19.898,984.652,0.438051,85.0547
1,8,2.81441,1.03306,2.33875,4.968,19.9208,983.516,0.435513,85.2417
2,8,2.8162,0.973493,2.33129,4.91023,19.8229,981.688,0.438097,85.1588
3,8,2.81188,1.02792,2.34422,5.02917,19.9795,983.409,0.441613,85.0707
4,8,2.80756,1.02415,2.33288,4.95561,20.0651,982.662,0.436016,85.1622
5,8,2.81005,1.03056,2.34677,5.03559,19.9364,982.875,0.434942,85.2194
6,8,2.81022,1.02394,2.33423,4.94844,20.3437,983.241,0.435228,85.1078
7,8,2.8161,0.998871,2.34225,4.90034,19.7384,984.015,0.438041,84.9548
8,8,2.82799,0.989365,2.3149,4.93751,19.802,984.213,0.43174,85.1845
9,8,2.8131,1.03721,2.32555,5.01718,19.8594,983.258,0.433096,85.023
10,8,2.80901,0.99019,2.32804,4.92625,19.9856,983.213,0.436434,85.0758
1,9,2.81306,0.897012,2.3458,4.86549,19.9707,981.039,0.436095,85.1013
2,9,2.81557,0.860486,2.33785,4.98333,20.306,982.03,0.436228,85.0145
3,9,2.82072,0.866919,2.33063,4.79124,19.8531,981.244,0.437333,85.2736
4,9,2.81824,0.914943,2.32655,4.94983,20.2374,983.903,0.440514,85.3954
5,9,2.8223,0.821558,2.33293,4.8634,19.9637,981.393,0.436424,85.2414
6,9,2.817,0.900078,2.34052,4.91351,19.9896,980.44,0.437729,85.1
7,9,2.82045,0.885118,2.31164,5.00276,20.2081,981.729,0.439731,85.0741
8,9,2.81437,0.901276,2.35435,4.96702,19.8258,981.57,0.438791,85.0241
9,9,2.81739,0.875684,2.33334,4.98432,19.8831,985.147,0.43635,85.1207
10,9,2.82365,0.921807,2.34411,4.95825,19.9418,979.402,0.435181,85.0303
1,10,2.81294,0.963309,2.32065,4.94938,19.9627,980.056,0.430764,85.0765
2,10,2.82134,0.942635,2.33212,4.83686,19.9544,984.115,0.432626,85.2465
3,10,2.81209,0.919807,2.30495,4.93951,20.2216,983.502,0.440496,85.0139
4,10,2.81474,0.953022,2.33575,4.89047,19.717,983.893,0.439519,85.0298
5,10,2.82003,0.953786,2.34194,4.89139,20.0863,980.937,0.434259,84.9749
6,10,2.81614,0.961165,2.33788,4.96911,19.9074,981.636,0.436183,85.1835
7,10,2.8163,0.940172,2.33618,4.94238,20.1577,985.025,0.435002,85.205
8,10,2.79834,0.887799,2.33722,4.95928,19.8905,986.607,0.43706,85.2459
9,10,2.81564,0.925481,2.33088,4.89084,19.9168,986.851,0.432661,85.0182
10,10,2.80368,0.968047,2.33869,4.92731,19.9788,985.561,0.436427,85.1074
1,11,2.81218,1.30343,2.33948,4.95909,19.8198,986.521,0.440832,85.1536
2,11,2.79255,1.32651,2.33736,4.97485,20.2507,982.642,0.43635,85.2963
3,11,2.81186,1.34935,2.3428,4.96342,19.9747,981.312,0.439252,85.2624
4,11,2.82022,1.27836,2.32916,5.00093,20.1726,980.534,0.444427,85.2448
5,11,2.81836,1.30883,2.34275,4.99898,19.9745,981.451,0.433239,85.1452
6,11,2.80696,1.36134,2.3205,5.08647,19.8053,980.69,0.436614,85.1895
7,11,2.80906,1.23428,2.34188,4.98482,19.9852,981.308,0.438972,85.0208
8,11,2.81853,1.39935,2.33857,4.98367,20.0803,981.477,0.438577,85.2128
9,11,2.80984,1.30091,2.35734,4.89592,20.054,986.194,0.436499,85.0862
10,11,2.82137,1.42505,2.33865,5.00868,20.0491,984.354,0.443642,85.3443
1,12,2.81717,0.55743,2.33418,4.92515,19.9953,984.568,0.442452,85.0916
2,12,2.80215,0.586016,2.34472,4.96158,19.7099,985.271,0.43868,85.0301
3,12,2.80578,0.546669,2.32292,4.92104,20.0623,985.395,0.437993,85.1843
4,12,2.82344,0.550638,2.34194,5.0099,20.0332,981.177,0.437202,85.1742
5,12,2.81909,0.554269,2.32836,4.89184,20.044,983.32,0.445741,84.9939
6,12,2.82751,0.597391,2.35695,4.93702,20.0447,980.829,0.438598,84.8604
7,12,2.81226,0.583438,2.34908,4.98828,20.0186,979.49,0.436925,85.0722
8,12,2.81726,0.584243,2.3351,4.94239,20.0621,983.68,0.440595,85.055
9,12,2.81478,0.556495,2.3643,4.96431,19.8873,982.032,0.43984,85.0002
10,12,2.80228,0.592449,2.33398,4.94221,20.0039,986.84,0.435771,85.1509
1,13,2.80848,0.582134,2.33409,5.00528,19.9885,981.423,0.438967,85.1746
2,13,2.79946,0.576013,2.32879,4.93592,20.1775,985.296,0.437216,85.1618
3,13,2.8206,0.564691,2.35203,5.01603,19.9943,982.887,0.43819,85.1965
4,13,2.80427,0.5935,2.31983,4.94866,20.0268,984.859,0.434108,85.1301
5,13,2.8264,0.583976,2.34726,4.90291,19.9148,985.197,0.440636,85.2163
6,13,2.81762,0.561348,2.34247,4.89929,20.0291,982.003,0.432164,85.0932
7,13,2.81666,0.603982,2.34724,5.05553,19.8812,985.298,0.435741,85.1073
8,13,2.81164,0.60844,2.33271,4.99309,19.8248,980.146,0.439346,85.133
9,13,2.81705,0.522632,2.35061,5.00247,19.7018,986.878,0.439892,85.4035
10,13,2.8131,0.583895,2.33289,4.97897,20.2091,986.883,0.440215,85.209
1,14,2.81113,0.610221,2.32289,4.90894,20.1012,986.469,0.437069,84.9216
2,14,2.81834,0.656637,2.34224,4.93918,19.8376,984.399,0.435667,85.2047
3,14,2.80388,0.650296,2.35014,4.96428,19.7276,981.398,0.442462,85.0109
4,14,2.81531,0.690485,2.32071,4.92277,19.6969,979.494,0.43214,85.3283
5,14,2.81333,0.62941,2.34116,4.98444,19.862,984.626,0.435768,85.1542
6,14,2.80878,0.646717,2.32351,4.95006,19.8522,985.472,0.434644,85.0595
7,14,2.80897,0.648664,2.34337,4.94818,19.9372,983.566,0.431907,85.0517
8,14,2.81351,0.632795,2.34698,4.95195,20.0744,984.407,0.442069,85.3464
9,14,2.8266,0.621732,2.32999,4.88071,19.9906,983.214,0.437859,85.224
10,14,2.79984,0.645558,2.31286,4.93761,20.0302,984.332,0.434836,85.1337
1,15,2.80592,0.63893,2.31714,4.96199,19.9071,982.261,0.436639,85.2619
2,15,2.81231,0.674968,2.31792,4.95468,20.3168,982.823,0.440443,84.7494
3,15,2.81359,0.69465,2.32694,4.90734,20.0116,982.463,0.433183,85.1602
4,15,2.81688,0.654166,2.36202,4.83909,19.629,985.459,0.446075,85.2023
5,15,2.81668,0.633805,2.32419,4.90727,19.9399,980.566,0.43953,85.3029
6,15,2.81296,0.627117,2.3513,4.9418,20.0335,982.8,0.438931,84.8871
7,15,2.82115,0.654543,2.31096,4.8751,19.7262,984.075,0.437813,85.1985
8,15,2.81251,0.685372,2.32054,4.99893,19.8596,985.022,0.438434,85.1916
9,15,2.80143,0.638234,2.34922,4.9885,20.2481,984.064,0.43719,85.1459
10,15,2.81424,0.65273,2.32367,4.87127,19.694,980.543,0.443952,85.1608
1,16,2.82219,0.591642,2.33251,4.90397,20.0528,982.629,0.434559,85.2758
2,16,2.80993,0.591038,2.3129,4.97518,19.8507,983.074,0.440439,85.3425
3,16,2.80973,0.636438,2.31043,4.91478,19.8683,982.918,0.435769,85.0694
4,16,2.82007,0.615384,2.34132,4.91755,19.8635,980.949,0.433477,85.0335
5,16,2.82148,0.606314,2.3288,4.93183,19.8181,986.08,0.435342,85.2542
6,16,2.81151,0.59998,2.36178,4.91221,20.0457,985.337,0.437642,85.3509
7,16,2.81332,0.610009,2.32602,4.92264,19.9952,983.828,0.442905,85.1982
8,16,2.82137,0.62128,2.35065,4.96887,20.1684,986.204,0.436563,85.2694
9,16,2.81123,0.637362,2.31434,5.01176,19.6394,985.164,0.438705,85.0454
10,16,2.80296,0.605231,2.33743,5.04274,19.91,983.118,0.442234,85.3041
1,17,2.80561,0.490989,2.3298,4.86955,20.0707,980.513,0.437212,84.9215
2,17,2.81429,0.492345,2.32333,4.83243,19.9132,981.905,0.438305,85.2135
3,17,2.81622,0.499812,2.36068,4.84619,19.7649,984.371,0.43577,85.1252
4,17,2.81081,0.494112,2.33135,4.95309,20.1265,984.179,0.438695,84.8772
5,17,2.80483,0.510764,2.35267,4.96009,19.8916,983.641,0.43902,85.1598
6,17,2.80243,0.502344,2.36934,4.98911,20.0512,983.044,0.435916,85.065
7,17,2.81934,0.466366,2.33953,4.94462,20.2254,985.325,0.434457,85.1509
8,17,2.80251,0.493762,2.32548,4.89015,19.751,981.695,0.442157,85.1548
9,17,2.81085,0.497065,2.32796,4.93766,19.9281,985.098,0.439185,85.0722
10,17,2.81309,0.479513,2.33723,4.88196,20.155,980.314,0.437285,84.832
1,18,2.81234,0.640019,2.34889,4.93491,20.1667,978.702,0.437082,85.1612
2,18,2.81177,0.592942,2.33715,4.97649,19.9066,982.439,0.439953,85.3028
3,18,2.79911,0.618341,2.34573,4.94887,20.2649,983.834,0.437576,85.254
4,18,2.80261,0.608565,2.32816,4.9346,19.7737,983.12,0.435985,85.1414
5,18,2.81495,0.623412,2.34267,4.93584,20.1708,984.807,0.435891,85.2068
6,18,2.79318,0.66451,2.34617,5.04042,20.0259,983.698,0.4361,85.0327
7,18,2.81572,0.59137,2.35277,4.93594,20.0126,979.895,0.441725,85.268
8,18,2.81588,0.630134,2.32348,4.97157,19.9414,983.421,0.437375,85.1502
9,18,2.81694,0.60892,2.32981,4.82086,19.9288,984.07,0.434004,85.0606
10,18,2.81279,0.612793,2.34257,4.93021,20.0898,981.62,0.437268,85.2177
1,19,2.81371,0.935633,2.33619,4.89199,19.9452,981.406,0.437266,85.4512
2,19,2.82079,0.94181,2.3344,4.95557,19.8132,982.527,0.435977,85.2406
3,19,2.81524,1.02436,2.3268,4.92455,19.9974,981.684,0.438145,85.335
4,19,2.82173,0.960954,2.33754,4.93703,19.8535,978.763,0.432732,84.9634
5,19,2.81175,0.895562,2.34375,4.90771,20.12,982.798,0.436944,85.199
6,19,2.81857,0.934813,2.32699,4.92137,19.8207,982.771,0.43241,85.0488
7,19,2.81695,0.938935,2.30913,4.93727,19.9004,983.775,0.433715,84.9494
8,19,2.81934,0.895506,2.32615,4.89189,20.0463,980.912,0.432473,85.1506
9,19,2.81569,0.950315,2.34571,4.92259,19.8846,977.116,0.434038,85.4261
10,19,2.80932,0.953082,2.32035,4.9543,19.8075,979.918,0.434421,85.143
1,20,2.8109,0.488448,2.34504,5.00018,20.113,982.587,0.442244,85.1286
2,20,2.8216,0.490373,2.32709,4.93816,20.1995,982.297,0.437176,85.1246
3,20,2.80573,0.500646,2.33747,4.99129,19.7554,978.57,0.439874,85.1786
4,20,2.80825,0.50473,2.33998,4.98808,19.9058,980.241,0.437716,85.2725
5,20,2.8135,0.517679,2.33979,4.90323,19.8654,981.6,0.434367,85.0663
6,20,2.81357,0.483085,2.36056,5.03361,20.0458,982.644,0.434251,85.1619
7,20,2.81376,0.470344,2.33129,4.92856,20.1576,984.644,0.437016,85.1127
8,20,2.80768,0.496465,2.32268,5.09911,20.1022,981.778,0.440519,84.9163
9,20,2.81333,0.513029,2.33831,4.8685,19.9671,981.107,0.437249,85.1254
10,20,2.82278,0.475221,2.33629,4.95044,20.1024,983.328,0.438642,85.1734
1,21,2.81891,0.812718,2.30044,5.02387,19.8188,984.345,0.440218,84.9716
2,21,2.80869,0.766311,2.34025,4.99838,19.9491,984.999,0.43296,85.2646
3,21,2.81106,0.746985,2.31453,4.97641,20.0417,984.477,0.435954,85.2009
4,21,2.83064,0.774227,2.3286,4.92781,20.0915,985.225,0.43463,85.1042
5,21,2.81847,0.780578,2.33291,4.97335,19.8388,983.658,0.433129,85.0737
6,21,2.82077,0.76591,2.34039,4.99833,20.2639,982.9,0.440025,85.2182
7,21,2.81764,0.734297,2.34256,4.89114,20.0327,982.767,0.438468,85.1559
8,21,2.8195,0.738911,2.32737,4.98261,19.8075,983.312,0.442169,85.2446
9,21,2.82398,0.765991,2.32747,5.00802,19.9352,984.148,0.430509,85.1324
10,21,2.82771,0.71726,2.33319,5.05209,19.9528,984.349,0.437084,85.1243
1,22,2.80813,0.459285,2.33287,4.91872,19.9908,981.358,0.441056,85.1561
2,22,2.81912,0.455502,2.32165,4.92849,19.8107,982.835,0.436701,85.2856
3,22,2.82185,0.481705,2.34379,4.91949,20.1196,985.471,0.439373,85.3051
4,22,2.80945,0.465477,2.3419,4.93612,20.0966,987.619,0.437852,85.1711
5,22,2.81744,0.462189,2.33913,4.8594,19.9565,981.46,0.438994,85.2043
6,22,2.80656,0.44725,2.3286,4.97416,19.9316,982.474,0.431775,85.0118
7,22,2.81797,0.474634,2.35261,4.89501,19.9111,982.779,0.43712,85.2316
8,22,2.79754,0.469593,2.31359,4.94579,19.9013,985.521,0.439434,84.8674
9,22,2.80507,0.475942,2.33705,4.89167,19.6856,983.694,0.440657,85.0825
10,22,2.81091,0.429427,2.33787,4.98744,20.0353,983.789,0.442617,85.0337
1,23,2.82202,1.19846,2.35012,4.90852,19.7926,980.013,0.437767,85.0242
2,23,2.81828,1.25908,2.35041,4.9062,20.1601,982.706,0.441744,85.1851
3,23,2.82919,1.1689,2.33768,4.90726,20.1502,981.545,0.437826,85.1411
4,23,2.83086,1.20857,2.3215,4.97928,19.7239,980.788,0.439276,85.1114
5,23,2.81429,1.18662,2.33817,4.91165,20.0172,980.436,0.438211,85.0886
6,23,2.8113,1.20919,2.33076,4.98528,20.0067,984.99,0.443285,85.0965
7,23,2.80377,1.12189,2.3448,4.95427,19.7918,983.948,0.442999,84.9372
8,23,2.82159,1.2331,2.33907,5.0554,20.0404,984.386,0.43812,85.0649
9,23,2.81765,1.26112,2.32648,5.01775,20.1522,982.29,0.43909,85.0659
10,23,2.8169,1.17604,2.33973,5.00496,20.1828,980.326,0.438769,85.1223
1,24,2.814,0.742071,2.33658,4.90617,19.7797,981.177,0.442335,85.0119
2,24,2.80516,0.761854,2.32027,4.97544,19.9779,985.345,0.438912,85.0541
3,24,2.81439,0.816974,2.33333,4.96057,19.8917,984.831,0.438459,85.1173
4,24,2.80746,0.739721,2.32772,4.91623,20.17,982.262,0.435343,85.0414
5,24,2.81036,0.814831,2.3336,4.89073,19.8875,983.324,0.446023,85.2479
6,24,2.81841,0.744988,2.33748,4.90506,19.957,981.629,0.434885,85.1463
7,24,2.81231,0.757673,2.32637,5.02485,20.1018,981.338,0.441299,85.1601
8,24,2.81009,0.778078,2.30287,5.01273,20.0145,983.936,0.434911,85.0861
9,24,2.81227,0.774819,2.31749,4.95519,19.8093,981.878,0.444868,85.1285
10,24,2.81696,0.735136,2.32797,4.85457,19.7312,984.309,0.439638,84.9471
1,25,2.81173,0.650731,2.32532,4.9395,20.2387,983.014,0.438645,85.2745
2,25,2.81796,0.651072,2.31892,4.97561,19.9768,983.974,0.438825,84.966
3,25,2.83073,0.662023,2.32009,4.9772,19.9453,984.965,0.438008,84.9185
4,25,2.82226,0.635503,2.3293,4.87957,20.3079,984.941,0.444496,85.141
5,25,2.81659,0.629728,2.33177,5.05261,19.7405,983.732,0.438851,85.2228
6,25,2.81585,0.602931,2.34067,4.94757,20.0032,979.642,0.440858,85.1196
7,25,2.82228,0.644919,2.31448,4.9281,19.8624,986.753,0.442251,85.2979
8,25,2.81394,0.646342,2.34212,5.05104,20.1357,984.13,0.440011,85.1558
9,25,2.82163,0.649701,2.33647,4.92977,20.2439,984.184,0.442294,85.2744
10,25,2.80991,0.637344,2.32535,5.00588,19.9154,981.2,0.437185,84.9752
1,26,2.81457,0.580063,2.31387,4.89146,19.9979,980.505,0.439176,85.0857
2,26,2.81954,0.528657,2.33561,4.83506,19.8807,983.129,0.432391,85.0222
3,26,2.81112,0.538806,2.31701,4.95617,19.9227,982.101,0.436851,85.0825
4,26,2.81111,0.563341,2.33172,5.01914,19.9181,980.396,0.441012,85.2642
5,26,2.81269,0.525242,2.30991,5.06536,20.1786,981.501,0.432163,85.2652
6,26,2.8041,0.536079,2.32173,5.00764,19.9053,984.394,0.435173,85.0886
7,26,2.81632,0.539776,2.34648,4.92108,20.0855,983.297,0.439619,85.1773
8,26,2.81046,0.533325,2.33299,4.87195,20.2531,985.729,0.438718,84.882
9,26,2.80999,0.539773,2.33983,4.92069,20.0091,984.296,0.432623,84.9549
10,26,2.80983,0.523692,2.33319,4.92671,19.813,983.748,0.435033,85.0208
1,27,2.81358,0.609016,2.32466,5.07711,19.9113,982.301,0.436841,84.9432
2,27,2.79684,0.555631,2.3167,4.95624,20.0047,980.543,0.440066,85.1167
3,27,2.81717,0.583711,2.3107,4.95599,19.9021,984.295,0.434276,85.0116
4,27,2.82722,0.572552,2.34407,4.92503,19.8899,984.061,0.435547,85.1121
5,27,2.80988,0.619911,2.32871,4.90369,19.9134,984.185,0.436113,85.1253
6,27,2.79856,0.564349,2.30978,5.00303,19.9036,980.026,0.439792,85.197
7,27,2.82172,0.570411,2.34706,4.98458,19.9539,982.617,0.436572,85.1225
8,27,2.82513,0.584907,2.33661,5.06246,19.9611,980.918,0.439427,85.2793
9,27,2.8128,0.576485,2.32227,4.97784,20.0992,981.156,0.435837,85.2779
10,27,2.81751,0.631654,2.30744,4.99537,20.1006,981.636,0.434894,84.9873
1,28,2.81052,0.934403,2.32042,4.99404,19.9751,985.442,0.434394,85.2653
2,28,2.81901,0.984745,2.29886,4.96419,19.9153,986.066,0.434445,85.2417
3,28,2.82056,0.956529,2.33908,4.99277,20.0846,983.114,0.432168,85.3997
4,28,2.81363,0.991586,2.32203,5.02288,19.9563,984.414,0.43285,85.0743
5,28,2.82139,0.954361,2.3164,5.03131,19.6944,981.705,0.432365,85.3517
6,28,2.81437,0.976672,2.33213,4.94081,20.1736,983.38,0.437575,85.2847
7,28,2.81223,0.900931,2.32908,5.06506,20.3281,984.602,0.43541,85.2054
8,28,2.8193,0.924248,2.30546,4.89302,20.1297,984.882,0.435195,85.1026
9,28,2.81353,0.971069,2.33875,4.97104,20.1372,980.918,0.434617,85.1307
10,28,2.8228,1.00083,2.3089,4.97487,19.9995,983.217,0.436153,84.9935
1,29,2.82009,0.607656,2.32737,4.87211,19.5843,984.477,0.437405,84.9946
2,29,2.81722,0.63709,2.32406,4.91508,19.9314,982.603,0.438264,85.0651
3,29,2.81021,0.59824,2.33983,4.95352,19.8224,985.385,0.440448,84.9308
4,29,2.81024,0.617234,2.29808,4.95076,19.9995,982.866,0.43725,85.0771
5,29,2.82425,0.592181,2.33731,4.98318,19.7506,983.279,0.439806,85.1074
6,29,2.82177,0.622727,2.32441,4.92525,19.8807,980.801,0.437579,84.921
7,29,2.82116,0.643228,2.33869,4.90675,20.1144,984.983,0.437556,85.1754
8,29,2.80825,0.638475,2.33353,5.00914,19.7244,981.483,0.437904,84.8759
9,29,2.82264,0.619663,2.31666,5.01562,20.0002,985.576,0.44386,84.6524
10,29,2.82667,0.625667,2.34059,4.96994,19.9753,983.064,0.440936,85.1837
1,30,2.82131,1.11035,2.32178,4.99478,19.8709,981.994,0.437453,84.9846
2,30,2.81626,1.03101,2.32484,4.97975,20.2127,983.434,0.436457,85.1327
3,30,2.83869,1.1049,2.36309,4.91891,19.7962,984.532,0.436696,85.1358
4,30,2.83438,1.12521,2.33043,4.8524,19.8461,984.295,0.435933,85.2101
5,30,2.80867,1.08886,2.29829,5.00529,20.0236,983.623,0.431348,85.1175
6,30,2.82566,1.03788,2.33951,4.8055,19.9375,980.403,0.437357,85.0796
7,30,2.8121,1.12096,2.3378,4.91858,19.8099,984.128,0.436571,85.2612
8,30,2.82214,1.12841,2.35728,4.92208,19.8628,985.033,0.436682,85.1093
9,30,2.81326,1.08629,2.30974,4.93886,20.0026,984.891,0.438573,85.1027
10,30,2.80408,1.03778,2.34022,4.99885,19.8905,982.017,0.441362,85.2417
1,31,2.81283,0.761632,2.33351,5.0134,20.0032,983.441,0.437755,85.1546
2,31,2.81131,0.815885,2.33334,5.00587,19.7958,983.969,0.438199,84.9485
3,31,2.80144,0.789226,2.33312,4.96556,19.8953,981.906,0.438101,85.2713
4,31,2.81873,0.797873,2.30758,4.96536,20.0368,980.811,0.434834,84.905
5,31,2.80213,0.847441,2.32571,5.09247,20.0671,982.701,0.435707,85.2367
6,31,2.8057,0.825738,2.32704,5.02504,19.8506,981.648,0.439617,84.9215
7,31,2.81438,0.787534,2.33369,4.86271,20.1056,981.313,0.438868,85.1461
8,31,2.80671,0.784754,2.34012,5.03522,19.9001,982.72,0.439134,84.9819
9,31,2.82182,0.850506,2.34561,5.05948,19.9523,982.369,0.436202,85.1836
10,31,2.81058,0.807409,2.32686,5.00218,20.1352,982.79,0.443864,85.3671
1,32,2.80811,0.302249,2.3254,4.96413,20.1329,983.06,0.433462,85.1543
2,32,2.81288,0.33132,2.32837,4.90071,19.894,985.461,0.434001,85.1772
3,32,2.8172,0.358006,2.34133,5.04903,19.7623,982.191,0.441404,85.3366
4,32,2.81107,0.335068,2.32968,4.93831,20.063,981.656,0.435627,85.0521
5,32,2.81272,0.308522,2.32332,4.94264,20.0491,984.343,0.440727,85.0168
6,32,2.80977,0.292907,2.33677,4.86979,20.2524,981.546,0.435809,85.2577
7,32,2.8169,0.331202,2.33351,5.01999,20.1124,978.871,0.435559,85.1875
8,32,2.82012,0.31073,2.32077,4.93886,19.9507,984.247,0.44023,85.0247
9,32,2.81158,0.324082,2.33984,5.01694,19.9738,983.248,0.436912,85.2291
10,32,2.81352,0.322443,2.31196,4.91312,19.8272,981.715,0.43882,85.1587
1,33,2.80687,0.814179,2.34525,5.05038,19.7795,982.122,0.443477,85.0647
2,33,2.80864,0.734393,2.31231,4.92073,20.0757,984.208,0.44016,85.2246
3,33,2.79336,0.7944,2.34204,4.91453,19.7349,983.79,0.442936,85.188
4,33,2.82074,0.74528,2.31989,4.90214,20.2216,983.033,0.438191,85.1717
5,33,2.80718,0.760199,2.34423,4.90157,20.0201,982.881,0.442779,85.2316
6,33,2.8192,0.74971,2.33872,4.91978,20.1495,984.517,0.43681,85.0791
7,33,2.81035,0.768676,2.35057,4.98899,20.1373,984.047,0.436597,85.0324
8,33,2.80393,0.762689,2.33966,4.92879,19.9772,981.914,0.439522,85.375
9,33,2.81044,0.790215,2.34329,4.90487,19.6902,983.386,0.431686,84.9883
10,33,2.81942,0.808754,2.34443,4.98764,19.9806,980.945,0.44753,85.3894
1,34,2.81657,0.976235,2.33196,4.99806,19.9571,982.1,0.436682,85.137
2,34,2.81161,0.919168,2.32204,4.88457,19.8994,982.961,0.438239,84.8641
3,34,2.81111,0.967566,2.33173,4.96295,20.1161,982.589,0.435054,85.2082
4,34,2.80616,0.982442,2.33637,4.9768,19.7965,985.911,0.433605,85.1817
5,34,2.81263,0.943113,2.31772,4.90207,20.0738,981.696,0.439188,85.2087
6,34,2.81061,0.946387,2.34026,5.04658,20.3346,980.636,0.439068,85.1243
7,34,2.80814,0.919029,2.32322,4.9953,20.1194,983.184,0.438034,85.1482
8,34,2.81142,0.887825,2.32322,4.88681,19.7849,985.039,0.438827,84.9485
9,34,2.81748,0.921759,2.34931,4.97087,20.1754,982.491,0.44013,85.1532
10,34,2.8059,0.981018,2.32478,5.05648,20.1305,982.42,0.437565,85.1679
1,35,2.81318,0.497319,2.31692,4.93841,19.6812,985.821,0.441427,85.4856
2,35,2.81304,0.501019,2.33732,4.97746,19.7638,987.194,0.439169,85.2978
3,35,2.80148,0.506073,2.32131,5.04368,20.1136,983.637,0.440287,85.1799
4,35,2.81118,0.501357,2.32026,4.97034,20.0471,980.992,0.438033,85.149
5,35,2.81499,0.474104,2.31695,4.87645,20.1686,983.609,0.43574,84.9337
6,35,2.82939,0.470194,2.33342,4.87037,19.8123,983.163,0.438804,85.2014
7,35,2.81822,0.483848,2.31545,4.95582,20.1892,981.242,0.438063,85.5494
8,35,2.80495,0.478513,2.32407,4.99996,20.1334,986.751,0.434643,84.9941
9,35,2.82533,0.492936,2.34185,5.00173,20.0692,984.801,0.436784,85.0335
10,35,2.81372,0.485884,2.32267,4.88688,19.9545,983.068,0.436274,85.0282
1,36,2.81261,0.412343,2.33398,4.86896,19.9042,983.388,0.433032,85.2212
2,36,2.82993,0.421539,2.34952,4.96621,19.7482,978.042,0.436145,85.3147
3,36,2.80683,0.401444,2.33101,4.88782,19.9572,982.798,0.435707,85.3372
4,36,2.8113,0.425873,2.31991,5.01803,19.825,982.18,0.438259,85.123
5,36,2.81188,0.419885,2.33436,5.00557,19.8653,978.703,0.434072,85.3686
6,36,2.80544,0.414094,2.33167,4.98983,19.9332,982.42,0.434945,85.3289
7,36,2.81476,0.43212,2.33647,4.84867,19.7933,984.764,0.436679,85.0089
8,36,2.80779,0.411666,2.3227,4.89644,20.1044,983.618,0.432891,85.0357
9,36,2.82889,0.436548,2.32789,4.96363,19.7435,981.047,0.432806,85.164
10,36,2.82019,0.445285,2.34742,4.8864,20.0136,982.896,0.433717,85.2474
1,37,2.81743,0.558294,2.31825,4.86315,19.98,982.946,0.438417,85.1389
2,37,2.81445,0.574032,2.32839,4.96185,19.7099,984.752,0.43958,85.1073
3,37,2.8123,0.588144,2.34996,4.90746,20.0732,980.909,0.439752,85.2167
4,37,2.81369,0.582324,2.35073,4.86923,20.0644,982.57,0.435458,85.2154
5,37,2.82242,0.555562,2.3332,4.94531,20.2657,983.749,0.437593,85.1452
6,37,2.81397,0.605468,2.336,5.01538,20.0049,982.128,0.440434,85.133
7,37,2.80699,0.557077,2.33597,4.91984,19.9269,984.569,0.438642,84.8685
8,37,2.8075,0.573564,2.3414,4.90363,20.1095,982.862,0.439169,85.2231
9,37,2.81827,0.579402,2.36012,4.96446,20.1259,983.739,0.437182,85.0634
10,37,2.80873,0.536921,2.32348,4.89798,20.026,983.661,0.439597,85.1664
1,38,2.80548,0.511852,2.32603,4.95275,20.02,982.583,0.436726,85.3723
2,38,2.80079,0.538348,2.34472,4.91208,19.7938,983.04,0.439789,85.0974
3,38,2.80729,0.498609,2.34653,4.83152,19.6727,984.653,0.437614,84.9695
4,38,2.81852,0.461962,2.33074,4.86335,20.0033,981.756,0.439857,85.3267
5,38,2.80092,0.549338,2.33747,4.98523,20.145,981.485,0.439822,85.0596
6,38,2.8113,0.508614,2.34258,4.88098,20.152,984.454,0.435913,84.9583
7,38,2.82243,0.529904,2.33984,4.87981,20.1819,982.731,0.438447,85.282
8,38,2.81274,0.533748,2.34881,4.9334,20.0055,981.869,0.440186,85.182
9,38,2.81259,0.529207,2.3488,4.83894,20.2157,981.368,0.434979,85.2084
10,38,2.81287,0.505995,2.32117,4.93104,20.3174,982.562,0.443163,84.8766
1,39,2.81775,0.602522,2.34396,4.93998,19.8739,983.702,0.432728,85.0458
2,39,2.82325,0.576912,2.32686,4.89151,20.0454,983.589,0.435696,85.3958
3,39,2.82432,0.592238,2.34832,4.91557,19.9141,981.821,0.432465,85.2646
4,39,2.81371,0.554313,2.3091,4.90291,20.0142,982.135,0.445028,85.1715
5,39,2.82644,0.600426,2.33051,5.01046,20.0646,986.559,0.43917,85.1287
6,39,2.81901,0.595693,2.3392,4.96914,19.9651,985.951,0.4353,85.1709
7,39,2.81932,0.580198,2.2929,4.98696,19.7022,982.994,0.438276,85.3128
8,39,2.83291,0.552558,2.33138,5.00387,19.6882,985.005,0.437741,85.2712
9,39,2.81614,0.624817,2.31328,5.09318,19.8634,982.001,0.436369,85.2585
10,39,2.82584,0.544397,2.32274,4.88701,20.0625,983.254,0.432439,85.0647
1,40,2.81727,1.06616,2.33332,4.99902,20.1589,983.158,0.439901,85.1128
2,40,2.81035,1.05435,2.33224,4.85718,20.3623,982.514,0.435001,85.0461
3,40,2.80268,1.1588,2.34251,4.99457,20.0794,981.183,0.435287,85.0586
4,40,2.82407,1.09889,2.35058,4.98351,19.9686,983.638,0.434119,85.1269
5,40,2.80516,1.1088,2.33293,4.85287,19.9998,979.666,0.438184,85.2131
6,40,2.80933,1.0386,2.31464,4.90525,20.0975,984.18,0.436708,85.2065
7,40,2.80929,1.08689,2.32577,4.99238,19.9208,983.285,0.441132,85.3
8,40,2.81502,1.12808,2.34761,4.94877,19.9528,983.404,0.434714,85.1275
9,40,2.81309,1.08971,2.33206,5.09782,20.2314,986.734,0.436604,85.1224
10,40,2.80425,1.04799,2.34025,4.96081,19.8089,985.51,0.440919,85.0432
1,41,2.8225,0.77297,2.33397,4.99835,20.0788,984.069,0.43312,85.2315
2,41,2.81588,0.766648,2.33235,4.99537,20.1106,984.617,0.439396,84.8788
3,41,2.80886,0.710716,2.3344,4.94529,20.1587,982.876,0.435429,85.0821
4,41,2.80875,0.773718,2.32295,4.87484,20.0531,982.876,0.436432,85.2259
5,41,2.80756,0.738044,2.33841,4.96664,20.2597,980.548,0.437583,85.0698
6,41,2.80754,0.730186,2.32773,4.91598,19.8563,981.196,0.438544,85.1136
7,41,2.8032,0.743927,2.3276,4.88474,20.0687,983.697,0.437966,85.0843
8,41,2.80716,0.71409,2.33739,4.92017,20.1715,981.291,0.439256,85.161
9,41,2.8121,0.741047,2.36478,5.08392,20.1191,983.18,0.439629,85.0363
10,41,2.80915,0.712038,2.33887,4.96105,20.1248,983.699,0.4397,85.2888
1,42,2.82152,0.831518,2.34076,5.07467,19.8028,982.676,0.436678,84.9867
2,42,2.82297,0.793653,2.32329,4.88745,20.0191,983.93,0.435432,85.0638
3,42,2.81615,0.791358,2.34187,5.02521,20.1004,985.686,0.435896,85.2646
4,42,2.8175,0.746232,2.32626,4.86352,20.0996,982.321,0.433296,85.2188
5,42,2.80679,0.789541,2.32613,4.96269,19.7844,982.843,0.438378,85.0691
6,42,2.82061,0.744721,2.34683,4.81929,19.8804,986.183,0.435292,85.2485
7,42,2.814,0.759869,2.35844,4.93118,20.0683,982.452,0.43754,85.0892
8,42,2.81681,0.800349,2.31478,4.87645,19.9069,983.331,0.435041,85.0552
9,42,2.80705,0.725927,2.35343,4.92365,19.9472,984.2,0.434191,85.2315
10,42,2.81746,0.765178,2.32083,4.92613,20.0913,980.932,0.435871,85.2609
1,43,2.80873,0.537385,2.31988,5.03598,19.9821,981.771,0.438348,85.0342
2,43,2.80602,0.560772,2.34042,4.98947,20.0003,984.636,0.43684,85.1941
3,43,2.80829,0.543962,2.33887,4.93105,19.9386,982.49,0.437259,84.9263
4,43,2.81878,0.547639,2.34949,4.88456,20.0212,981.879,0.436105,85.2463
5,43,2.81328,0.545717,2.33298,4.9214,19.9611,985.628,0.434192,85.0168
6,43,2.79874,0.509191,2.33269,5.03393,19.929,982.365,0.435612,85.1036
7,43,2.82765,0.566368,2.3433,4.95414,19.9724,984.612,0.438776,85.0704
8,43,2.81912,0.577399,2.35555,4.89216,19.775,985.234,0.437707,84.9101
9,43,2.81676,0.562329,2.3208,4.87181,19.877,983.535,0.444129,84.9986
10,43,2.81114,0.540711,2.33716,4.96434,19.9694,980.035,0.437697,85.075
1,44,2.81587,0.782512,2.32442,4.91571,19.7543,986.869,0.433753,84.9544
2,44,2.81972,0.800468,2.34824,5.03743,20.1291,983.715,0.430462,85.2223
3,44,2.80087,0.792828,2.3369,4.9732,19.9306,983.591,0.432038,85.3435
4,44,2.81184,0.869561,2.33651,5.03726,20.1537,984.286,0.435644,85.0652
5,44,2.80372,0.817672,2.32981,4.92251,20.0691,985.194,0.430753,84.9455
6,44,2.80712,0.760923,2.3234,4.93472,20.0153,980.697,0.431291,85.2004
7,44,2.80863,0.730387,2.34055,4.96149,20.0153,982.186,0.432898,85.1744
8,44,2.81102,0.760686,2.34578,4.98521,19.8918,985.894,0.434063,85.3339
9,44,2.81766,0.750936,2.32183,4.99134,19.8298,983.222,0.436615,85.3786
10,44,2.81396,0.825934,2.33559,4.91833,20.0827,981.905,0.43105,85.1802
1,45,2.80631,0.462287,2.33367,4.93997,20.0153,983.012,0.445149,85.3641
2,45,2.81275,0.486149,2.34441,4.9794,19.9958,983.98,0.438685,85.0679
3,45,2.81182,0.478661,2.31819,4.91734,19.9156,983.129,0.43585,85.1719
4,45,2.81279,0.498624,2.33892,4.86604,20.1023,983.995,0.440083,85.077
5,45,2.8032,0.471723,2.33059,4.95784,19.595,979.194,0.440662,85.2712
6,45,2.82075,0.496382,2.3322,4.92119,19.9841,980.795,0.440494,85.4022
7,45,2.80964,0.494513,2.32999,4.95108,19.9405,983.48,0.443309,85.096
8,45,2.81613,0.470348,2.35065,4.93942,19.8346,982.222,0.439906,84.9805
9,45,2.81489,0.491867,2.34683,4.8374,20.2154,982.342,0.438619,85.0665
10,45,2.80861,0.476401,2.32641,5.05308,19.8961,982.546,0.440308,85.2064
