rep,id,eta_Cl,eta_V1,eta_Q,eta_V2,eta_S,eta_R0,eta_gamma,eta_MTT
1,1,-0.00295612,-0.548333,-0.0109116,-0.00406587,-0.00383873,0.000626495,0.00291034,-0.001171
2,1,0.0016816,-0.518387,-0.000761534,-0.00588979,0.00529978,-0.00168274,-0.0017898,0.000463956
3,1,0.00180985,-0.561424,-0.0015986,-0.0187231,-0.00235,0.00120412,0.00252384,-0.00135862
4,1,0.00234067,-0.544105,-0.00528987,0.0192243,0.000585288,-0.00140751,-0.00474728,-9.6119e-05
5,1,-0.00117129,-0.586667,0.00707037,0.0150371,0.00152647,-0.00210127,0.00378863,-0.00045641
6,1,-0.00307337,-0.565087,-0.00497795,-0.0123858,0.0109801,0.00143107,-0.00402837,-0.00209957
7,1,-0.00090192,-0.596818,-0.00458381,-0.00434756,-0.0053313,8.25989e-05,-0.00278759,-0.00437868
8,1,0.000942259,-0.508642,0.00265496,0.00934056,0.0115479,0.000657367,-0.0162376,-0.00194446
9,1,-0.00160315,-0.553259,-0.00716496,0.0104891,-0.00252023,-0.00147614,0.0118265,0.000467813
10,1,-0.00492653,-0.587113,0.00119009,0.00915972,-0.0145192,0.000449787,0.00266151,0.000233939
1,2,0.00656179,-0.266624,0.00145674,0.0107219,0.00266961,0.00030039,-0.00522236,0.00189121
2,2,-0.000490108,-0.238335,-0.00503689,0.00322105,-0.00858017,0.0023917,0.00141639,-0.000205628
3,2,-0.000239347,-0.331814,0.0063569,-0.00412751,0.012083,-0.00217028,-0.0032826,0.00209389
4,2,0.00443476,-0.18713,-0.00453426,-0.015649,-0.00395542,-0.00166159,-0.00198125,-0.000378886
5,2,0.00126015,-0.28745,0.00225762,-0.0198822,0.0120196,-0.00120733,-0.000632629,0.000982123
6,2,0.000598765,-0.352132,0.00429684,0.01262,0.00947563,-0.00228289,-0.00676026,-0.000939059
7,2,-8.77001e-05,-0.206058,0.008291,0.0170017,0.0018695,0.00115814,-0.00377668,-0.00194776
8,2,-8.09779e-05,-0.293658,0.00574735,-0.00278093,-0.00933678,-0.000374947,0.000164532,-0.000610413
9,2,0.00459811,-0.269321,0.00167726,0.012731,0.00673309,0.0023386,-0.0106136,0.00129529
10,2,0.00110326,-0.316935,0.00482382,0.00633348,-0.00880141,0.000824436,-0.004029,0.00357801
1,3,-0.000413886,0.313507,-0.00412275,-0.00168522,-0.00313503,0.000887229,-0.00195621,0.000386682
2,3,0.00198923,0.297483,-0.00749904,0.000768156,0.0055982,0.00330472,0.00446531,0.0014177
3,3,0.00397827,0.280754,0.00212853,0.00276531,-0.00251723,-0.00155379,-0.00950983,-0.00077049
4,3,-0.002,0.323496,0.00813622,0.00634724,-0.00490199,0.0014563,-0.00276203,-0.00130948
5,3,-0.0018238,0.334056,0.00320874,0.0130364,0.00140279,-0.00196591,-0.00272836,-0.000658184
6,3,-0.00271285,0.367728,-0.00871259,0.0128729,-0.0173378,-0.0012463,-0.000761307,-0.000219395
7,3,0.000912222,0.304091,-0.00329965,-0.00636505,-0.0140807,-0.00207832,-0.0150608,-0.000651254
8,3,0.00428055,0.287793,0.00340243,-0.0198653,-0.00404002,-0.00151781,-0.00841478,0.00101576
9,3,-0.00190096,0.319283,0.00551036,-0.00972764,-0.00684288,-0.00234872,0.00191041,0.000354379
10,3,-0.000730112,0.288257,0.000654698,-0.00471723,-0.0104609,-0.00154408,0.00630947,0.00384591
1,4,0.00212992,0.0675175,0.000489992,-0.00494898,-0.00729199,0.000667251,-0.0171672,-0.000858016
2,4,-0.00346983,0.056702,-0.0028056,0.0290996,0.010912,0.000687069,0.000597316,-0.000135827
3,4,-0.000953808,0.00805649,0.00847619,-0.0116469,0.0025509,0.00232341,-0.000899986,-0.000908844
4,4,0.000850345,0.0509611,0.00926864,-0.00455078,-0.00432954,0.00217148,-0.00770927,-0.000428244
5,4,-0.00289932,0.0391895,-0.00817516,0.0103647,0.00305266,-0.000738081,-0.00446382,0.000535831
6,4,0.00162561,-0.0146413,0.00708553,-0.00625772,0.0141737,-0.000841439,0.00424465,0.00202573
7,4,-0.000497675,0.0502169,-0.00208119,0.0105617,-0.00773841,0.00250044,-0.00498418,0.00303306
8,4,-0.00173895,-0.0109744,-0.000296525,-0.00276328,0.00665628,-0.000853903,-0.00929132,-0.0017193
9,4,-0.00376506,0.0569555,-0.00590316,-0.00343376,0.0130767,-0.0018125,-0.00263842,-0.00064477
10,4,0.00111772,0.0438171,-0.00195831,-0.0103287,-0.0116385,0.00227677,-0.00546858,-0.00142527
1,5,0.00415164,0.536588,-0.00137627,-0.0249995,0.00535156,-0.00172185,0.000816488,-0.000295658
2,5,0.000178394,0.459722,-0.000691515,-0.0028086,0.0017272,0.001745,0.00683309,0.000650984
3,5,0.00143624,0.461112,-0.0127966,0.00654829,-0.0111499,0.00092038,0.00867617,0.00203693
4,5,0.000369505,0.46751,0.00460948,0.000294246,-0.00424621,0.000261085,-0.00379515,0.000762267
5,5,0.00236489,0.496095,0.00747872,0.00122983,-0.00944105,-0.00343818,0.00206339,-0.000517318
6,5,0.000454711,0.550196,0.00161552,-0.00190707,0.00455051,0.000915444,-0.00675769,0.00113236
7,5,-0.00142798,0.527688,-0.00700462,-0.0302228,0.00966246,-0.000819766,-0.00818795,0.000960936
8,5,0.0016907,0.489914,0.00161344,-0.0115193,0.00637165,0.00251502,-0.00457788,0.0018093
9,5,-0.00290081,0.506617,0.0100262,0.0160112,0.00934361,0.00132474,0.00471615,0.00265766
10,5,-0.00332745,0.494261,0.0067051,-0.0191423,-0.00691516,0.000595641,-0.00615228,0.00185599
1,6,0.00108157,0.386232,0.00603964,-0.00127062,0.00619387,0.0016178,-0.0036548,-0.00107257
2,6,-0.00174967,0.392399,-0.00352852,-0.0183978,0.000502508,0.000526106,-9.39385e-06,-0.0017522
3,6,-0.000172972,0.391178,0.00341917,-0.0069146,0.00134753,-0.00200252,0.00324544,0.00036472
4,6,0.00115092,0.402477,0.00615892,0.00644465,-0.00628272,0.000747593,-0.00862417,0.00066986
5,6,0.00243612,0.422108,-0.000696705,-0.00165314,-0.00287766,-0.00126414,-0.0026826,-0.000589761
6,6,-0.000852225,0.394563,0.00708718,-0.00292694,0.00188921,-0.00154375,-0.0114964,-0.00250991
7,6,0.00120759,0.266497,-0.00379119,-0.019832,-0.0089093,-0.000223142,0.0102726,0.000950241
8,6,-0.00241531,0.391678,-0.00225448,0.00711079,-0.0202803,0.000702165,-0.00552706,0.00115288
9,6,-0.000828047,0.34988,0.000484845,0.0147771,-0.00425242,0.00129619,-0.00343716,-0.00225674
10,6,-0.00177487,0.376492,0.00301608,-0.00305447,-0.00262827,-0.00249121,-0.00230531,0.0017094
1,7,0.00305429,0.0635916,-0.00210576,0.0089106,0.012906,0.00245258,0.00292704,-0.000187436
2,7,-6.59668e-05,0.0450263,-0.008091,0.00745143,0.00390704,0.000282607,0.00640266,0.00185655
3,7,0.00596171,0.0781087,-0.0068051,0.0121272,-0.00586332,0.00202855,-0.0133887,-0.00282997
4,7,0.00273173,0.0382262,-0.00143986,-0.00630233,0.00421879,-0.000418361,-0.0108326,-0.00146935
5,7,-5.47e-05,0.0704445,-0.00643113,-0.0282488,0.00386543,-0.00100099,0.00481296,0.000233841
6,7,-0.00121455,0.110011,0.00345035,0.00724932,0.00513724,0.000391785,0.00521133,0.000452269
7,7,0.00677653,0.115042,0.00170925,-0.00718143,-0.00993346,0.00403227,0.00168382,0.00161716
8,7,-0.000374308,0.0809528,-0.00161823,0.00654999,0.00723957,-0.00192237,0.00157791,0.00143525
9,7,-0.00202618,0.0354034,-0.0133802,0.00970873,-0.0136103,-0.00156987,0.00182679,0.0014642
10,7,-0.000865274,0.0718243,-0.0115902,0.0177344,-0.00375354,0.00164676,0.00148647,-0.000952158
1,8,6.0741e-05,0.401579,0.00249152,0.00357056,-0.00260915,0.00049289,-0.00432412,0.00124341
2,8,0.000696906,0.342187,-0.000702274,-0.00812568,-0.00753769,-0.00136791,0.00159139,0.0002704
3,8,-0.000838292,0.39659,0.00482909,0.0158081,0.000331869,0.00038368,0.00958588,-0.000764154
4,8,-0.00237873,0.392918,-2.04558e-05,0.00107423,0.00461049,-0.00037655,-0.00317,0.0003107
5,8,-0.00149011,0.399154,0.00591767,0.017084,-0.00182823,-0.00015982,-0.00563573,0.000982279
6,8,-0.00143018,0.392707,0.000558637,-0.000373032,0.0183972,0.00021227,-0.00497705,-0.000328683
7,8,0.000660973,0.367923,0.00398685,-0.010142,-0.0118048,0.000999365,0.00146358,-0.00212756
8,8,0.00487396,0.35836,-0.0077561,-0.00258592,-0.00859032,0.00120126,-0.0130248,0.000572953
9,8,-0.000407373,0.405586,-0.0031649,0.0134217,-0.00569377,0.000230228,-0.00988877,-0.00132552
10,8,-0.00186185,0.359194,-0.00209757,-0.00486766,0.000640715,0.00018404,-0.00221004,-0.000704612
1,9,-0.000420889,0.260367,0.00550393,-0.0172791,-0.000107121,-0.00202889,-0.00298857,-0.000405059
2,9,0.000472583,0.218794,0.00210668,0.00665291,0.0165441,-0.00101947,-0.00268425,-0.00142446
3,9,0.00229779,0.226242,-0.000983186,-0.0326566,-0.00601541,-0.0018203,-0.000152821,0.00161855
4,9,0.00142102,0.280158,-0.00273747,-9.27408e-05,0.0131585,0.000886096,0.00709304,0.0030451
5,9,0.00285977,0.1725,6.77107e-07,-0.017709,-0.000455263,-0.00166857,-0.00223314,0.0012408
6,9,0.000979985,0.263778,0.00324846,-0.00745763,0.000836668,-0.00264043,0.000750803,-0.000420312
7,9,0.00220422,0.247018,-0.00916827,0.0105435,0.0117112,-0.00132654,0.00531459,-0.000724116
8,9,4.58546e-05,0.265108,0.00914238,0.00337453,-0.0073893,-0.0014884,0.00317485,-0.00131213
9,9,0.00111906,0.236302,0.00017924,0.00685033,-0.00450306,0.00214974,-0.00240364,-0.000177141
10,9,0.00333609,0.287632,0.0047818,0.00160628,-0.00155383,-0.00369969,-0.00508652,-0.00123915
1,10,-0.000461403,0.331671,-0.00527469,-0.000184264,-0.000507871,-0.00303183,-0.0152883,-0.000696246
2,10,0.00251855,0.309976,-0.000347196,-0.0231807,-0.000922734,0.00110152,-0.0109746,0.00129976
3,10,-0.000766033,0.285461,-0.0120645,-0.00218066,0.0123782,0.000477708,0.00705425,-0.00143155
4,10,0.000177801,0.320935,0.00121165,-0.0121579,-0.0128927,0.000875834,0.00483324,-0.00124511
5,10,0.00205274,0.321736,0.00385513,-0.01197,0.00566457,-0.00213341,-0.00720768,-0.00189077
6,10,0.000672572,0.329443,0.00212095,0.00379367,-0.00328234,-0.00142121,-0.00278599,0.000560611
7,10,0.00073111,0.307359,0.00139532,-0.00159942,0.00921419,0.00202574,-0.00549651,0.000813178
8,10,-0.00566646,0.250042,0.00183817,0.00181532,-0.00413135,0.00363017,-0.000776868,0.00129324
9,10,0.000495112,0.29161,-0.000875596,-0.0120817,-0.0028098,0.00387778,-0.0108939,-0.00138105
10,10,-0.00375919,0.336578,0.00246841,-0.00465333,0.000299968,0.00256983,-0.00222717,-0.000333157
1,11,-0.000734251,0.634053,0.00280325,0.00177669,-0.00769419,0.00354304,0.00781457,0.000210226
2,11,-0.00773724,0.651607,0.00190057,0.00494956,0.0138149,-0.000397066,-0.00240407,0.00188438
3,11,-0.000846121,0.668679,0.00422269,0.00264789,9.57105e-05,-0.00175099,0.00422518,0.00148688
4,11,0.00212205,0.614632,-0.00161421,0.0101783,0.00994984,-0.00254398,0.0159382,0.00128085
5,11,0.00146027,0.638189,0.0042012,0.00978744,8.55039e-05,-0.00160899,-0.00955852,0.000111237
6,11,-0.00259043,0.677518,-0.00533915,0.0271389,-0.00842197,-0.00238559,-0.00179833,0.000630877
7,11,-0.00184264,0.57954,0.00383219,0.00695146,0.000618052,-0.00175541,0.00358742,-0.00135057
8,11,0.00152356,0.705062,0.00241814,0.00671966,0.00536553,-0.00158338,0.00268637,0.000905411
9,11,-0.00156418,0.632118,0.0104113,-0.0110443,0.00405736,0.00321203,-0.0020619,-0.000582409
10,11,0.00253106,0.723258,0.002449,0.0117253,0.00381225,0.00134402,0.0141701,0.00244691
1,12,0.00103904,-0.215365,0.000539339,-0.00509186,0.00112365,0.00156155,0.0114843,-0.000518118
2,12,-0.00430576,-0.165356,0.0050418,0.00227903,-0.0132546,0.00227485,0.00292202,-0.0012411
3,12,-0.00301066,-0.23486,-0.00429806,-0.00592593,0.00446877,0.00240135,0.00135447,0.000570158
4,12,0.00326169,-0.227625,0.0038575,0.0119706,0.00301523,-0.00188817,-0.000453947,0.000451539
5,12,0.00171929,-0.221053,-0.00196019,-0.0118777,0.00355712,0.000293488,0.01889,-0.00166721
6,12,0.00470216,-0.146131,0.0102442,-0.00268358,0.00359215,-0.0022437,0.00273462,-0.00323976
7,12,-0.000703271,-0.169765,0.0069024,0.00764415,0.00228736,-0.00360928,-0.00108569,-0.000746472
8,12,0.00107094,-0.168387,0.000930669,-0.00159679,0.00445827,0.000659461,0.007279,-0.000949182
9,12,0.000189986,-0.217045,0.0133582,0.0028288,-0.00429111,-0.00101802,0.00556315,-0.00159356
10,12,-0.0042593,-0.154438,0.000453587,-0.00163443,0.00155276,0.00386681,-0.00373021,0.00017758
1,13,-0.00205111,-0.172002,0.000498529,0.0110472,0.000781431,-0.00163775,0.00357702,0.000456244
2,13,-0.00526608,-0.182573,-0.00177627,-0.00290806,0.010196,0.00230065,-0.000421785,0.000306236
3,13,0.00225543,-0.202424,0.00815673,0.0131926,0.00107486,-0.000147543,0.00180355,0.000713935
4,13,-0.0035515,-0.152666,-0.005631,-0.000329185,0.0026996,0.0018572,-0.0075544,-6.64307e-05
5,13,0.00431133,-0.168843,0.00612522,-0.00961674,-0.00290979,0.00220011,0.00737003,0.000946287
6,13,0.0012002,-0.208362,0.00408404,-0.0103564,0.00281181,-0.00104736,-0.0120419,-0.000499846
7,13,0.00085727,-0.135159,0.00611696,0.021037,-0.0045969,0.00230216,-0.00380077,-0.000333591
8,13,-0.000924101,-0.127805,-9.3344e-05,0.00860944,-0.00743911,-0.00293984,0.00443806,-3.23624e-05
9,13,0.000998282,-0.279826,0.00755133,0.0104851,-0.0136629,0.0039045,0.00568044,0.00314077
10,13,-0.000406244,-0.168982,-1.61092e-05,0.00577612,0.0117578,0.00391003,0.00641513,0.000860354
1,14,-0.00110791,-0.124882,-0.00430998,-0.00838874,0.00640641,0.00349049,-0.000756825,-0.00251883
2,14,0.00145347,-0.051571,0.00398225,-0.00224734,-0.00679496,0.00139023,-0.00396908,0.00080929
3,14,-0.00368916,-0.0612746,0.0073517,0.00282155,-0.0123532,-0.00166299,0.0115071,-0.00146685
4,14,0.000378064,-0.0013089,-0.00524845,-0.00557409,-0.0139131,-0.00360518,-0.0120979,0.00225952
5,14,-0.00032419,-0.0939208,0.0035232,0.00687476,-0.00556611,0.00162015,-0.00373866,0.000217095
6,14,-0.00194471,-0.0667935,-0.00404614,-4.66156e-05,-0.00605941,0.00247892,-0.00632188,-0.000895903
7,14,-0.00187638,-0.0637879,0.00446581,-0.000426269,-0.00178397,0.000543133,-0.0126374,-0.00098744
8,14,-0.000258696,-0.0885567,0.00600706,0.00033494,0.0050698,0.00139801,0.0106186,0.00247201
9,14,0.00438139,-0.106194,-0.00125856,-0.0141559,0.000887414,0.000185303,0.00104846,0.00103606
10,14,-0.00513064,-0.0685876,-0.00863778,-0.00256461,0.00286934,0.00132213,-0.00587904,-2.39808e-05
1,15,-0.00296087,-0.0789084,-0.00679142,0.00236059,-0.00329747,-0.000784663,-0.00174127,0.00148035
2,15,-0.000688409,-0.024037,-0.00645206,0.000886211,0.0170746,-0.000212709,0.00693213,-0.00454832
3,15,-0.000230601,0.00470546,-0.00256911,-0.00871455,0.00193899,-0.000578589,-0.00968695,0.00028763
4,15,0.000936112,-0.0553424,0.0123934,-0.0227202,-0.0173655,0.00246553,0.0196397,0.000781669
5,15,0.000865148,-0.0869617,-0.00375382,-0.00872754,-0.00165084,-0.00251105,0.00485838,0.0019619
6,15,-0.000455891,-0.0975691,0.00784352,-0.0017166,0.00303273,-0.00023606,0.0034933,-0.00292485
7,15,0.00244995,-0.0547657,-0.00946205,-0.0153052,-0.012425,0.00106081,0.000943699,0.000736898
8,15,-0.000616782,-0.00874128,-0.00532158,0.00977758,-0.00568727,0.00202291,0.00236202,0.000656035
9,15,-0.00456336,-0.0799983,0.00696135,0.00768844,0.0136854,0.0010496,-0.000479419,0.000119724
10,15,-2.14434e-06,-0.0575397,-0.00397769,-0.0160905,-0.0140598,-0.00253486,0.0148691,0.000294688
1,16,0.00281826,-0.155801,-0.000179756,-0.00940065,0.00399549,-0.000409493,-0.00651683,0.00164388
2,16,-0.00153204,-0.156823,-0.00862012,0.00501484,-0.00613321,4.24574e-05,0.00692289,0.00242522
3,16,-0.00160348,-0.0828155,-0.00969005,-0.00719833,-0.00524818,-0.000115387,-0.00373632,-0.000779778
4,16,0.0020699,-0.116457,0.00359303,-0.00663524,-0.00549103,-0.00212094,-0.00901036,-0.00120166
5,16,0.00256897,-0.131305,-0.00177243,-0.00373662,-0.00777727,0.00309562,-0.00471661,0.00139055
6,16,-0.000973039,-0.141806,0.0122927,-0.00772158,0.00364148,0.00234201,0.000553947,0.00252394
7,16,-0.000328329,-0.125229,-0.00296515,-0.0056018,0.00112086,0.000809889,0.0125067,0.000733045
8,16,0.00252857,-0.106921,0.00756632,0.00374658,0.00974233,0.00322142,-0.00191555,0.00156838
9,16,-0.00107113,-0.0813645,-0.00799967,0.0123408,-0.0168356,0.0021668,0.00297904,-0.00106119
10,16,-0.00401895,-0.133093,0.00192919,0.0185043,-0.00314982,8.73989e-05,0.0109909,0.00197543
1,17,-0.00307329,-0.342282,-0.00133963,-0.0164455,0.00488593,-0.0025656,-0.000429358,-0.00251955
2,17,1.59228e-05,-0.339524,-0.00412272,-0.0240968,-0.0029893,-0.00114724,0.00206708,0.000912627
3,17,0.000701158,-0.324471,0.0118255,-0.0212536,-0.010468,0.00136109,-0.00373343,-0.000123224
4,17,-0.00122124,-0.335941,-0.000674696,0.000566017,0.00766426,0.00116667,0.00295551,-0.00304102
5,17,-0.00334886,-0.302795,0.00842611,0.00197871,-0.00407419,0.000619758,0.00369591,0.000282184
6,17,-0.004208,-0.319418,0.0154869,0.00781086,0.00391365,1.25325e-05,-0.00339794,-0.000831374
7,17,0.00180907,-0.393731,0.00282835,-0.00114605,0.0125642,0.00232956,-0.00675198,0.000177693
8,17,-0.0041794,-0.33665,-0.00319817,-0.0122237,-0.011168,-0.00136132,0.0108167,0.000224401
9,17,-0.00120528,-0.329982,-0.00213209,-0.00255392,-0.00223995,0.00210014,0.00407152,-0.000746924
10,17,-0.000408406,-0.365933,0.00184168,-0.0138989,0.00908092,-0.00276895,-0.000262895,-0.00357385
1,18,-0.000676378,-0.0772052,0.0068184,-0.00311201,0.00966146,-0.0044145,-0.000726258,0.000299113
2,18,-0.000878481,-0.153606,0.00180787,0.00527861,-0.00332114,-0.000603113,0.0058198,0.00195988
3,18,-0.00539114,-0.111663,0.00547192,-0.000287374,0.0145177,0.000815603,0.00040287,0.00138776
4,18,-0.00414079,-0.127599,-0.00204431,-0.00317391,-0.0100181,8.98403e-05,-0.00323957,6.61031e-05
5,18,0.000249903,-0.103496,0.0041666,-0.00292413,0.00986413,0.00180418,-0.00345512,0.000834271
6,18,-0.00751149,-0.0396536,0.00565912,0.0180435,0.00265271,0.000677309,-0.00297677,-0.00121149
7,18,0.000526183,-0.156262,0.00847145,-0.00290236,0.00198746,-0.00319617,0.00983877,0.00155213
8,18,0.000582575,-0.0927703,-0.00405575,0.00428977,-0.00157386,0.000396218,-5.72823e-05,0.000170001
9,18,0.000956745,-0.127015,-0.00133492,-0.0264945,-0.00220952,0.0010555,-0.00779524,-0.000882835
10,18,-0.000517351,-0.120677,0.00412548,-0.00406507,0.005837,-0.00143715,-0.00030157,0.00096204
1,19,-0.000188791,0.302521,0.00139962,-0.0118477,-0.00138241,-0.0016556,-0.000306598,0.00369887
2,19,0.00232271,0.3091,0.000631534,0.00106575,-0.0080244,-0.00051414,-0.00325849,0.00123141
3,19,0.000353851,0.393118,-0.00262921,-0.00521272,0.00122996,-0.00137192,0.00170066,0.00233818
4,19,0.00265667,0.329223,0.00197614,-0.00268126,-0.00599527,-0.00435178,-0.0107295,-0.00202659
5,19,-0.000887591,0.258748,0.00462749,-0.00863962,0.00734013,-0.000237928,-0.00104301,0.00074292
6,19,0.00153561,0.301643,-0.00254815,-0.00586012,-0.0076474,-0.00026498,-0.0114737,-0.00102174
7,19,0.000960681,0.306043,-0.0102524,-0.00263324,-0.00363094,0.000755643,-0.00846144,-0.00219073
8,19,0.00180812,0.258685,-0.00290876,-0.0118669,0.00367011,-0.00215862,-0.0113291,0.000174324
9,19,0.000513508,0.31809,0.00546622,-0.0056107,-0.00442524,-0.00603567,-0.0077162,0.00340507
10,19,-0.00174922,0.320998,-0.00540718,0.000808817,-0.00831413,-0.00317231,-0.00683507,8.51273e-05
1,20,-0.00118873,-0.34747,0.00517773,0.0100283,0.00699069,-0.00045301,0.0110129,-8.41258e-05
2,20,0.0026098,-0.343536,-0.00250487,-0.00245289,0.0112856,-0.000747878,-0.000513215,-0.000131162
3,20,-0.00302879,-0.322803,0.00194371,0.00824753,-0.010944,-0.0045494,0.00564066,0.000503709
4,20,-0.00213272,-0.314679,0.00301851,0.00760482,-0.0033631,-0.00284318,0.00072152,0.00160521
5,20,-0.000263566,-0.289348,0.00293786,-0.00955286,-0.00539432,-0.00145713,-0.00695736,-0.000816002
6,20,-0.000240171,-0.358511,0.0117773,0.0166918,0.00364473,-0.000394767,-0.00722526,0.000307849
7,20,-0.000170368,-0.38524,-0.000702885,-0.00439893,0.00920664,0.00163833,-0.000878115,-0.000270604
8,20,-0.00233442,-0.331191,-0.00440209,0.0296191,0.00645587,-0.00127597,0.00710626,-0.00258022
9,20,-0.000325703,-0.29837,0.00230554,-0.0166597,-0.000287913,-0.00196012,-0.000345857,-0.000121773
10,20,0.00302771,-0.374924,0.00144194,3.0259e-05,0.00646796,0.000301553,0.0028351,0.000442031
1,21,0.00165812,0.161681,-0.0140249,0.0147553,-0.00774073,0.0013351,0.00642183,-0.00193023
2,21,-0.00197422,0.102885,0.00313551,0.00966778,-0.00118695,0.00199939,-0.0102032,0.00151216
3,21,-0.00113056,0.0773426,-0.00791542,0.00526312,0.0034408,0.00146876,-0.00331243,0.00076494
4,21,0.00581033,0.113162,-0.00185464,-0.00455082,0.0059245,0.00222818,-0.00635254,-0.000371024
5,21,0.00150064,0.121332,-8.81735e-06,0.00464747,-0.0067336,0.000636791,-0.00981179,-0.00072909
6,21,0.00231778,0.102361,0.00319367,0.00965866,0.0144684,-0.000134565,0.00598324,0.000968172
7,21,0.00120475,0.0602103,0.00412285,-0.0120203,0.00299382,-0.000269423,0.00243825,0.000236897
8,21,0.00186686,0.0664751,-0.00238336,0.00650854,-0.00831262,0.000284839,0.0108447,0.0012774
9,21,0.00345234,0.102468,-0.0023405,0.0115948,-0.00188619,0.00113457,-0.015881,-3.96525e-05
10,21,0.00477297,0.036736,0.000112211,0.0203556,-0.00100195,0.00133933,-0.000722881,-0.00013408
1,22,-0.00217308,-0.409033,-2.37788e-05,-0.00639755,0.000896959,-0.00170382,0.00832376,0.000238714
2,22,0.00172986,-0.417302,-0.00484577,-0.00441398,-0.00815141,-0.000199861,-0.00160032,0.00175895
3,22,0.00270047,-0.361371,0.00464708,-0.00624206,0.00732126,0.00247815,0.00450157,0.00198688
4,22,-0.00170601,-0.39564,0.0038398,-0.00286633,0.00617774,0.00465539,0.00103301,0.000415531
5,22,0.00113652,-0.402728,0.00265426,-0.0185316,-0.000818925,-0.00160028,0.00363669,0.000804806
6,22,-0.00273393,-0.435585,-0.00185557,0.00480953,-0.00206548,-0.000567243,-0.0129439,-0.00145633
7,22,0.00132302,-0.376158,0.00840209,-0.0112293,-0.00309345,-0.000256922,-0.000639657,0.00112545
8,22,-0.00595192,-0.386837,-0.0083216,-0.000909586,-0.00358622,0.00252941,0.0046401,-0.00315627
9,22,-0.00326484,-0.373408,0.00176412,-0.0119124,-0.0144869,0.000673453,0.00741947,-0.000624992
10,22,-0.00118626,-0.476251,0.00211797,0.00747737,0.00312322,0.000770039,0.0118565,-0.00119943
1,23,0.00275884,0.55009,0.00734267,-0.008474,-0.00906373,-0.00307534,0.000838805,-0.0013106
2,23,0.00143204,0.599431,0.00746534,-0.00894634,0.00933052,-0.000331161,0.00988124,0.000580242
3,23,0.00529685,0.525116,0.00203565,-0.00872957,0.00884102,-0.00151397,0.000973821,6.30194e-05
4,23,0.00588709,0.558489,-0.00491022,0.00583894,-0.0125431,-0.00228474,0.00427975,-0.000286135
5,23,1.84301e-05,0.540165,0.00224567,-0.00783584,0.00221704,-0.0026441,0.00185131,-0.000553472
6,23,-0.00104749,0.559001,-0.000927243,0.00704406,0.00169576,0.00198976,0.0133645,-0.000461142
7,23,-0.00372992,0.48407,0.00507717,0.000804407,-0.00910734,0.000932053,0.0127193,-0.00233455
8,23,0.00260826,0.578581,0.00262927,0.0210102,0.00337865,0.00137699,0.00164496,-0.000832011
9,23,0.00121036,0.601056,-0.00276518,0.0135362,0.00894015,-0.000754457,0.00385589,-0.000820423
10,23,0.000943418,0.531206,0.00291221,0.0109836,0.0104574,-0.00275604,0.00312604,-0.000157966
1,24,-8.60223e-05,0.0707419,0.00156502,-0.00895278,-0.00971551,-0.00188829,0.0112204,-0.00145542
2,24,-0.00323386,0.0970517,-0.00544169,0.00506743,0.000254767,0.00235,0.00345125,-0.000959124
3,24,5.33511e-05,0.166904,0.000172049,0.00207468,-0.00407062,0.00182861,0.00241873,-0.00021609
4,24,-0.00241156,0.0675696,-0.00223327,-0.00690467,0.00982541,-0.000783801,-0.00471368,-0.0011085
5,24,-0.00137926,0.164277,0.000289437,-0.0121056,-0.00428144,0.000296696,0.0195231,0.00131635
6,24,0.00147975,0.0746655,0.00194827,-0.00917937,-0.000792286,-0.00142826,-0.00576628,0.000124669
7,24,-0.000688621,0.0915492,-0.00281548,0.01495,0.00643669,-0.00172449,0.00887421,0.000286058
8,24,-0.00147517,0.118123,-0.012966,0.012534,0.00208411,0.000919871,-0.00570628,-0.000582724
9,24,-0.000700024,0.113927,-0.00664024,0.000988828,-0.00822153,-0.00117416,0.0169299,-8.48309e-05
10,24,0.000965653,0.0613523,-0.00212737,-0.0195258,-0.0121713,0.00129824,0.00510332,-0.00221848
1,25,-0.000892504,-0.060607,-0.00326595,-0.00218164,0.0132228,-1.82428e-05,0.00284237,0.00162848
2,25,0.00131871,-0.0600831,-0.00602405,0.00510282,0.000197375,0.000957611,0.00325224,-0.00199565
3,25,0.00583985,-0.0434024,-0.00551897,0.00542226,-0.00137923,0.00196468,0.00138817,-0.00255503
4,25,0.00284448,-0.0842855,-0.0015565,-0.01439,0.0166384,0.00194051,0.0160939,6.22096e-05
5,25,0.000833115,-0.093415,-0.00049496,0.0204589,-0.0117033,0.00071212,0.00331151,0.00102238
6,25,0.000570155,-0.1369,0.00331303,-0.000550039,0.00151956,-0.00345451,0.00787453,-0.000189079
7,25,0.0028512,-0.0695787,-0.00793652,-0.00449358,-0.00554662,0.00377845,0.0110302,0.0019028
8,25,-0.000109284,-0.0673736,0.00393455,0.0201471,0.00811947,0.00111656,0.00595119,0.000235557
9,25,0.00262305,-0.0621914,0.00151821,-0.00415428,0.0134817,0.00117089,0.0111261,0.00162785
10,25,-0.00154245,-0.0813938,-0.00325295,0.011167,-0.00287905,-0.00186524,-0.000492834,-0.0018873
1,26,0.000115274,-0.175567,-0.00819988,-0.0119545,0.00125534,-0.00257422,0.00405246,-0.000588277
2,26,0.00188114,-0.268363,0.00115082,-0.0235534,-0.004623,9.84789e-05,-0.0115173,-0.00133496
3,26,-0.00111165,-0.249347,-0.00684485,0.00118643,-0.00251118,-0.000947029,-0.0012562,-0.000625151
4,26,-0.00111319,-0.204818,-0.000518743,0.0138129,-0.00274655,-0.0026854,0.00822386,0.00150841
5,26,-0.000551,-0.274844,-0.00991287,0.0229783,0.0102517,-0.00155871,-0.0120442,0.0015195
6,26,-0.00360961,-0.254422,-0.00480932,0.0115192,-0.00338686,0.00138469,-0.00510405,-0.000553813
7,26,0.000737347,-0.247549,0.00579448,-0.00591826,0.0056235,0.000270145,0.00506065,0.00048821
8,26,-0.00134543,-0.259572,2.62825e-05,-0.015951,0.0139355,0.00274027,0.00300845,-0.00298509
9,26,-0.00151057,-0.247554,0.00295317,-0.00599788,0.00181152,0.00128531,-0.0109817,-0.00212652
10,26,-0.00156896,-0.277799,0.000113896,-0.0047757,-0.00803263,0.000728417,-0.00542525,-0.00135139
1,27,-0.000233943,-0.126858,-0.00355078,0.0252966,-0.00308436,-0.000743419,-0.00127842,-0.00226412
2,27,-0.00620384,-0.218598,-0.00698031,0.00120107,0.00159234,-0.00253462,0.00607669,-0.000223266
3,27,0.00103965,-0.169297,-0.00957326,0.00115028,-0.00354709,0.00128464,-0.00716727,-0.00145964
4,27,0.00460127,-0.1886,0.00476449,-0.00511614,-0.00415938,0.00104677,-0.00424658,-0.00027742
5,27,-0.00155297,-0.109127,-0.0018106,-0.00945731,-0.0029791,0.00117259,-0.00294648,-0.00012293
6,27,-0.00558749,-0.20303,-0.00997098,0.0105983,-0.00347504,-0.00306193,0.0054535,0.000719696
7,27,0.00265277,-0.192346,0.00603844,0.00690319,-0.00095027,-0.000421583,-0.00189563,-0.000155183
8,27,0.00386041,-0.16725,0.00157964,0.0224072,-0.000585794,-0.00215241,0.0046225,0.00168438
9,27,-0.000511577,-0.181753,-0.00457903,0.00554962,0.00630906,-0.00190991,-0.00358037,0.00166899
10,27,0.00116064,-0.0903616,-0.0109848,0.00906534,0.00637823,-0.00142051,-0.00574558,-0.00174498
1,28,-0.00132256,0.301205,-0.00537357,0.00879868,0.000114272,0.00244912,-0.00689636,0.00152105
2,28,0.00169259,0.35368,-0.01471,0.00280299,-0.00288504,0.00308154,-0.00677799,0.00124418
3,28,0.00224349,0.324608,0.00263497,0.00854492,0.0055823,8.39388e-05,-0.0120346,0.00309573
4,28,-0.000216753,0.360602,-0.00468338,0.0145573,-0.000830148,0.00140485,-0.0104558,-0.000721388
5,28,0.0025367,0.322339,-0.00710713,0.0162339,-0.0140409,-0.00135071,-0.0115777,0.0025341
6,28,4.45999e-05,0.345448,-0.000342517,-0.00191661,0.0100038,0.000354355,0.000400228,0.00174799
7,28,-0.00071511,0.264725,-0.00164948,0.02292,0.0176303,0.00159647,-0.00455952,0.000817581
8,28,0.00179507,0.290277,-0.0118448,-0.0116356,0.00782348,0.00188067,-0.00505322,-0.000388735
9,28,-0.000253655,0.339695,0.00249137,0.00418377,0.00819544,-0.00215215,-0.00638335,-5.93786e-05
10,28,0.00303484,0.369881,-0.0103533,0.00495247,0.00133395,0.000188753,-0.00285575,-0.00167161
1,29,0.002076,-0.129094,-0.00238546,-0.0159189,-0.0196448,0.00146931,1.19617e-05,-0.0016587
2,29,0.00105858,-0.0817921,-0.00380962,-0.00713799,-0.00207842,-0.000436641,0.00197315,-0.000829825
3,29,-0.0014335,-0.144712,0.00295653,0.00065283,-0.00755834,0.0023905,0.00694412,-0.00241031
4,29,-0.00142283,-0.113455,-0.0150495,9.49823e-05,0.00133608,-0.000168448,-0.000342081,-0.000689432
5,29,0.00354887,-0.154891,0.00187807,0.00662204,-0.0111872,0.000251447,0.00548508,-0.000332631
6,29,0.00267139,-0.104595,-0.00365817,-0.00507029,-0.00462279,-0.00227231,0.000409458,-0.00252535
7,29,0.00245657,-0.0722042,0.00246714,-0.00883424,0.00706383,0.00198239,0.000356921,0.000465244
8,29,-0.00213156,-0.0796206,0.000260147,0.0118185,-0.0125154,-0.00157704,0.00115142,-0.00305657
9,29,0.0029788,-0.109527,-0.00699795,0.013111,0.00137025,0.00258498,0.014662,-0.00569385
10,29,0.00440701,-0.0998849,0.00328035,0.00396067,0.000124376,3.27059e-05,0.00805221,0.000563433
1,30,0.00250888,0.473727,-0.00479082,0.00894623,-0.00511763,-0.00105595,0.000121276,-0.00177723
2,30,0.000717347,0.39959,-0.00347252,0.00593324,0.0119385,0.000409376,-0.00215896,-3.59802e-05
3,30,0.0086482,0.468811,0.0128461,-0.00635964,-0.00888421,0.00152446,-0.0016108,9.15111e-07
4,30,0.0071295,0.487026,-0.0010714,-0.0199724,-0.0063656,0.00128399,-0.0033591,0.000872802
5,30,-0.00198143,0.454186,-0.0149584,0.0110489,0.00253713,0.000601539,-0.0139335,-0.000213783
6,30,0.00404936,0.406231,0.00281991,-0.0296841,-0.00177149,-0.00267768,-9.77158e-05,-0.000659337
7,30,-0.000762347,0.483241,0.00208571,-0.00642675,-0.00819318,0.00111432,-0.00189802,0.00147311
8,30,0.00280301,0.489859,0.0103842,-0.00571545,-0.00552259,0.00203322,-0.00164219,-0.00031009
9,30,-0.000349853,0.451817,-0.00998882,-0.00231093,0.00149155,0.00188956,0.00267756,-0.000388196
10,30,-0.0036175,0.406136,0.00312114,0.00976145,-0.00413179,-0.00103268,0.00901676,0.00124423
1,31,-0.000502674,0.0967602,0.000248725,0.012668,0.00152043,0.000415861,0.000811603,0.000221902
2,31,-0.00104388,0.165571,0.000176537,0.0111653,-0.00890236,0.00095257,0.00182452,-0.00220211
3,31,-0.00455967,0.132349,8.3226e-05,0.00308008,-0.00388769,-0.00114571,0.00160139,0.00159156
4,31,0.00159493,0.143247,-0.0109231,0.00303931,0.00319942,-0.00226188,-0.00588361,-0.00271327
5,31,-0.00431484,0.203519,-0.00309989,0.0283168,0.00470796,-0.000336491,-0.00387917,0.00118562
6,31,-0.00304182,0.177575,-0.00252731,0.0149866,-0.00613944,-0.00140891,0.00505657,-0.00251979
7,31,4.87075e-05,0.130204,0.000329195,-0.0178496,0.00662764,-0.00175031,0.00335048,0.000121924
8,31,-0.00268141,0.126668,0.00307871,0.0170106,-0.00364885,-0.000317455,0.00395578,-0.00180877
9,31,0.0026876,0.207129,0.00542079,0.0218174,-0.00102935,-0.000674879,-0.00274364,0.000561859
10,31,-0.00130287,0.155127,-0.00260334,0.0104282,0.00809864,-0.000246533,0.0146691,0.00271385
1,32,-0.00218091,-0.827452,-0.00323276,0.00279112,0.00798013,2.88523e-05,-0.00904464,0.000217623
2,32,-0.000483716,-0.73562,-0.00195454,-0.0100654,-0.00395545,0.00246761,-0.00780196,0.000486435
3,32,0.00104987,-0.658155,0.00359571,0.0197497,-0.0105976,-0.000855277,0.00911276,0.00235716
4,32,-0.00112963,-0.72437,-0.00139333,-0.00242385,0.00450526,-0.00140095,-0.00406227,-0.000982511
5,32,-0.000541849,-0.80691,-0.00412813,-0.00154592,0.00380883,0.00133271,0.00757738,-0.00139811
6,32,-0.00159141,-0.858848,0.00164771,-0.0163944,0.0138982,-0.00151229,-0.00364406,0.00143205
7,32,0.000945434,-0.735974,0.000250038,0.0139828,0.00696205,-0.00424195,-0.00421754,0.000608073
8,32,0.00208526,-0.799777,-0.00522346,-0.00231131,-0.00110888,0.00123547,0.00644819,-0.00130554
9,32,-0.000945592,-0.757706,0.00296112,0.013375,5.00778e-05,0.00021979,-0.00111588,0.0010963
10,32,-0.000257532,-0.762777,-0.00902668,-0.00753795,-0.00731972,-0.00134039,0.00324078,0.000270017
1,33,-0.00262255,0.163477,0.00526971,0.0200179,-0.00972537,-0.000926307,0.0137987,-0.000834365
2,33,-0.00199125,0.0603417,-0.00887434,-0.00599006,0.00513676,0.00119557,0.00628976,0.00104323
3,33,-0.00744935,0.138885,0.00389823,-0.0072494,-0.0119871,0.000771167,0.0125775,0.000613576
4,33,0.00230473,0.0750569,-0.00560399,-0.00977431,0.0123763,1.21419e-06,0.00180621,0.000422185
5,33,-0.00251103,0.0948767,0.00483437,-0.0098907,0.00236137,-0.000153267,0.0122228,0.00112582
6,33,0.00176158,0.0809838,0.00247847,-0.00618173,0.00880713,0.00150962,-0.00134999,-0.000665689
7,33,-0.00138573,0.105967,0.00753288,0.00778812,0.0081985,0.00103262,-0.00183673,-0.00121418
8,33,-0.00367196,0.0981477,0.00288005,-0.00435218,0.000219341,-0.00113804,0.00484042,0.00280635
9,33,-0.00135079,0.133602,0.00443417,-0.00921859,-0.0142505,0.000359728,-0.0131487,-0.00173273
10,33,0.00183809,0.156791,0.00492045,0.00751619,0.000388417,-0.00212544,0.0228963,0.00297567
1,34,0.000826791,0.345,-0.000412868,0.00960387,-0.000790618,-0.000948729,-0.00164268,1.52739e-05
2,34,-0.000936372,0.284766,-0.00467647,-0.013365,-0.00368297,-7.22753e-05,0.0019172,-0.0031956
3,34,-0.0011149,0.33608,-0.000513291,0.00255424,0.00714844,-0.000450894,-0.00537687,0.000851306
4,34,-0.00287442,0.351338,0.00147452,0.00533997,-0.00886658,0.00292496,-0.00871428,0.000539702
5,34,-0.000571664,0.310483,-0.00654162,-0.00978903,0.00504392,-0.00135984,0.00408024,0.000857183
6,34,-0.00129013,0.313949,0.00313907,0.019265,0.0179523,-0.00244018,0.00380505,-0.000134444
7,34,-0.00217251,0.284614,-0.00416732,0.00905224,0.00731286,0.00015493,0.0014477,0.000146431
8,34,-0.00100204,0.250072,-0.00417119,-0.0129068,-0.0094535,0.00203958,0.00325729,-0.002202
9,34,0.00114967,0.287581,0.00699723,0.00414856,0.0100917,-0.000550042,0.00622262,0.000205593
10,34,-0.00296978,0.349888,-0.00349909,0.0212246,0.00786483,-0.000623041,0.000377633,0.000377549
1,35,-0.000376513,-0.329471,-0.00688663,-0.00240327,-0.0147085,0.00283347,0.00916516,0.00410077
2,35,-0.00042882,-0.32206,0.00188251,0.00547382,-0.0105219,0.00422553,0.00403601,0.00190156
3,35,-0.00454358,-0.312021,-0.00499104,0.0186889,0.00702076,0.000615403,0.00657767,0.000518288
4,35,-0.00108955,-0.321384,-0.0054427,0.00404121,0.00371269,-0.00207764,0.00144661,0.000155739
5,35,0.000263747,-0.377277,-0.00687045,-0.0150283,0.00975335,0.000587108,-0.00380206,-0.00237531
6,35,0.00536625,-0.385557,0.000210459,-0.0162761,-0.00806971,0.00013356,0.00320435,0.000771614
7,35,0.00141128,-0.356933,-0.0075187,0.00111747,0.0107739,-0.00182225,0.0015155,0.00484672
8,35,-0.00330575,-0.368019,-0.00380433,0.00998332,0.00800451,0.00377659,-0.00632344,-0.00166453
9,35,0.00393268,-0.338323,0.0038169,0.0103371,0.00481533,0.00179844,-0.00140964,-0.00120192
10,35,-0.000185856,-0.352733,-0.00440554,-0.0128918,-0.000916211,3.62959e-05,-0.00257783,-0.00126362
1,36,-0.000579341,-0.516847,0.000451411,-0.0165663,-0.0034412,0.00036263,-0.0100365,0.0010032
2,36,0.00555735,-0.494791,0.00708796,0.00321073,-0.0113092,-0.0050893,-0.00287378,0.00210027
3,36,-0.00263849,-0.543635,-0.000822791,-0.0127003,-0.000782508,-0.000238317,-0.00387757,0.00236345
4,36,-0.00104503,-0.484563,-0.00559536,0.0135906,-0.00743001,-0.000867319,0.00196191,-0.000149416
5,36,-0.00083962,-0.498721,0.000614383,0.0111043,-0.00539928,-0.00441333,-0.007637,0.00273197
6,36,-0.00313152,-0.512611,-0.000537777,0.00795615,-0.00198714,-0.000622281,-0.0056294,0.00226595
7,36,0.000184085,-0.469999,0.00151705,-0.0207424,-0.00903052,0.00176084,-0.00164918,-0.0014907
8,36,-0.00229496,-0.518492,-0.00439492,-0.0109373,0.00656658,0.000596538,-0.0103626,-0.00117623
9,36,0.00519033,-0.459804,-0.00216213,0.00269131,-0.0115489,-0.00202133,-0.0105578,0.000331844
10,36,0.00211,-0.439988,0.00619243,-0.012991,0.00203672,-0.000137946,-0.00845507,0.00131035
1,37,0.00113123,-0.213817,-0.00630882,-0.0177602,0.000357218,-8.68785e-05,0.00232343,3.7532e-05
2,37,7.38711e-05,-0.186018,-0.00194794,0.00233286,-0.0132544,0.00174848,0.00497152,-0.000334178
3,37,-0.000691804,-0.161731,0.00727463,-0.00869054,0.00501392,-0.002162,0.00536388,0.000950859
4,37,-0.000194975,-0.171676,0.00760388,-0.0165108,0.00457489,-0.000469659,-0.00444963,0.000935321
5,37,0.00290254,-0.218722,0.000118513,-0.00100696,0.0145569,0.000729049,0.000441562,0.000111233
6,37,-9.8517e-05,-0.132701,0.00131589,0.0130623,0.0016053,-0.000919429,0.00691181,-3.15136e-05
7,37,-0.00257973,-0.215999,0.00130547,-0.00617055,-0.00230401,0.00156211,0.0028356,-0.00314339
8,37,-0.00239986,-0.186833,0.00362695,-0.00947137,0.00682135,-0.00017227,0.00403625,0.00102579
9,37,0.00143002,-0.176707,0.011591,0.00285879,0.00763593,0.000718684,-0.000497658,-0.000849467
10,37,-0.00195939,-0.252851,-0.00405946,-0.0106236,0.00265602,0.000639761,0.00500911,0.000360183
1,38,-0.00311678,-0.300667,-0.00296245,0.000497613,0.00235964,-0.000457014,-0.00154246,0.00277466
2,38,-0.00479337,-0.250197,0.00504271,-0.00774849,-0.00900398,8.14778e-06,0.00544614,-0.000450195
3,38,-0.00247233,-0.32688,0.00581506,-0.0242844,-0.0151414,0.00164757,0.000487969,-0.00195414
4,38,0.00151799,-0.403219,-0.000936528,-0.0177191,0.00152252,-0.00129843,0.00560062,0.00224115
5,38,-0.00474532,-0.229989,0.0019438,0.00703396,0.00858494,-0.00157494,0.00552271,-0.000894942
6,38,-0.00104489,-0.307014,0.00412739,-0.0141009,0.00893118,0.00144615,-0.00340605,-0.00208587
7,38,0.00290461,-0.266007,0.00295741,-0.0143408,0.0104115,-0.000305801,0.00239008,0.0017164
8,38,-0.000534874,-0.258779,0.00678337,-0.00341838,0.00163245,-0.00118326,0.00635008,0.000543002
9,38,-0.000586212,-0.267323,0.00677962,-0.0227513,0.0120848,-0.00169391,-0.00555138,0.000853324
10,38,-0.000487886,-0.312177,-0.00505171,-0.00389695,0.0171027,-0.000477857,0.0130902,-0.00304817
1,39,0.001244,-0.137578,0.00471748,-0.00208583,-0.00496568,0.000681422,-0.0107394,-0.00105667
2,39,0.00319541,-0.181014,-0.00260188,-0.0119459,0.0036277,0.000566708,-0.0039041,0.00305012
3,39,0.00357416,-0.154794,0.00657781,-0.00703937,-0.00294456,-0.00123267,-0.0113461,0.00151246
4,39,-0.000189397,-0.220973,-0.0102658,-0.00961801,0.00206756,-0.000912275,0.0172883,0.000420611
5,39,0.00432375,-0.141063,-0.00103692,0.0120818,0.0045832,0.0035815,0.0040379,-8.26008e-05
6,39,0.00169141,-0.148978,0.00268582,0.00380132,-0.000387409,0.00296565,-0.00481223,0.000412442
7,39,0.00180384,-0.175333,-0.0173046,0.0073798,-0.0136454,-3.79698e-05,0.00200003,0.0020775
8,39,0.00661289,-0.224145,-0.000662804,0.0107653,-0.0143528,0.00200503,0.000779726,0.00158961
9,39,0.000673586,-0.101244,-0.00845905,0.0284558,-0.0054948,-0.00104966,-0.00236096,0.00144122
10,39,0.00411109,-0.239025,-0.00437619,-0.0128645,0.00447677,0.000225943,-0.0114062,-0.00083516
1,40,0.00107621,0.433112,0.000168132,0.0097954,0.00927086,0.000128804,0.00570039,-0.000269657
2,40,-0.00138415,0.421977,-0.00029305,-0.0189871,0.0193136,-0.000526615,-0.00550004,-0.0010536
3,40,-0.00411721,0.516441,0.00410008,0.00890556,0.00532,-0.00188258,-0.00484235,-0.000906915
4,40,0.00348761,0.463351,0.00753735,0.00668745,-0.000214505,0.000616678,-0.00752906,-0.000104294
5,40,-0.00323108,0.472331,-3.1545e-07,-0.0198753,0.00134976,-0.00342966,0.00179045,0.00090786
6,40,-0.00174558,0.406925,-0.00786996,-0.00913924,0.00622053,0.00116768,-0.00158253,0.000831099
7,40,-0.00176314,0.452372,-0.00307373,0.00846571,-0.00260914,0.000257399,0.00849553,0.00192812
8,40,0.000275549,0.489568,0.00627552,-0.000307867,-0.00100446,0.000378394,-0.00616009,-9.69119e-05
9,40,-0.000408785,0.454965,-0.000370176,0.0293664,0.0128636,0.00375918,-0.0018223,-0.000156807
10,40,-0.00355698,0.415929,0.00313327,0.00212314,-0.00824417,0.00251739,0.00801337,-0.00108695
1,41,0.0029282,0.111537,0.000448085,0.00966247,0.00529234,0.001055,-0.00983244,0.00112456
2,41,0.000582054,0.103324,-0.000247499,0.00906453,0.0068755,0.0016112,0.00455277,-0.00302193
3,41,-0.00191325,0.02757,0.000631126,-0.00100963,0.00926274,-0.000158715,-0.00451685,-0.000630021
4,41,-0.00195402,0.112504,-0.00428398,-0.0153597,0.00401033,-0.000158252,-0.00221643,0.0010586
5,41,-0.00237741,0.0653,0.00234811,0.00329719,0.0142621,-0.00253017,0.000418255,-0.000775214
6,41,-0.00238618,0.0545959,-0.00222997,-0.00695605,-0.00585035,-0.0018688,0.0026122,-0.000259958
7,41,-0.00393072,0.0732394,-0.00228407,-0.0133303,0.00478664,0.000675942,0.00129332,-0.000604419
8,41,-0.00252134,0.032306,0.0019133,-0.00610374,0.0098977,-0.0017722,0.00423507,0.000296416
9,41,-0.000761603,0.0693616,0.0135603,0.0266368,0.00729454,0.00015074,0.00508209,-0.00116804
10,41,-0.00181235,0.0294278,0.00254379,0.00217225,0.00758108,0.000678772,0.00524501,0.00179614
1,42,0.00258414,0.18455,0.0033539,0.0248144,-0.00854922,-0.000361644,-0.00165237,-0.00175156
2,42,0.00309509,0.137944,-0.00414055,-0.0127746,0.00231125,0.000913212,-0.00450914,-0.000844889
3,42,0.000678437,0.135048,0.00382787,0.0150217,0.00636482,0.00269662,-0.00344345,0.00151255
4,42,0.00115848,0.076333,-0.00286287,-0.0176827,0.00632719,-0.000723012,-0.00942817,0.000975116
5,42,-0.00265016,0.132749,-0.0029173,0.00250241,-0.00947897,-0.000192591,0.00223297,-0.000782871
6,42,0.00225823,0.074307,0.0059435,-0.0268203,-0.00463801,0.00320051,-0.00483129,0.00132394
7,42,-8.71488e-05,0.0944426,0.0108759,-0.00386858,0.00476696,-0.000590111,0.000319883,-0.00054675
8,42,0.000913009,0.146344,-0.00780863,-0.0150285,-0.00330518,0.000304776,-0.00540765,-0.000946238
9,42,-0.00255762,0.0487466,0.00874846,-0.00539662,-0.00128478,0.00118778,-0.00736353,0.00112452
10,42,0.00114291,0.101405,-0.0051974,-0.00489349,0.00591359,-0.00213857,-0.0035012,0.00146903
1,43,-0.00196104,-0.251987,-0.00560864,0.0171622,0.000463765,-0.00128348,0.00216531,-0.00119324
2,43,-0.00292492,-0.209389,0.00320822,0.00788316,0.00137656,0.00163027,-0.0012804,0.000685665
3,43,-0.00211777,-0.239824,0.00254633,-0.00389328,-0.00171745,-0.000550825,-0.000323587,-0.00246314
4,43,0.00161211,-0.233086,0.00707424,-0.0133672,0.00241883,-0.00117356,-0.00296414,0.00129782
5,43,-0.000342381,-0.236603,2.41028e-05,-0.00585255,-0.000589666,0.00263753,-0.00736166,-0.00139754
6,43,-0.00552234,-0.305879,-0.000101972,0.0167547,-0.00219612,-0.000678282,-0.00409705,-0.000377562
7,43,0.0047526,-0.199459,0.00443554,0.000776755,-2.09808e-05,0.00160632,0.00314059,-0.000767854
8,43,0.00173163,-0.18017,0.00965225,-0.0118113,-0.0099555,0.00223809,0.000701183,-0.0026534
9,43,0.000893752,-0.206616,-0.00521054,-0.0159814,-0.00481182,0.000511671,0.0152665,-0.0016116
10,43,-0.00110318,-0.245817,0.0018112,0.00283501,-0.00017091,-0.00305311,0.000677771,-0.000713747
1,44,0.000578386,0.123806,-0.00365415,-0.00701,-0.0110021,0.00389538,-0.008373,-0.00213182
2,44,0.00194464,0.146493,0.00654069,0.0174497,0.00779097,0.000695195,-0.0159894,0.00101617
3,44,-0.00476366,0.136904,0.00170259,0.00461647,-0.00211856,0.000568478,-0.0123348,0.00243709
4,44,-0.00085525,0.229285,0.00153302,0.0174157,0.0090167,0.00127544,-0.00402278,-0.000829059
5,44,-0.00374629,0.167758,-0.00133595,-0.00562658,0.00480778,0.00219709,-0.0153133,-0.00223637
6,44,-0.00253259,0.0958295,-0.00409299,-0.0031511,0.00212318,-0.00237806,-0.0140647,0.000759406
7,44,-0.00199752,0.0548711,0.003261,0.00226031,0.00212287,-0.000861278,-0.0103464,0.00045441
8,44,-0.0011471,0.0955178,0.00549373,0.00702974,-0.00406495,0.00290761,-0.00765837,0.0023246
9,44,0.00121406,0.0826168,-0.00476969,0.00825826,-0.00718809,0.000193018,-0.00179607,0.00284876
10,44,-0.00010068,0.177812,0.00114089,-0.00647705,0.00548431,-0.00114742,-0.0146248,0.000521827
1,45,-0.00282424,-0.402518,0.000317639,-0.00208764,0.00212462,-2.00003e-05,0.0175604,0.00267931
2,45,-0.000530856,-0.352188,0.00490831,0.00586415,0.001151,0.000963704,0.00293313,-0.000796574
3,45,-0.000861042,-0.36771,-0.0063376,-0.00667766,-0.00287159,9.87919e-05,-0.00354995,0.000424628
4,45,-0.000517504,-0.326851,0.00256743,-0.0171665,0.00646095,0.000979121,0.00611537,-0.000690096
5,45,-0.00393292,-0.382312,-0.0010031,0.00152438,-0.0190963,-0.00391146,0.00743068,0.00159024
6,45,0.00230933,-0.331358,-0.000310583,-0.00589487,0.000566075,-0.00227786,0.00704976,0.00312473
7,45,-0.00163844,-0.33513,-0.00126041,0.000159431,-0.00161918,0.000455692,0.0134189,-0.000466642
8,45,0.000669589,-0.385231,0.00756982,-0.00219821,-0.00694438,-0.000824025,0.0057135,-0.00182542
9,45,0.000229785,-0.340495,0.00594194,-0.0230679,0.0120737,-0.000701791,0.00278303,-0.00081389
10,45,-0.00200511,-0.372444,-0.0027964,0.0205527,-0.00384713,-0.000494372,0.00662614,0.000829306
