rep,id,V,Cl
1,1,5.94897,2.84378
2,1,5.94897,2.84527
3,1,5.94897,2.89
4,1,5.94897,2.85188
5,1,5.94897,2.9518
6,1,5.94897,2.83452
7,1,5.94897,2.8441
8,1,5.94897,2.86568
9,1,5.94897,2.8262
10,1,5.94897,2.90641
1,2,5.94897,3.22093
2,2,5.94897,3.38516
3,2,5.94897,3.26636
4,2,5.94897,3.25511
5,2,5.94897,3.26636
6,2,5.94897,3.2464
7,2,5.94897,3.261
8,2,5.94897,3.30199
9,2,5.94897,3.31648
10,2,5.94897,3.23962
1,3,5.94897,3.37832
2,3,5.94897,3.3692
3,3,5.94897,3.33917
4,3,5.94897,3.36974
5,3,5.94897,3.33957
6,3,5.94897,3.39725
7,3,5.94897,3.39865
8,3,5.94897,3.353
9,3,5.94897,3.34782
10,3,5.94897,3.35954
1,4,5.94897,2.95635
2,4,5.94897,2.90557
3,4,5.94897,3.02786
4,4,5.94897,2.93948
5,4,5.94897,2.97998
6,4,5.94897,2.9605
7,4,5.94897,2.98232
8,4,5.94897,3.01119
9,4,5.94897,3.05614
10,4,5.94897,3.04161
1,5,5.94897,3.07931
2,5,5.94897,2.98957
3,5,5.94897,2.97285
4,5,5.94897,3.01099
5,5,5.94897,3.03651
6,5,5.94897,2.99631
7,5,5.94897,3.03439
8,5,5.94897,2.95145
9,5,5.94897,2.94511
10,5,5.94897,3.01187
1,6,5.94897,2.79819
2,6,5.94897,2.76092
3,6,5.94897,2.76527
4,6,5.94897,2.7529
5,6,5.94897,2.73352
6,6,5.94897,2.76489
7,6,5.94897,2.78023
8,6,5.94897,2.72498
9,6,5.94897,2.81333
10,6,5.94897,2.75667
1,7,5.94897,3.33168
2,7,5.94897,3.40231
3,7,5.94897,3.33729
4,7,5.94897,3.41108
5,7,5.94897,3.30007
6,7,5.94897,3.32531
7,7,5.94897,3.34463
8,7,5.94897,3.34661
9,7,5.94897,3.33601
10,7,5.94897,3.34615
1,8,5.94897,2.67184
2,8,5.94897,2.68813
3,8,5.94897,2.74845
4,8,5.94897,2.67371
5,8,5.94897,2.64075
6,8,5.94897,2.66909
7,8,5.94897,2.66097
8,8,5.94897,2.73369
9,8,5.94897,2.74135
10,8,5.94897,2.68537
1,9,5.94897,2.67289
2,9,5.94897,2.69261
3,9,5.94897,2.60711
4,9,5.94897,2.62922
5,9,5.94897,2.71063
6,9,5.94897,2.6662
7,9,5.94897,2.70787
8,9,5.94897,2.66935
9,9,5.94897,2.74106
10,9,5.94897,2.66647
1,10,5.94897,2.57884
2,10,5.94897,2.5531
3,10,5.94897,2.61069
4,10,5.94897,2.59839
5,10,5.94897,2.61491
6,10,5.94897,2.57746
7,10,5.94897,2.64069
8,10,5.94897,2.57573
9,10,5.94897,2.61396
10,10,5.94897,2.59705
1,11,5.94897,2.77254
2,11,5.94897,2.88612
3,11,5.94897,2.81705
4,11,5.94897,2.85677
5,11,5.94897,2.80083
6,11,5.94897,2.84272
7,11,5.94897,2.87131
8,11,5.94897,2.82375
9,11,5.94897,2.84042
10,11,5.94897,2.80696
1,12,5.94897,2.70204
2,12,5.94897,2.6423
3,12,5.94897,2.62104
4,12,5.94897,2.70654
5,12,5.94897,2.61421
6,12,5.94897,2.75423
7,12,5.94897,2.63735
8,12,5.94897,2.65421
9,12,5.94897,2.69524
10,12,5.94897,2.67656
1,13,5.94897,2.98427
2,13,5.94897,2.94151
3,13,5.94897,2.95958
4,13,5.94897,2.91616
5,13,5.94897,2.97148
6,13,5.94897,3.0437
7,13,5.94897,2.89568
8,13,5.94897,2.99452
9,13,5.94897,2.9578
10,13,5.94897,2.92203
1,14,5.94897,2.55014
2,14,5.94897,2.54963
3,14,5.94897,2.5952
4,14,5.94897,2.52818
5,14,5.94897,2.5064
6,14,5.94897,2.59405
7,14,5.94897,2.53909
8,14,5.94897,2.57732
9,14,5.94897,2.55991
10,14,5.94897,2.5903
1,15,5.94897,2.72384
2,15,5.94897,2.70277
3,15,5.94897,2.71826
4,15,5.94897,2.66792
5,15,5.94897,2.68578
6,15,5.94897,2.64458
7,15,5.94897,2.73314
8,15,5.94897,2.76035
9,15,5.94897,2.76953
10,15,5.94897,2.71489
1,16,5.94897,3.15136
2,16,5.94897,3.24718
3,16,5.94897,3.18263
4,16,5.94897,3.18276
5,16,5.94897,3.26067
6,16,5.94897,3.16423
7,16,5.94897,3.21905
8,16,5.94897,3.16301
9,16,5.94897,3.19806
10,16,5.94897,3.10242
1,17,5.94897,3.26182
2,17,5.94897,3.34265
3,17,5.94897,3.35965
4,17,5.94897,3.35967
5,17,5.94897,3.25553
6,17,5.94897,3.24615
7,17,5.94897,3.31777
8,17,5.94897,3.33043
9,17,5.94897,3.31161
10,17,5.94897,3.29299
1,18,5.94897,3.02685
2,18,5.94897,2.93487
3,18,5.94897,2.89744
4,18,5.94897,3.00733
5,18,5.94897,2.90465
6,18,5.94897,2.96127
7,18,5.94897,3.01187
8,18,5.94897,2.93394
9,18,5.94897,2.94452
10,18,5.94897,2.91092
1,19,5.94897,2.99406
2,19,5.94897,3.05657
3,19,5.94897,3.06354
4,19,5.94897,3.02595
5,19,5.94897,3.09175
6,19,5.94897,3.05153
7,19,5.94897,3.01623
8,19,5.94897,3.02453
9,19,5.94897,2.98575
10,19,5.94897,3.02044
1,20,5.94897,2.74203
2,20,5.94897,2.75584
3,20,5.94897,2.77583
4,20,5.94897,2.72418
5,20,5.94897,2.74782
6,20,5.94897,2.84987
7,20,5.94897,2.70295
8,20,5.94897,2.76487
9,20,5.94897,2.75149
10,20,5.94897,2.6727
1,21,5.94897,3.37937
2,21,5.94897,3.36939
3,21,5.94897,3.25296
4,21,5.94897,3.37689
5,21,5.94897,3.22965
6,21,5.94897,3.36203
7,21,5.94897,3.41269
8,21,5.94897,3.34006
9,21,5.94897,3.35957
10,21,5.94897,3.31113
1,22,5.94897,2.64465
2,22,5.94897,2.73262
3,22,5.94897,2.70138
4,22,5.94897,2.66178
5,22,5.94897,2.66002
6,22,5.94897,2.64733
7,22,5.94897,2.68741
8,22,5.94897,2.58732
9,22,5.94897,2.59566
10,22,5.94897,2.69591
1,23,5.94897,2.59198
2,23,5.94897,2.66622
3,23,5.94897,2.69419
4,23,5.94897,2.68813
5,23,5.94897,2.69364
6,23,5.94897,2.65726
7,23,5.94897,2.61159
8,23,5.94897,2.70135
9,23,5.94897,2.64492
10,23,5.94897,2.62244
1,24,5.94897,2.54907
2,24,5.94897,2.59936
3,24,5.94897,2.51395
4,24,5.94897,2.51513
5,24,5.94897,2.60532
6,24,5.94897,2.55995
7,24,5.94897,2.61078
8,24,5.94897,2.5291
9,24,5.94897,2.52182
10,24,5.94897,2.54753
1,25,5.94897,2.87138
2,25,5.94897,2.91886
3,25,5.94897,2.9013
4,25,5.94897,2.87116
5,25,5.94897,2.86159
6,25,5.94897,2.91044
7,25,5.94897,2.8337
8,25,5.94897,2.83044
9,25,5.94897,2.88679
10,25,5.94897,2.87473
1,26,5.94897,2.62232
2,26,5.94897,2.70452
3,26,5.94897,2.6998
4,26,5.94897,2.59434
5,26,5.94897,2.69668
6,26,5.94897,2.6151
7,26,5.94897,2.7006
8,26,5.94897,2.67328
9,26,5.94897,2.65125
10,26,5.94897,2.65941
1,27,5.94897,2.8346
2,27,5.94897,2.88859
3,27,5.94897,2.94702
4,27,5.94897,2.88626
5,27,5.94897,2.85585
6,27,5.94897,2.8511
7,27,5.94897,2.84168
8,27,5.94897,2.84543
9,27,5.94897,2.86712
10,27,5.94897,2.88968
1,28,5.94897,2.53157
2,28,5.94897,2.49289
3,28,5.94897,2.50514
4,28,5.94897,2.55905
5,28,5.94897,2.51393
6,28,5.94897,2.48396
7,28,5.94897,2.52415
8,28,5.94897,2.59434
9,28,5.94897,2.47136
10,28,5.94897,2.46402
1,29,5.94897,2.80052
2,29,5.94897,2.6862
3,29,5.94897,2.76634
4,29,5.94897,2.78594
5,29,5.94897,2.70896
6,29,5.94897,2.7102
7,29,5.94897,2.69588
8,29,5.94897,2.77332
9,29,5.94897,2.72744
10,29,5.94897,2.72799
1,30,5.94897,2.56353
2,30,5.94897,2.54165
3,30,5.94897,2.63901
4,30,5.94897,2.63631
5,30,5.94897,2.57627
6,30,5.94897,2.62526
7,30,5.94897,2.63874
8,30,5.94897,2.60519
9,30,5.94897,2.61283
10,30,5.94897,2.59692
1,31,5.94897,3.35411
2,31,5.94897,3.34894
3,31,5.94897,3.37217
4,31,5.94897,3.32271
5,31,5.94897,3.41512
6,31,5.94897,3.37003
7,31,5.94897,3.34024
8,31,5.94897,3.32342
9,31,5.94897,3.35522
10,31,5.94897,3.35738
1,32,5.94897,3.0631
2,32,5.94897,2.95943
3,32,5.94897,2.99921
4,32,5.94897,3.03258
5,32,5.94897,2.97627
6,32,5.94897,2.96487
7,32,5.94897,2.99599
8,32,5.94897,2.92286
9,32,5.94897,3.05311
10,32,5.94897,3.01989
1,33,5.94897,2.98235
2,33,5.94897,2.99189
3,33,5.94897,3.00007
4,33,5.94897,2.94804
5,33,5.94897,3.04006
6,33,5.94897,3.00548
7,33,5.94897,3.01797
8,33,5.94897,2.97582
9,33,5.94897,2.96596
10,33,5.94897,2.95055
1,34,5.94897,2.78967
2,34,5.94897,2.75192
3,34,5.94897,2.84309
4,34,5.94897,2.68986
5,34,5.94897,2.73655
6,34,5.94897,2.76058
7,34,5.94897,2.73542
8,34,5.94897,2.73576
9,34,5.94897,2.77068
10,34,5.94897,2.7639
1,35,5.94897,3.36023
2,35,5.94897,3.2357
3,35,5.94897,3.3315
4,35,5.94897,3.25365
5,35,5.94897,3.24187
6,35,5.94897,3.32516
7,35,5.94897,3.36393
8,35,5.94897,3.38477
9,35,5.94897,3.22902
10,35,5.94897,3.24976
1,36,5.94897,2.45734
2,36,5.94897,2.62864
3,36,5.94897,2.60357
4,36,5.94897,2.58272
5,36,5.94897,2.66884
6,36,5.94897,2.6576
7,36,5.94897,2.6109
8,36,5.94897,2.66869
9,36,5.94897,2.62456
10,36,5.94897,2.59165
1,37,5.94897,2.70147
2,37,5.94897,2.69327
3,37,5.94897,2.72183
4,37,5.94897,2.64045
5,37,5.94897,2.76667
6,37,5.94897,2.77383
7,37,5.94897,2.69132
8,37,5.94897,2.75366
9,37,5.94897,2.74506
10,37,5.94897,2.79119
1,38,5.94897,2.53688
2,38,5.94897,2.5234
3,38,5.94897,2.58139
4,38,5.94897,2.5223
5,38,5.94897,2.53466
6,38,5.94897,2.53555
7,38,5.94897,2.53736
8,38,5.94897,2.51957
9,38,5.94897,2.5417
10,38,5.94897,2.56006
1,39,5.94897,2.8413
2,39,5.94897,2.85591
3,39,5.94897,2.92035
4,39,5.94897,2.88961
5,39,5.94897,2.79045
6,39,5.94897,2.89356
7,39,5.94897,2.89412
8,39,5.94897,2.85061
9,39,5.94897,2.82571
10,39,5.94897,2.88661
1,40,5.94897,2.79271
2,40,5.94897,2.62114
3,40,5.94897,2.66676
4,40,5.94897,2.65395
5,40,5.94897,2.69506
6,40,5.94897,2.64866
7,40,5.94897,2.64249
8,40,5.94897,2.59434
9,40,5.94897,2.69474
10,40,5.94897,2.65547
1,41,5.94897,2.93541
2,41,5.94897,2.90242
3,41,5.94897,2.97457
4,41,5.94897,2.97145
5,41,5.94897,2.94978
6,41,5.94897,2.93308
7,41,5.94897,2.9129
8,41,5.94897,2.8834
9,41,5.94897,2.93169
10,41,5.94897,2.98634
1,42,5.94897,2.58513
2,42,5.94897,2.62728
3,42,5.94897,2.61937
4,42,5.94897,2.71957
5,42,5.94897,2.59054
6,42,5.94897,2.71097
7,42,5.94897,2.58387
8,42,5.94897,2.6396
9,42,5.94897,2.61981
10,42,5.94897,2.6035
1,43,5.94897,2.68774
2,43,5.94897,2.65664
3,43,5.94897,2.74437
4,43,5.94897,2.68515
5,43,5.94897,2.6836
6,43,5.94897,2.62814
7,43,5.94897,2.6032
8,43,5.94897,2.66063
9,43,5.94897,2.67124
10,43,5.94897,2.63759
1,44,5.94897,2.5364
2,44,5.94897,2.59931
3,44,5.94897,2.50281
4,44,5.94897,2.52152
5,44,5.94897,2.53804
6,44,5.94897,2.5028
7,44,5.94897,2.5656
8,44,5.94897,2.6029
9,44,5.94897,2.57503
10,44,5.94897,2.63632
1,45,5.94897,3.21289
2,45,5.94897,3.0687
3,45,5.94897,3.14199
4,45,5.94897,3.16964
5,45,5.94897,3.15255
6,45,5.94897,3.14747
7,45,5.94897,3.21702
8,45,5.94897,3.1801
9,45,5.94897,3.22008
10,45,5.94897,3.16909
