rep,id,V,Cl
1,1,6.29251,2.86984
2,1,6.29251,2.86984
1,2,6.29251,2.86984
2,2,6.29251,2.86984
1,3,6.29251,2.86984
2,3,6.29251,2.86984
1,4,6.29251,2.86984
2,4,6.29251,2.86984
1,5,6.29251,2.86984
2,5,6.29251,2.86984
1,6,6.29251,2.86984
2,6,6.29251,2.86984
1,7,6.29251,2.86984
2,7,6.29251,2.86984
1,8,6.29251,2.86984
2,8,6.29251,2.86984
1,9,6.29251,2.86984
2,9,6.29251,2.86984
1,10,6.29251,2.86984
2,10,6.29251,2.86984
1,11,6.29251,2.86984
2,11,6.29251,2.86984
1,12,6.29251,2.86984
2,12,6.29251,2.86984
1,13,6.29251,2.86984
2,13,6.29251,2.86984
1,14,6.29251,2.86984
2,14,6.29251,2.86984
1,15,6.29251,2.86984
2,15,6.29251,2.86984
1,16,6.29251,2.86984
2,16,6.29251,2.86984
1,17,6.29251,2.86984
2,17,6.29251,2.86984
1,18,6.29251,2.86984
2,18,6.29251,2.86984
1,19,6.29251,2.86984
2,19,6.29251,2.86984
1,20,6.29251,2.86984
2,20,6.29251,2.86984
1,21,6.29251,2.86984
2,21,6.29251,2.86984
1,22,6.29251,2.86984
2,22,6.29251,2.86984
1,23,6.29251,2.86984
2,23,6.29251,2.86984
1,24,6.29251,2.86984
2,24,6.29251,2.86984
1,25,6.29251,2.86984
2,25,6.29251,2.86984
1,26,6.29251,2.86984
2,26,6.29251,2.86984
1,27,6.29251,2.86984
2,27,6.29251,2.86984
1,28,6.29251,2.86984
2,28,6.29251,2.86984
1,29,6.29251,2.86984
2,29,6.29251,2.86984
1,30,6.29251,2.86984
2,30,6.29251,2.86984
1,31,6.29251,2.86984
2,31,6.29251,2.86984
1,32,6.29251,2.86984
2,32,6.29251,2.86984
1,33,6.29251,2.86984
2,33,6.29251,2.86984
1,34,6.29251,2.86984
2,34,6.29251,2.86984
1,35,6.29251,2.86984
2,35,6.29251,2.86984
1,36,6.29251,2.86984
2,36,6.29251,2.86984
1,37,6.29251,2.86984
2,37,6.29251,2.86984
1,38,6.29251,2.86984
2,38,6.29251,2.86984
1,39,6.29251,2.86984
2,39,6.29251,2.86984
1,40,6.29251,2.86984
2,40,6.29251,2.86984
1,41,6.29251,2.86984
2,41,6.29251,2.86984
1,42,6.29251,2.86984
2,42,6.29251,2.86984
1,43,6.29251,2.86984
2,43,6.29251,2.86984
1,44,6.29251,2.86984
2,44,6.29251,2.86984
1,45,6.29251,2.86984
2,45,6.29251,2.86984
