rep,id,V,Cl
1,1,6.00893,2.86412
2,1,6.18764,2.81779
3,1,6.06701,2.83106
4,1,5.97172,2.80823
5,1,6.30668,2.82947
6,1,5.97316,2.78849
7,1,5.7719,2.81542
8,1,5.79631,2.81688
9,1,5.92709,2.81599
10,1,5.88647,2.80432
1,2,4.34867,2.82752
2,2,4.25493,2.78223
3,2,4.34135,2.7868
4,2,4.38081,2.79646
5,2,4.45114,2.82374
6,2,4.48671,2.83381
7,2,4.37167,2.81847
8,2,4.43608,2.79952
9,2,4.31681,2.82283
10,2,4.28028,2.7921
1,3,4.25244,2.8176
2,3,4.24901,2.81801
3,3,4.17949,2.8141
4,3,4.15044,2.80754
5,3,4.11493,2.79263
6,3,4.25464,2.83598
7,3,4.23675,2.81036
8,3,4.12301,2.80045
9,3,4.18964,2.80895
10,3,4.16894,2.81078
1,4,5.26175,2.79834
2,4,5.33603,2.81766
3,4,5.40633,2.85826
4,4,5.36752,2.80528
5,4,5.32634,2.82184
6,4,5.16592,2.80383
7,4,5.47951,2.82752
8,4,5.17022,2.82373
9,4,5.09719,2.78125
10,4,5.29421,2.8405
1,5,5.14709,2.80428
2,5,5.20648,2.79327
3,5,5.20769,2.80737
4,5,5.16588,2.82044
5,5,4.97802,2.79373
6,5,5.21079,2.81779
7,5,4.99756,2.78953
8,5,5.09648,2.81881
9,5,5.00399,2.79055
10,5,5.09758,2.81577
1,6,6.43559,2.83641
2,6,6.39123,2.79807
3,6,6.51324,2.7858
4,6,6.48052,2.83191
5,6,6.3811,2.80343
6,6,6.46448,2.81067
7,6,6.16854,2.79585
8,6,6.48774,2.77202
9,6,6.34174,2.80833
10,6,6.38449,2.83268
1,7,4.21233,2.83186
2,7,4.24536,2.81429
3,7,4.10704,2.81831
4,7,4.18013,2.80922
5,7,4.07499,2.80333
6,7,4.2119,2.80718
7,7,4.20001,2.82767
8,7,4.1882,2.8045
9,7,4.15301,2.78628
10,7,4.15161,2.8062
1,8,6.74191,2.8038
2,8,6.79929,2.81128
3,8,6.69867,2.80685
4,8,6.77295,2.80067
5,8,6.59312,2.82519
6,8,6.89491,2.80989
7,8,6.88627,2.82352
8,8,6.75218,2.82752
9,8,7.01564,2.80991
10,8,6.97336,2.82575
1,9,7.38114,2.80606
2,9,7.20394,2.80662
3,9,7.42206,2.78988
4,9,7.08592,2.78065
5,9,7.20019,2.79851
6,9,7.32656,2.80371
7,9,7.23507,2.7702
8,9,7.1399,2.81286
9,9,7.14829,2.81291
10,9,6.99306,2.78649
1,10,10.0762,2.81626
2,10,10.7282,2.79075
3,10,10.3563,2.79257
4,10,10.1477,2.81253
5,10,9.98454,2.81744
6,10,10.4314,2.8349
7,10,10.2782,2.80701
8,10,10.531,2.7948
9,10,10.0374,2.78014
10,10,10.1605,2.80234
1,11,5.82522,2.81045
2,11,5.75195,2.78994
3,11,5.64997,2.81073
4,11,5.87053,2.81915
5,11,5.68812,2.79854
6,11,5.8775,2.80367
7,11,5.993,2.79049
8,11,5.70419,2.80225
9,11,5.59285,2.77773
10,11,5.71727,2.81865
1,12,7.20304,2.8027
2,12,7.38167,2.81201
3,12,7.39476,2.77467
4,12,6.9896,2.79228
5,12,7.05441,2.82057
6,12,7.02447,2.78266
7,12,7.0571,2.79956
8,12,7.24529,2.83077
9,12,6.90408,2.79727
10,12,6.94755,2.81979
1,13,5.37277,2.81979
2,13,5.39964,2.80463
3,13,5.33959,2.77618
4,13,5.3996,2.81704
5,13,5.54091,2.8151
6,13,5.42065,2.79506
7,13,5.16173,2.80646
8,13,5.49348,2.82233
9,13,5.24585,2.80027
10,13,5.16907,2.77678
1,14,8.95334,2.78697
2,14,8.51674,2.79378
3,14,8.54564,2.79963
4,14,8.37254,2.81155
5,14,8.94559,2.80402
6,14,8.60958,2.7998
7,14,8.16838,2.79289
8,14,8.38603,2.80836
9,14,8.28751,2.8058
10,14,8.37697,2.82076
1,15,7.14428,2.80809
2,15,6.79603,2.80451
3,15,7.01404,2.77949
4,15,6.99037,2.78458
5,15,6.73242,2.80127
6,15,7.22537,2.81697
7,15,6.92698,2.80536
8,15,6.93257,2.81515
9,15,6.96237,2.78916
10,15,6.92019,2.80268
1,16,4.33061,2.78543
2,16,4.49984,2.80786
3,16,4.45413,2.82185
4,16,4.4349,2.80373
5,16,4.34678,2.78496
6,16,4.3882,2.81384
7,16,4.4298,2.79725
8,16,4.42529,2.81529
9,16,4.4756,2.81844
10,16,4.55428,2.81071
1,17,4.31548,2.79955
2,17,4.231,2.82161
3,17,4.25546,2.82704
4,17,4.24918,2.78749
5,17,4.32269,2.83508
6,17,4.19606,2.82372
7,17,4.28446,2.81316
8,17,4.32101,2.81713
9,17,4.26325,2.80383
10,17,4.26335,2.81586
1,18,5.26799,2.80441
2,18,5.44334,2.80873
3,18,5.23871,2.78504
4,18,5.44229,2.80548
5,18,5.31076,2.80219
6,18,5.21955,2.79005
7,18,5.2701,2.78698
8,18,5.32586,2.81448
9,18,5.2823,2.80375
10,18,5.3904,2.79419
1,19,5.10309,2.82473
2,19,5.21681,2.81209
3,19,5.26154,2.83384
4,19,5.2228,2.82904
5,19,5.40968,2.81372
6,19,5.21296,2.81822
7,19,5.25124,2.81925
8,19,5.30304,2.82868
9,19,5.32331,2.80511
10,19,5.24952,2.81148
1,20,6.68595,2.78923
2,20,6.78902,2.81579
3,20,6.44793,2.8059
4,20,6.37929,2.83634
5,20,6.57093,2.79198
6,20,6.52905,2.8125
7,20,6.62373,2.79845
8,20,6.61282,2.79884
9,20,6.54796,2.79581
10,20,6.5508,2.81028
1,21,4.22711,2.81433
2,21,4.14695,2.81306
3,21,4.18971,2.82694
4,21,4.17638,2.80249
5,21,4.32915,2.81886
6,21,4.20827,2.8012
7,21,4.1901,2.80722
8,21,4.27237,2.82611
9,21,4.17163,2.7809
10,21,4.18697,2.79196
1,22,6.97098,2.76636
2,22,7.38509,2.81331
3,22,7.13513,2.79237
4,22,7.46242,2.79055
5,22,7.27429,2.785
6,22,7.45519,2.80634
7,22,7.39096,2.82076
8,22,7.08105,2.81157
9,22,7.05186,2.8084
10,22,7.38141,2.78924
1,23,7.07341,2.80597
2,23,7.4942,2.79898
3,23,7.34567,2.82016
4,23,7.20361,2.82142
5,23,7.34426,2.8237
6,23,7.13352,2.79442
7,23,7.23829,2.82351
8,23,7.46525,2.77999
9,23,7.29109,2.81839
10,23,7.11787,2.82399
1,24,10.4591,2.80121
2,24,10.9895,2.81976
3,24,10.9325,2.81143
4,24,11.6206,2.81597
5,24,10.7391,2.80309
6,24,10.5807,2.80307
7,24,11.1782,2.81637
8,24,10.6423,2.80954
9,24,11.2217,2.83159
10,24,11.0963,2.79251
1,25,5.67399,2.80494
2,25,5.91602,2.81866
3,25,5.90393,2.82904
4,25,5.81566,2.76228
5,25,5.63745,2.77792
6,25,5.76209,2.79498
7,25,5.82522,2.78287
8,25,5.62621,2.7813
9,25,5.59754,2.77947
10,25,5.61425,2.79006
1,26,7.00461,2.7925
2,26,7.22046,2.79289
3,26,7.22784,2.80549
4,26,7.28637,2.7916
5,26,7.09919,2.80746
6,26,7.15818,2.77252
7,26,6.95896,2.78899
8,26,7.16701,2.80682
9,26,7.27694,2.78456
10,26,6.86015,2.81239
1,27,5.45554,2.77882
2,27,5.7248,2.80569
3,27,5.57484,2.7864
4,27,5.68011,2.78607
5,27,5.4003,2.79517
6,27,5.45214,2.7888
7,27,5.50861,2.82194
8,27,5.62048,2.8229
9,27,5.63017,2.80219
10,27,5.39986,2.79114
1,28,8.68466,2.76113
2,28,8.57404,2.82955
3,28,8.80976,2.7852
4,28,8.72555,2.76414
5,28,8.40583,2.79135
6,28,8.56002,2.79372
7,28,8.52743,2.7886
8,28,8.84787,2.81604
9,28,8.89842,2.80866
10,28,8.55789,2.7826
1,29,7.08312,2.80424
2,29,7.22074,2.83931
3,29,7.38207,2.80165
4,29,7.39007,2.83297
5,29,7.09197,2.80592
6,29,7.10947,2.85096
7,29,7.09562,2.82897
8,29,7.14797,2.81827
9,29,7.40631,2.80274
10,29,7.23841,2.81979
1,30,8.33027,2.81171
2,30,8.12296,2.83887
3,30,8.17542,2.80508
4,30,7.97601,2.79175
5,30,8.24072,2.81071
6,30,8.13487,2.80504
7,30,8.21313,2.78978
8,30,8.04241,2.82128
9,30,8.17832,2.7882
10,30,8.09804,2.79895
1,31,4.12236,2.81051
2,31,4.20821,2.80256
3,31,4.22611,2.82124
4,31,4.21986,2.82999
5,31,4.17632,2.81458
6,31,4.15251,2.78622
7,31,4.20827,2.83461
8,31,4.21873,2.82164
9,31,4.27651,2.82828
10,31,4.17711,2.83656
1,32,5.33776,2.80702
2,32,5.30169,2.81112
3,32,5.49438,2.79586
4,32,5.49339,2.83798
5,32,5.34041,2.79657
6,32,5.45295,2.83236
7,32,5.43336,2.83532
8,32,5.41722,2.80398
9,32,5.33564,2.79371
10,32,5.32823,2.80382
1,33,5.07163,2.81538
2,33,4.95576,2.78234
3,33,5.07544,2.80621
4,33,4.92466,2.78606
5,33,4.99633,2.78982
6,33,4.89524,2.81003
7,33,4.98776,2.79557
8,33,5.10825,2.81804
9,33,5.15157,2.83851
10,33,5.08701,2.80141
1,34,6.75214,2.79959
2,34,6.46566,2.79046
3,34,6.68731,2.83214
4,34,6.74285,2.82146
5,34,6.80126,2.82654
6,34,6.60559,2.83275
7,34,6.80758,2.82424
8,34,6.5926,2.81178
9,34,6.6216,2.80572
10,34,6.561,2.78968
1,35,4.21768,2.80861
2,35,4.17556,2.7854
3,35,4.1637,2.80002
4,35,4.25614,2.80732
5,35,4.21063,2.79771
6,35,4.24244,2.79825
7,35,4.24749,2.80777
8,35,4.27721,2.81563
9,35,4.26103,2.83681
10,35,4.23403,2.81485
1,36,7.40517,2.81687
2,36,7.06515,2.76864
3,36,7.40537,2.78463
4,36,7.04846,2.7904
5,36,7.02653,2.80141
6,36,7.21815,2.79856
7,36,7.04554,2.78943
8,36,7.15555,2.78234
9,36,7.32545,2.78136
10,36,6.97418,2.77276
1,37,6.81162,2.79466
2,37,6.72941,2.7914
3,37,6.70518,2.79359
4,37,6.95588,2.83878
5,37,6.75262,2.83119
6,37,6.61693,2.80432
7,37,6.58181,2.7998
8,37,6.48968,2.80415
9,37,6.76982,2.79965
10,37,6.69569,2.81697
1,38,11.2238,2.81306
2,38,11.3882,2.791
3,38,10.7842,2.77193
4,38,10.7484,2.79924
5,38,11.3838,2.77135
6,38,11.1023,2.81546
7,38,10.977,2.79117
8,38,11.0436,2.8251
9,38,11.0118,2.80411
10,38,10.9398,2.83166
1,39,5.65084,2.8048
2,39,5.68863,2.79706
3,39,5.69317,2.76444
4,39,5.79406,2.84304
5,39,5.74502,2.81455
6,39,5.60597,2.77652
7,39,5.8835,2.81501
8,39,5.70077,2.80394
9,39,5.83136,2.81122
10,39,5.59701,2.79156
1,40,7.46311,2.80603
2,40,7.30881,2.77476
3,40,6.87345,2.7946
4,40,7.14378,2.76934
5,40,6.97439,2.79439
6,40,7.11415,2.79364
7,40,7.25446,2.76929
8,40,7.22059,2.78787
9,40,7.34527,2.78636
10,40,7.32477,2.77378
1,41,5.19866,2.79242
2,41,5.3938,2.81172
3,41,5.48904,2.81193
4,41,5.42596,2.80928
5,41,5.42986,2.79742
6,41,5.31444,2.80765
7,41,5.56459,2.80926
8,41,5.49263,2.8105
9,41,5.46976,2.82169
10,41,5.52346,2.82078
1,42,8.34123,2.82129
2,42,8.48841,2.84214
3,42,8.29795,2.79239
4,42,8.23156,2.81019
5,42,8.4704,2.81868
6,42,8.04778,2.78877
7,42,8.45359,2.81635
8,42,8.01954,2.80326
9,42,8.16645,2.80065
10,42,8.26946,2.82254
1,43,7.08558,2.81171
2,43,7.15974,2.81096
3,43,7.10286,2.81582
4,43,7.29525,2.83556
5,43,7.03609,2.82446
6,43,7.03175,2.78894
7,43,6.96446,2.77703
8,43,6.94701,2.80263
9,43,7.09819,2.77597
10,43,7.11987,2.80406
1,44,8.08423,2.80307
2,44,8.05469,2.78092
3,44,7.9639,2.78195
4,44,8.29186,2.80607
5,44,8.12537,2.77792
6,44,8.18978,2.7932
7,44,7.92061,2.79129
8,44,7.93612,2.78505
9,44,8.164,2.78712
10,44,7.73864,2.76622
1,45,4.58802,2.79515
2,45,4.64735,2.79356
3,45,4.62811,2.79924
4,45,4.53428,2.76626
5,45,4.5996,2.79226
6,45,4.63632,2.79431
7,45,4.67239,2.78295
8,45,4.64193,2.83343
9,45,4.69189,2.81641
10,45,4.62555,2.78568
