rep,id,Cl,V1,Q,V2,S,R0,gamma,MTT
1,1,2.82258,0.3889,2.34107,5.06334,20.1524,983.171,0.435705,84.873
2,1,2.82616,0.39501,2.34107,4.98534,20.0946,983.171,0.435705,84.9385
3,1,2.83247,0.417022,2.34107,4.9427,20.2637,983.171,0.435705,84.9434
4,1,2.81198,0.39834,2.34107,4.9785,20.0143,983.171,0.435705,84.8189
5,1,2.82196,0.39893,2.34107,4.92964,20.2727,983.171,0.435705,84.9972
6,1,2.82937,0.419746,2.34107,4.9583,20.2863,983.171,0.435705,84.8828
7,1,2.82443,0.430926,2.34107,4.94447,20.0487,983.171,0.435705,84.9839
8,1,2.81527,0.398265,2.34107,4.87026,19.7689,983.171,0.435705,84.8967
9,1,2.81423,0.390765,2.34107,4.95012,20.0904,983.171,0.435705,84.952
10,1,2.82159,0.398656,2.34107,5.08468,20.1229,983.171,0.435705,85.0746
1,2,2.82377,0.490883,2.34107,4.85907,20.0041,983.171,0.435705,84.9877
2,2,2.81189,0.512428,2.34107,5.09866,19.759,983.171,0.435705,84.8532
3,2,2.81566,0.576893,2.34107,4.99666,20.0712,983.171,0.435705,84.9387
4,2,2.83881,0.538601,2.34107,4.9923,20.416,983.171,0.435705,84.9744
5,2,2.82204,0.514988,2.34107,4.84864,20.1074,983.171,0.435705,85.2338
6,2,2.80356,0.529964,2.34107,4.93999,20.1578,983.171,0.435705,84.8496
7,2,2.81112,0.491824,2.34107,4.88324,20.0607,983.171,0.435705,85.0482
8,2,2.81598,0.519843,2.34107,4.90587,20.2027,983.171,0.435705,84.9409
9,2,2.83001,0.49036,2.34107,4.80508,20.0178,983.171,0.435705,85.1368
10,2,2.82989,0.555903,2.34107,4.97666,20.1176,983.171,0.435705,85.13
1,3,2.83467,1.0024,2.34107,5.08517,19.9404,983.171,0.435705,85.1469
2,3,2.82407,0.950573,2.34107,4.96793,20.081,983.171,0.435705,85.2906
3,3,2.83309,0.978636,2.34107,5.10712,19.8652,983.171,0.435705,85.0848
4,3,2.82543,0.989251,2.34107,4.91368,19.9205,983.171,0.435705,85.227
5,3,2.82566,0.986695,2.34107,4.97361,20.4101,983.171,0.435705,84.9236
6,3,2.84607,0.979117,2.34107,4.95758,20.1674,983.171,0.435705,85.1325
7,3,2.84149,0.968468,2.34107,5.00089,20.104,983.171,0.435705,85.2925
8,3,2.81788,0.954144,2.34107,4.98635,20.2657,983.171,0.435705,85.0692
9,3,2.8252,0.926986,2.34107,4.91824,19.8406,983.171,0.435705,84.678
10,3,2.82398,1.0048,2.34107,4.91589,19.7798,983.171,0.435705,84.9851
1,4,2.80687,0.713509,2.34107,4.98733,19.9285,983.171,0.435705,85.0376
2,4,2.82299,0.704148,2.34107,4.83174,20.0353,983.171,0.435705,84.9808
3,4,2.82101,0.699877,2.34107,4.94983,20.3186,983.171,0.435705,84.9955
4,4,2.83667,0.702783,2.34107,4.9184,20.0869,983.171,0.435705,85.0062
5,4,2.82159,0.673219,2.34107,4.87538,20.0342,983.171,0.435705,84.783
6,4,2.80851,0.708969,2.34107,4.97927,20.1716,983.171,0.435705,85.2304
7,4,2.83472,0.709349,2.34107,4.89905,20.103,983.171,0.435705,85.022
8,4,2.8159,0.714382,2.34107,4.93219,20.3815,983.171,0.435705,84.7922
9,4,2.82342,0.753616,2.34107,4.99107,20.0155,983.171,0.435705,85.1597
10,4,2.82277,0.707411,2.34107,4.97781,19.9352,983.171,0.435705,85.0472
1,5,2.81387,1.1791,2.34107,4.87155,20.1328,983.171,0.435705,85.0907
2,5,2.81837,1.11287,2.34107,4.92967,19.8319,983.171,0.435705,85.1854
3,5,2.82884,1.13316,2.34107,4.74005,20.1153,983.171,0.435705,84.9439
4,5,2.8153,1.08041,2.34107,4.83393,20.2849,983.171,0.435705,85.1234
5,5,2.82532,1.1414,2.34107,4.82404,19.9707,983.171,0.435705,85.1468
6,5,2.81562,1.17963,2.34107,4.91167,20.1263,983.171,0.435705,84.9114
7,5,2.82334,1.20262,2.34107,4.80733,20.2712,983.171,0.435705,85.2197
8,5,2.82092,1.18537,2.34107,4.93491,20.0505,983.171,0.435705,84.9694
9,5,2.8079,1.18039,2.34107,4.86215,19.8748,983.171,0.435705,85.133
10,5,2.81483,1.1668,2.34107,4.87266,20.0963,983.171,0.435705,85.1796
1,6,2.80459,1.01088,2.34107,4.91821,20.2158,983.171,0.435705,85.1118
2,6,2.8369,1.04922,2.34107,4.88158,20.3504,983.171,0.435705,84.8726
3,6,2.82066,1.02043,2.34107,4.97139,20.1001,983.171,0.435705,84.9767
4,6,2.83124,0.978334,2.34107,4.8339,20.1104,983.171,0.435705,84.9981
5,6,2.81292,1.03468,2.34107,4.9451,20.1491,983.171,0.435705,85.1317
6,6,2.8081,0.987097,2.34107,4.90557,19.9318,983.171,0.435705,85.11
7,6,2.8167,1.00498,2.34107,4.90645,19.8075,983.171,0.435705,84.8329
8,6,2.81703,0.955526,2.34107,4.87958,20.0731,983.171,0.435705,84.9922
9,6,2.82714,0.984794,2.34107,4.77254,20.0914,983.171,0.435705,84.931
10,6,2.83686,1.01268,2.34107,4.86065,19.8309,983.171,0.435705,85.0642
1,7,2.82411,0.75777,2.34107,4.88449,20.2628,983.171,0.435705,85.0324
2,7,2.82399,0.723779,2.34107,5.0969,19.9739,983.171,0.435705,84.7302
3,7,2.83107,0.738551,2.34107,5.03018,20.2197,983.171,0.435705,85.3335
4,7,2.84142,0.736661,2.34107,4.93276,20.0696,983.171,0.435705,85.2266
5,7,2.82753,0.760263,2.34107,4.95401,19.9383,983.171,0.435705,84.9472
6,7,2.81986,0.711528,2.34107,5.00612,20.3469,983.171,0.435705,84.8486
7,7,2.8259,0.763765,2.34107,4.91821,20.121,983.171,0.435705,85.0763
8,7,2.82762,0.723515,2.34107,4.9071,19.9682,983.171,0.435705,84.9959
9,7,2.82039,0.698214,2.34107,5.04183,19.981,983.171,0.435705,85.1237
10,7,2.8293,0.745116,2.34107,4.97489,20.0171,983.171,0.435705,85.3752
1,8,2.80954,1.03656,2.34107,4.79954,20.1861,983.171,0.435705,85.0425
2,8,2.82942,1.10047,2.34107,4.88302,20.1177,983.171,0.435705,85.0003
3,8,2.80956,0.974127,2.34107,4.98618,20.2035,983.171,0.435705,85.1401
4,8,2.82797,1.00906,2.34107,4.91428,20.046,983.171,0.435705,84.8874
5,8,2.82077,1.04426,2.34107,5.02905,19.9704,983.171,0.435705,84.9546
6,8,2.82907,1.10793,2.34107,4.97581,20.0885,983.171,0.435705,85.2014
7,8,2.83547,1.03951,2.34107,4.91722,20.0808,983.171,0.435705,85.0592
8,8,2.83162,1.05574,2.34107,4.90636,19.79,983.171,0.435705,85.1367
9,8,2.82747,1.09384,2.34107,4.92391,19.7982,983.171,0.435705,85.2328
10,8,2.82876,1.05905,2.34107,4.86264,20.019,983.171,0.435705,84.639
1,9,2.81893,0.882547,2.34107,4.96782,19.8877,983.171,0.435705,85.2943
2,9,2.83432,0.858909,2.34107,5.05327,20.147,983.171,0.435705,85.127
3,9,2.80912,0.895508,2.34107,4.99055,20.0241,983.171,0.435705,85.1334
4,9,2.82547,0.912173,2.34107,4.99541,19.7667,983.171,0.435705,85.0843
5,9,2.80441,0.913639,2.34107,4.98088,20.2685,983.171,0.435705,85.2089
6,9,2.81983,0.894481,2.34107,5.00402,20.1514,983.171,0.435705,84.9072
7,9,2.82487,0.855144,2.34107,4.81605,20.0087,983.171,0.435705,84.9673
8,9,2.82404,0.863674,2.34107,5.01824,20.3848,983.171,0.435705,85.1724
9,9,2.82486,0.849085,2.34107,4.93089,20.0198,983.171,0.435705,85.0269
10,9,2.83438,0.941731,2.34107,5.05502,20.2171,983.171,0.435705,84.9985
1,10,2.81833,0.947293,2.34107,4.93964,19.9233,983.171,0.435705,85.0122
2,10,2.83785,0.941432,2.34107,4.95824,20.2867,983.171,0.435705,84.9276
3,10,2.82969,0.912764,2.34107,5.02949,20.2047,983.171,0.435705,84.979
4,10,2.82798,0.893942,2.34107,4.8435,19.9077,983.171,0.435705,84.8584
5,10,2.82511,0.890265,2.34107,4.94639,20.0844,983.171,0.435705,85.0901
6,10,2.82531,0.934769,2.34107,4.91898,20.0668,983.171,0.435705,85.2495
7,10,2.81792,0.911252,2.34107,4.93975,19.7988,983.171,0.435705,85.0027
8,10,2.80893,0.959356,2.34107,4.96124,19.7979,983.171,0.435705,85.1588
9,10,2.8192,0.936166,2.34107,4.92547,20.0937,983.171,0.435705,85.0675
10,10,2.81622,0.929439,2.34107,4.9672,20.1867,983.171,0.435705,85.3226
1,11,2.81551,1.36412,2.34107,4.89315,19.9291,983.171,0.435705,85.0486
2,11,2.81314,1.24989,2.34107,5.00474,20.1808,983.171,0.435705,84.8318
3,11,2.79796,1.24229,2.34107,5.08528,20.2466,983.171,0.435705,85.0023
4,11,2.82439,1.35469,2.34107,4.94662,20.4649,983.171,0.435705,84.9783
5,11,2.83134,1.40586,2.34107,4.94828,20.137,983.171,0.435705,85.1017
6,11,2.81814,1.40408,2.34107,4.97518,20.2256,983.171,0.435705,85.0537
7,11,2.81165,1.32197,2.34107,4.99139,20.1132,983.171,0.435705,85.014
8,11,2.8237,1.35076,2.34107,4.93159,20.2021,983.171,0.435705,84.8109
9,11,2.81612,1.35661,2.34107,4.8939,20.1989,983.171,0.435705,84.8092
10,11,2.81458,1.31068,2.34107,4.85947,20.1953,983.171,0.435705,84.8633
1,12,2.82119,0.554269,2.34107,4.93676,19.9433,983.171,0.435705,85.1844
2,12,2.80891,0.548566,2.34107,4.91745,19.9784,983.171,0.435705,85.4919
3,12,2.82897,0.550645,2.34107,4.89658,20.0244,983.171,0.435705,85.19
4,12,2.82595,0.570614,2.34107,4.87077,20.3514,983.171,0.435705,85.0539
5,12,2.82135,0.602265,2.34107,4.97663,20.1026,983.171,0.435705,85.1137
6,12,2.81817,0.53945,2.34107,4.86738,20.0774,983.171,0.435705,85.0781
7,12,2.8247,0.619334,2.34107,4.91195,20.1456,983.171,0.435705,84.9185
8,12,2.82045,0.565109,2.34107,4.9572,19.991,983.171,0.435705,84.7615
9,12,2.80125,0.554869,2.34107,4.91263,19.8017,983.171,0.435705,85.16
10,12,2.82368,0.588736,2.34107,5.04611,20.2659,983.171,0.435705,84.8328
1,13,2.82055,0.583842,2.34107,4.93089,20.0542,983.171,0.435705,84.8125
2,13,2.82159,0.577067,2.34107,5.09871,19.6424,983.171,0.435705,84.9439
3,13,2.84013,0.566306,2.34107,4.902,20.1275,983.171,0.435705,84.9194
4,13,2.82182,0.564667,2.34107,5.0106,19.8607,983.171,0.435705,85.033
5,13,2.8388,0.576716,2.34107,4.99458,19.5864,983.171,0.435705,84.935
6,13,2.82307,0.583988,2.34107,5.03955,20.0565,983.171,0.435705,85.2185
7,13,2.82667,0.590788,2.34107,4.92465,20.1477,983.171,0.435705,85.3398
8,13,2.82325,0.578641,2.34107,5.02773,20.2146,983.171,0.435705,85.2728
9,13,2.81901,0.571235,2.34107,5.00817,20.0182,983.171,0.435705,85.1134
10,13,2.8206,0.600144,2.34107,5.06167,20.0338,983.171,0.435705,84.9722
1,14,2.82867,0.646192,2.34107,4.89332,19.9971,983.171,0.435705,85.0275
2,14,2.81884,0.673998,2.34107,5.05638,20.049,983.171,0.435705,85.0319
3,14,2.81537,0.644611,2.34107,4.96598,20.0271,983.171,0.435705,84.8233
4,14,2.82398,0.650634,2.34107,4.84266,20.2745,983.171,0.435705,85.0054
5,14,2.82301,0.637999,2.34107,4.98489,20.2072,983.171,0.435705,85.1057
6,14,2.81966,0.650648,2.34107,4.97086,20.04,983.171,0.435705,84.8661
7,14,2.81839,0.65113,2.34107,4.9691,20.3983,983.171,0.435705,84.9193
8,14,2.81176,0.628224,2.34107,4.95508,20.0912,983.171,0.435705,84.8955
9,14,2.81834,0.597276,2.34107,4.90049,20.2698,983.171,0.435705,85.0237
10,14,2.80553,0.651744,2.34107,4.99255,19.9432,983.171,0.435705,84.8411
1,15,2.82,0.658841,2.34107,4.97117,20.0068,983.171,0.435705,85.186
2,15,2.81758,0.611609,2.34107,4.99011,20.0523,983.171,0.435705,85.1438
3,15,2.82525,0.629698,2.34107,4.83182,19.7791,983.171,0.435705,84.8939
4,15,2.81487,0.661071,2.34107,5.06189,19.9425,983.171,0.435705,84.8781
5,15,2.81648,0.656805,2.34107,4.86115,19.9255,983.171,0.435705,84.899
6,15,2.83254,0.682171,2.34107,5.03748,19.8481,983.171,0.435705,85.0181
7,15,2.82466,0.634416,2.34107,5.05308,19.9791,983.171,0.435705,85.0598
8,15,2.82507,0.659838,2.34107,4.91124,20.0362,983.171,0.435705,84.7902
9,15,2.81624,0.653149,2.34107,5.01886,20.0349,983.171,0.435705,84.9354
10,15,2.82503,0.661432,2.34107,4.92826,19.9563,983.171,0.435705,85.0636
1,16,2.82268,0.604156,2.34107,5.02874,20.2065,983.171,0.435705,85.0596
2,16,2.812,0.593389,2.34107,4.81977,19.8901,983.171,0.435705,84.9907
3,16,2.81283,0.620516,2.34107,4.97779,20.1324,983.171,0.435705,85.0412
4,16,2.81222,0.62236,2.34107,4.92633,20.3529,983.171,0.435705,84.8913
5,16,2.82059,0.632089,2.34107,4.96343,19.801,983.171,0.435705,85.0091
6,16,2.82412,0.602668,2.34107,4.96237,20.0976,983.171,0.435705,84.7516
7,16,2.82457,0.62555,2.34107,4.92423,20.0689,983.171,0.435705,85.2465
8,16,2.82968,0.626523,2.34107,5.00759,20.0741,983.171,0.435705,85.1453
9,16,2.81339,0.611878,2.34107,4.9702,20.2064,983.171,0.435705,85.2654
10,16,2.83654,0.625946,2.34107,5.04827,20.0694,983.171,0.435705,85.2011
1,17,2.82128,0.496707,2.34107,4.87208,20.021,983.171,0.435705,84.9252
2,17,2.81677,0.473655,2.34107,4.87638,19.8462,983.171,0.435705,84.7699
3,17,2.81693,0.487621,2.34107,4.80804,20.2798,983.171,0.435705,85.2331
4,17,2.83622,0.481405,2.34107,4.91279,20.2051,983.171,0.435705,85.1239
5,17,2.81466,0.491024,2.34107,4.97097,20.1174,983.171,0.435705,85.2829
6,17,2.82904,0.517902,2.34107,4.97205,20.0497,983.171,0.435705,85.0824
7,17,2.81912,0.498417,2.34107,4.97563,20.2462,983.171,0.435705,84.9183
8,17,2.82831,0.506785,2.34107,4.89443,20.5243,983.171,0.435705,84.855
9,17,2.81962,0.477788,2.34107,4.91371,20.0583,983.171,0.435705,85.1305
10,17,2.81768,0.525623,2.34107,4.9171,20.2796,983.171,0.435705,84.9974
1,18,2.81685,0.609667,2.34107,4.88698,19.842,983.171,0.435705,84.8926
2,18,2.83389,0.659283,2.34107,4.97241,20.1175,983.171,0.435705,84.6942
3,18,2.81709,0.615869,2.34107,4.89103,20.4641,983.171,0.435705,84.8161
4,18,2.82029,0.641669,2.34107,5.00858,20.1258,983.171,0.435705,84.9737
5,18,2.81756,0.614471,2.34107,4.87669,20.0896,983.171,0.435705,85.1301
6,18,2.80567,0.626214,2.34107,4.91082,20.1774,983.171,0.435705,84.9038
7,18,2.80522,0.626195,2.34107,5.0141,19.9518,983.171,0.435705,84.9502
8,18,2.81854,0.652156,2.34107,5.0273,19.9461,983.171,0.435705,85.1785
9,18,2.82458,0.645465,2.34107,4.89807,20.3715,983.171,0.435705,85.1298
10,18,2.81163,0.633812,2.34107,4.93101,20.1113,983.171,0.435705,85.1009
1,19,2.82882,0.989566,2.34107,4.86813,20.1249,983.171,0.435705,85.1376
2,19,2.83548,0.932001,2.34107,4.86453,20.3033,983.171,0.435705,85.0809
3,19,2.82319,0.959114,2.34107,4.99494,19.9486,983.171,0.435705,85.3366
4,19,2.81654,0.949319,2.34107,4.89143,20.0638,983.171,0.435705,85.2916
5,19,2.82698,0.933874,2.34107,4.986,20.2783,983.171,0.435705,84.9145
6,19,2.82959,0.999125,2.34107,4.93119,20.0333,983.171,0.435705,85.3934
7,19,2.80624,0.931201,2.34107,4.91872,19.8487,983.171,0.435705,85.2067
8,19,2.81861,0.932843,2.34107,4.88275,19.7982,983.171,0.435705,85.0172
9,19,2.83102,0.937019,2.34107,4.8436,19.9868,983.171,0.435705,85.1914
10,19,2.8157,0.932674,2.34107,4.91721,19.7187,983.171,0.435705,85.1101
1,20,2.83492,0.499685,2.34107,4.95723,19.7968,983.171,0.435705,85.1305
2,20,2.82184,0.494193,2.34107,4.95464,20.0182,983.171,0.435705,85.1432
3,20,2.80139,0.516249,2.34107,5.06682,20.2347,983.171,0.435705,85.1298
4,20,2.82865,0.503577,2.34107,5.03116,20.2143,983.171,0.435705,85.0963
5,20,2.82026,0.485787,2.34107,4.97651,19.9189,983.171,0.435705,84.8153
6,20,2.82366,0.501909,2.34107,4.98933,20.0351,983.171,0.435705,85.1216
7,20,2.81784,0.474572,2.34107,5.01003,19.7929,983.171,0.435705,84.9726
8,20,2.81532,0.478941,2.34107,4.94957,19.9167,983.171,0.435705,84.9721
9,20,2.82383,0.471289,2.34107,4.96027,20.2482,983.171,0.435705,85.1148
10,20,2.81908,0.517958,2.34107,4.98671,20.1678,983.171,0.435705,85.1649
1,21,2.8096,0.73568,2.34107,4.93094,19.741,983.171,0.435705,84.7979
2,21,2.81902,0.822099,2.34107,4.94097,20.0608,983.171,0.435705,85.3446
3,21,2.82574,0.766642,2.34107,4.94512,20.2744,983.171,0.435705,84.9812
4,21,2.82041,0.805139,2.34107,4.97756,19.9556,983.171,0.435705,85.1996
5,21,2.82149,0.755522,2.34107,5.04386,20.2086,983.171,0.435705,85.2632
6,21,2.82032,0.770567,2.34107,4.82907,20.2533,983.171,0.435705,84.9704
7,21,2.81517,0.747636,2.34107,5.02172,20.0388,983.171,0.435705,84.8516
8,21,2.8317,0.754597,2.34107,4.96308,19.9846,983.171,0.435705,84.8986
9,21,2.83294,0.782867,2.34107,4.87211,20.0528,983.171,0.435705,84.913
10,21,2.81432,0.760635,2.34107,4.93187,20.1853,983.171,0.435705,85.0566
1,22,2.81896,0.478597,2.34107,4.9179,19.821,983.171,0.435705,84.7905
2,22,2.81122,0.456021,2.34107,4.90653,20.4271,983.171,0.435705,84.7516
3,22,2.82683,0.432784,2.34107,4.83596,19.9267,983.171,0.435705,84.9281
4,22,2.81166,0.444484,2.34107,4.96742,19.7389,983.171,0.435705,84.8426
5,22,2.81305,0.451068,2.34107,4.99907,20.2982,983.171,0.435705,84.824
6,22,2.81701,0.471824,2.34107,4.93278,20.1469,983.171,0.435705,85.1902
7,22,2.82248,0.465822,2.34107,5.09103,20.2483,983.171,0.435705,84.8
8,22,2.82732,0.486236,2.34107,4.87421,20.1065,983.171,0.435705,85.2212
9,22,2.83103,0.435258,2.34107,4.83234,20.3791,983.171,0.435705,85.1591
10,22,2.80947,0.450657,2.34107,5.01443,19.799,983.171,0.435705,84.7148
1,23,2.81148,1.15404,2.34107,4.88324,20.2112,983.171,0.435705,84.8202
2,23,2.82024,1.30799,2.34107,4.98947,20.0018,983.171,0.435705,85.0069
3,23,2.83005,1.2574,2.34107,5.03502,20.0728,983.171,0.435705,84.7722
4,23,2.83357,1.2592,2.34107,4.9817,19.9183,983.171,0.435705,84.8643
5,23,2.82804,1.27028,2.34107,4.98371,20.0359,983.171,0.435705,85.0186
6,23,2.82664,1.16107,2.34107,4.89227,19.9016,983.171,0.435705,85.0623
7,23,2.82287,1.18428,2.34107,4.88694,20.2579,983.171,0.435705,85.0067
8,23,2.83543,1.32065,2.34107,5.09652,20.2363,983.171,0.435705,84.928
9,23,2.81578,1.21861,2.34107,4.9079,20.0842,983.171,0.435705,85.0249
10,23,2.82782,1.19883,2.34107,4.86755,20.3715,983.171,0.435705,85.0405
1,24,2.8233,0.783606,2.34107,5.00695,20.1187,983.171,0.435705,84.9497
2,24,2.81624,0.746798,2.34107,4.93748,20.0032,983.171,0.435705,84.9718
3,24,2.8182,0.764749,2.34107,5.07989,20.1333,983.171,0.435705,84.8225
4,24,2.80614,0.755462,2.34107,4.9386,19.9994,983.171,0.435705,85.0739
5,24,2.82821,0.745049,2.34107,4.92334,20.5948,983.171,0.435705,84.9115
6,24,2.81725,0.748884,2.34107,4.94982,19.9751,983.171,0.435705,84.8806
7,24,2.82587,0.735986,2.34107,5.01553,19.9142,983.171,0.435705,84.9279
8,24,2.79875,0.726823,2.34107,4.99402,19.9618,983.171,0.435705,84.6702
9,24,2.81364,0.714898,2.34107,4.89802,20.2659,983.171,0.435705,84.8105
10,24,2.83011,0.75989,2.34107,4.92678,20.0641,983.171,0.435705,84.8403
1,25,2.82556,0.644102,2.34107,5.01852,20.1839,983.171,0.435705,85.0507
2,25,2.81597,0.658187,2.34107,4.91517,20.1899,983.171,0.435705,85.0765
3,25,2.82288,0.613105,2.34107,5.00544,20.3206,983.171,0.435705,85.0052
4,25,2.83035,0.649384,2.34107,4.86582,20.4395,983.171,0.435705,85.1337
5,25,2.81648,0.669418,2.34107,5.07605,20.2349,983.171,0.435705,85.0131
6,25,2.81557,0.647807,2.34107,5.11595,19.9073,983.171,0.435705,85.3346
7,25,2.81941,0.628669,2.34107,4.95856,20.0876,983.171,0.435705,85.1889
8,25,2.83013,0.651538,2.34107,5.01225,20.234,983.171,0.435705,84.8006
9,25,2.83187,0.648299,2.34107,4.9668,20.2276,983.171,0.435705,84.879
10,25,2.84175,0.651792,2.34107,4.97521,20.1314,983.171,0.435705,85.0396
1,26,2.80947,0.535151,2.34107,4.92373,20.0001,983.171,0.435705,84.822
2,26,2.84392,0.536873,2.34107,4.9863,20.1452,983.171,0.435705,85.0343
3,26,2.8282,0.537661,2.34107,4.92625,20.1146,983.171,0.435705,85.0699
4,26,2.8091,0.537247,2.34107,4.90654,19.9672,983.171,0.435705,85.0823
5,26,2.82434,0.541657,2.34107,5.05185,20.1062,983.171,0.435705,85.0012
6,26,2.81588,0.525368,2.34107,4.97018,20.3122,983.171,0.435705,85.1077
7,26,2.82336,0.531968,2.34107,4.92127,19.9932,983.171,0.435705,85.0745
8,26,2.81769,0.546849,2.34107,4.88281,19.7998,983.171,0.435705,85.1053
9,26,2.82179,0.529043,2.34107,5.01691,19.8437,983.171,0.435705,85.0793
10,26,2.81816,0.510622,2.34107,4.96035,19.9268,983.171,0.435705,84.8707
1,27,2.8307,0.593049,2.34107,4.91708,20.0124,983.171,0.435705,84.8552
2,27,2.83075,0.595955,2.34107,5.01204,19.9031,983.171,0.435705,85.0988
3,27,2.81134,0.600062,2.34107,4.94572,19.901,983.171,0.435705,85.1618
4,27,2.8277,0.577219,2.34107,4.97114,20.5873,983.171,0.435705,85.094
5,27,2.82721,0.648823,2.34107,5.12107,20.3099,983.171,0.435705,85.1613
6,27,2.82204,0.583576,2.34107,4.92351,19.9636,983.171,0.435705,85.474
7,27,2.83432,0.592192,2.34107,4.94164,19.905,983.171,0.435705,85.0745
8,27,2.81742,0.605786,2.34107,4.97228,20.3247,983.171,0.435705,84.9555
9,27,2.83201,0.610719,2.34107,4.95869,20.0981,983.171,0.435705,85.066
10,27,2.84982,0.61725,2.34107,4.95841,20.1251,983.171,0.435705,85.172
1,28,2.83448,0.933604,2.34107,4.99118,19.8782,983.171,0.435705,85.2396
2,28,2.83283,0.97559,2.34107,5.09523,20.0935,983.171,0.435705,84.9256
3,28,2.82477,1.00162,2.34107,5.04227,20.1281,983.171,0.435705,85.0259
4,28,2.82122,0.919893,2.34107,5.06178,19.9977,983.171,0.435705,85.1554
5,28,2.81397,0.938719,2.34107,5.04986,19.8863,983.171,0.435705,85.0517
6,28,2.82637,0.964698,2.34107,4.98272,20.0207,983.171,0.435705,85.1251
7,28,2.82692,0.979456,2.34107,4.91489,20.0161,983.171,0.435705,84.7957
8,28,2.82113,0.885331,2.34107,5.02292,20.0863,983.171,0.435705,85.2079
9,28,2.83325,0.984979,2.34107,5.12821,20.0211,983.171,0.435705,85.0446
10,28,2.8167,1.02303,2.34107,5.00942,20.1107,983.171,0.435705,85.1489
1,29,2.81202,0.59176,2.34107,4.95773,20.547,983.171,0.435705,84.8094
2,29,2.81262,0.639096,2.34107,5.01049,19.8901,983.171,0.435705,85.1298
3,29,2.81553,0.647676,2.34107,5.03291,19.719,983.171,0.435705,84.8858
4,29,2.81842,0.614394,2.34107,4.97726,20.1745,983.171,0.435705,84.7528
5,29,2.80969,0.611059,2.34107,4.94053,20.0736,983.171,0.435705,85.0239
6,29,2.8238,0.606716,2.34107,4.99438,20.0872,983.171,0.435705,85.0347
7,29,2.83578,0.671594,2.34107,4.93012,20.2663,983.171,0.435705,85.031
8,29,2.81691,0.60559,2.34107,5.00341,19.7575,983.171,0.435705,85.0523
9,29,2.82006,0.632517,2.34107,4.97082,19.741,983.171,0.435705,84.7615
10,29,2.82172,0.607737,2.34107,4.84979,20.0848,983.171,0.435705,85.0878
1,30,2.80419,1.08962,2.34107,4.9798,19.7907,983.171,0.435705,85.131
2,30,2.82832,1.13048,2.34107,5.00417,20.3361,983.171,0.435705,84.9937
3,30,2.82958,1.11079,2.34107,4.96379,19.6318,983.171,0.435705,84.9702
4,30,2.83222,1.18639,2.34107,5.04054,20.009,983.171,0.435705,85.0792
5,30,2.82579,1.0898,2.34107,4.8952,20.1748,983.171,0.435705,85.16
6,30,2.82068,1.12529,2.34107,4.88448,20.5285,983.171,0.435705,85.1499
7,30,2.82449,1.05313,2.34107,4.81582,20.2266,983.171,0.435705,85.0335
8,30,2.80672,1.07622,2.34107,4.96125,19.975,983.171,0.435705,85.0399
9,30,2.82396,1.13313,2.34107,4.90926,20.0016,983.171,0.435705,84.9583
10,30,2.80497,1.10636,2.34107,4.98246,20.3755,983.171,0.435705,85.1096
1,31,2.8101,0.800454,2.34107,4.78188,20.0826,983.171,0.435705,85.0319
2,31,2.81301,0.776041,2.34107,4.93803,20.1195,983.171,0.435705,85.1405
3,31,2.83085,0.808426,2.34107,5.08996,20.1377,983.171,0.435705,84.9406
4,31,2.80623,0.773661,2.34107,5.00603,20.4531,983.171,0.435705,85.0513
5,31,2.82648,0.820905,2.34107,4.99653,19.8339,983.171,0.435705,84.9924
6,31,2.81701,0.839674,2.34107,5.09385,19.8664,983.171,0.435705,84.7842
7,31,2.81941,0.770465,2.34107,4.95698,20.2239,983.171,0.435705,84.7223
8,31,2.82073,0.783299,2.34107,5.04089,19.933,983.171,0.435705,85.0092
9,31,2.82312,0.825747,2.34107,4.97844,19.8813,983.171,0.435705,85.0958
10,31,2.81824,0.841807,2.34107,5.00822,20.2597,983.171,0.435705,84.9199
1,32,2.82348,0.33836,2.34107,4.93465,19.6472,983.171,0.435705,85.1003
2,32,2.82462,0.312833,2.34107,4.94216,19.7527,983.171,0.435705,85.0824
3,32,2.81402,0.31885,2.34107,5.00596,20.1103,983.171,0.435705,84.952
4,32,2.81018,0.313726,2.34107,5.00676,19.8444,983.171,0.435705,84.9747
5,32,2.8133,0.31985,2.34107,5.05244,20.1904,983.171,0.435705,85.1089
6,32,2.82937,0.332028,2.34107,5.02642,20.1544,983.171,0.435705,85.0252
7,32,2.82203,0.337796,2.34107,4.92638,20.1514,983.171,0.435705,85.0664
8,32,2.81492,0.335497,2.34107,5.01232,20.0247,983.171,0.435705,84.9683
9,32,2.81848,0.339467,2.34107,4.94741,20.1518,983.171,0.435705,85.0176
10,32,2.80754,0.328317,2.34107,5.08078,19.8823,983.171,0.435705,85.014
1,33,2.82021,0.788101,2.34107,4.98308,20.3051,983.171,0.435705,85.093
2,33,2.8174,0.778164,2.34107,5.04683,20.2377,983.171,0.435705,84.9601
3,33,2.82408,0.818749,2.34107,5.06837,19.9658,983.171,0.435705,84.8545
4,33,2.82594,0.812846,2.34107,5.05857,19.6792,983.171,0.435705,85.0742
5,33,2.82748,0.769412,2.34107,4.86613,19.8963,983.171,0.435705,85.0688
6,33,2.83523,0.697341,2.34107,4.90727,19.9597,983.171,0.435705,84.7715
7,33,2.80378,0.798749,2.34107,4.9442,19.8656,983.171,0.435705,85.2722
8,33,2.83154,0.830196,2.34107,5.04302,19.9881,983.171,0.435705,84.8858
9,33,2.81059,0.787099,2.34107,5.056,20.0496,983.171,0.435705,84.902
10,33,2.81697,0.767516,2.34107,4.94773,20.1566,983.171,0.435705,85.114
1,34,2.82554,0.933692,2.34107,4.98419,20.2607,983.171,0.435705,84.7958
2,34,2.81038,0.873992,2.34107,4.86931,19.9693,983.171,0.435705,84.9869
3,34,2.82843,0.928366,2.34107,4.97532,20.2934,983.171,0.435705,84.8563
4,34,2.82838,0.904682,2.34107,4.89788,20.2517,983.171,0.435705,84.7828
5,34,2.82618,0.929642,2.34107,4.95604,20.0996,983.171,0.435705,84.8477
6,34,2.83352,0.914609,2.34107,4.90907,20.2424,983.171,0.435705,84.6309
7,34,2.81327,0.974955,2.34107,4.99933,20.1846,983.171,0.435705,84.9095
8,34,2.82199,0.940941,2.34107,5.11064,20.2966,983.171,0.435705,84.9961
9,34,2.82234,0.939979,2.34107,4.9237,19.9939,983.171,0.435705,85.0301
10,34,2.82329,0.933926,2.34107,4.91037,20.1802,983.171,0.435705,84.9458
1,35,2.83083,0.503784,2.34107,4.94736,19.9272,983.171,0.435705,85.2142
2,35,2.81195,0.491905,2.34107,5.11942,20.1371,983.171,0.435705,84.8988
3,35,2.82381,0.508627,2.34107,5.0294,19.7736,983.171,0.435705,85.1532
4,35,2.8179,0.462917,2.34107,4.84511,19.9218,983.171,0.435705,84.9795
5,35,2.83084,0.502669,2.34107,5.00985,20.0363,983.171,0.435705,85.1763
6,35,2.81202,0.522161,2.34107,4.96642,19.7859,983.171,0.435705,85.0301
7,35,2.81419,0.496832,2.34107,5.01399,20.0074,983.171,0.435705,85.0758
8,35,2.83192,0.507549,2.34107,5.03374,20.0298,983.171,0.435705,84.873
9,35,2.82546,0.507316,2.34107,5.00196,20.2485,983.171,0.435705,85.0962
10,35,2.83845,0.499768,2.34107,4.94078,20.2122,983.171,0.435705,85.0523
1,36,2.83844,0.440511,2.34107,4.9472,19.8847,983.171,0.435705,85.1695
2,36,2.81794,0.438312,2.34107,4.84848,20.0368,983.171,0.435705,84.9372
3,36,2.81431,0.42794,2.34107,4.9122,19.9754,983.171,0.435705,85.18
4,36,2.82262,0.45358,2.34107,4.92733,20.4468,983.171,0.435705,85.2013
5,36,2.8239,0.41665,2.34107,4.96141,20.0235,983.171,0.435705,85.268
6,36,2.81715,0.403791,2.34107,4.89373,19.9355,983.171,0.435705,85.1591
7,36,2.82184,0.402423,2.34107,4.9793,19.9055,983.171,0.435705,84.799
8,36,2.82284,0.417066,2.34107,4.92113,19.8911,983.171,0.435705,85.1701
9,36,2.82985,0.389488,2.34107,4.85852,20.3676,983.171,0.435705,85.1246
10,36,2.82702,0.380487,2.34107,4.8518,20.0844,983.171,0.435705,85.0435
1,37,2.81666,0.554274,2.34107,4.88526,20.4059,983.171,0.435705,84.9983
2,37,2.80531,0.554387,2.34107,4.92834,19.8715,983.171,0.435705,84.9897
3,37,2.82567,0.557491,2.34107,4.97111,20.2108,983.171,0.435705,85.0259
4,37,2.82153,0.582863,2.34107,4.97312,19.9935,983.171,0.435705,85.0881
5,37,2.82332,0.552936,2.34107,4.87032,20.3212,983.171,0.435705,85.1267
6,37,2.82435,0.545819,2.34107,4.87767,19.8946,983.171,0.435705,84.8502
7,37,2.82104,0.526656,2.34107,4.9242,20.0582,983.171,0.435705,85.0695
8,37,2.81575,0.56659,2.34107,4.88093,20.1086,983.171,0.435705,85.226
9,37,2.8047,0.560196,2.34107,4.88837,20.485,983.171,0.435705,84.8961
10,37,2.81718,0.553843,2.34107,4.93467,20.1079,983.171,0.435705,84.8661
1,38,2.8075,0.498588,2.34107,4.90062,20.0242,983.171,0.435705,85.0253
2,38,2.80239,0.479252,2.34107,4.88704,20.3113,983.171,0.435705,84.8253
3,38,2.8038,0.489682,2.34107,5.00865,20.1662,983.171,0.435705,84.9119
4,38,2.82429,0.512253,2.34107,4.90287,20.2127,983.171,0.435705,84.9923
5,38,2.81267,0.539812,2.34107,4.87041,19.9837,983.171,0.435705,84.9132
6,38,2.819,0.505573,2.34107,4.87202,20.1955,983.171,0.435705,84.9765
7,38,2.81568,0.523776,2.34107,4.92292,19.9773,983.171,0.435705,85.1558
8,38,2.81113,0.524577,2.34107,4.84763,19.7174,983.171,0.435705,85.0974
9,38,2.81373,0.504089,2.34107,4.89725,20.2713,983.171,0.435705,84.7367
10,38,2.82653,0.503169,2.34107,4.88392,19.8117,983.171,0.435705,84.841
1,39,2.81782,0.608322,2.34107,4.9712,20.371,983.171,0.435705,84.9077
2,39,2.82561,0.59738,2.34107,4.95642,20.2214,983.171,0.435705,85.1563
3,39,2.82564,0.600358,2.34107,4.93581,19.9539,983.171,0.435705,84.9306
4,39,2.83712,0.588602,2.34107,4.91726,20.2714,983.171,0.435705,85.0298
5,39,2.82912,0.614311,2.34107,4.89451,20.2723,983.171,0.435705,85.0102
6,39,2.82363,0.617246,2.34107,4.9815,20.2391,983.171,0.435705,84.9238
7,39,2.83571,0.56705,2.34107,4.95237,20.0375,983.171,0.435705,84.859
8,39,2.83332,0.60078,2.34107,5.07328,20.2656,983.171,0.435705,85.1077
9,39,2.83067,0.579481,2.34107,5.01626,19.6908,983.171,0.435705,85.3112
10,39,2.83141,0.58111,2.34107,4.94678,20.1404,983.171,0.435705,85.0786
1,40,2.8389,1.06481,2.34107,4.96092,20.0906,983.171,0.435705,85.0509
2,40,2.81464,1.10201,2.34107,4.88967,19.7405,983.171,0.435705,84.5916
3,40,2.823,1.07867,2.34107,5.00669,20.67,983.171,0.435705,84.9188
4,40,2.81994,1.08929,2.34107,4.9356,20.0088,983.171,0.435705,85.16
5,40,2.82799,1.09743,2.34107,4.91158,19.9279,983.171,0.435705,85.1142
6,40,2.81528,0.99464,2.34107,4.85417,19.9011,983.171,0.435705,84.978
7,40,2.80443,1.02514,2.34107,4.94645,20.0422,983.171,0.435705,84.9123
8,40,2.81469,1.04643,2.34107,4.94029,20.3271,983.171,0.435705,84.9875
9,40,2.81246,1.07791,2.34107,4.8346,19.9015,983.171,0.435705,85.1836
10,40,2.8299,1.10729,2.34107,4.86085,19.9076,983.171,0.435705,84.8965
1,41,2.80729,0.752812,2.34107,4.96007,20.3439,983.171,0.435705,85.239
2,41,2.82508,0.747473,2.34107,5.06992,20.3535,983.171,0.435705,85.0323
3,41,2.81916,0.753356,2.34107,5.05319,20.1937,983.171,0.435705,85.253
4,41,2.81467,0.745386,2.34107,4.99429,20.1721,983.171,0.435705,84.7093
5,41,2.82618,0.757618,2.34107,4.97337,20.1776,983.171,0.435705,84.8708
6,41,2.80954,0.754973,2.34107,4.81314,20.302,983.171,0.435705,85.0968
7,41,2.80047,0.708803,2.34107,4.97478,20.0756,983.171,0.435705,85.0115
8,41,2.81156,0.838997,2.34107,4.94942,20.6551,983.171,0.435705,85.1961
9,41,2.80986,0.7557,2.34107,4.92974,20.2616,983.171,0.435705,84.823
10,41,2.80073,0.752043,2.34107,4.95649,20.0406,983.171,0.435705,84.8707
1,42,2.8083,0.761014,2.34107,4.92224,19.9049,983.171,0.435705,85.3195
2,42,2.81995,0.776977,2.34107,4.9118,19.7918,983.171,0.435705,85.0165
3,42,2.82297,0.775483,2.34107,4.91099,19.7576,983.171,0.435705,85.2896
4,42,2.82946,0.728914,2.34107,4.89303,19.703,983.171,0.435705,85.192
5,42,2.82411,0.81594,2.34107,4.91777,19.7996,983.171,0.435705,85.1276
6,42,2.80564,0.738637,2.34107,5.01761,20.0366,983.171,0.435705,85.2138
7,42,2.81169,0.750908,2.34107,5.04226,20.3283,983.171,0.435705,85.147
8,42,2.81535,0.75776,2.34107,4.89275,20.0338,983.171,0.435705,85.1165
9,42,2.82441,0.767275,2.34107,4.95414,20.0374,983.171,0.435705,84.9373
10,42,2.81868,0.754646,2.34107,4.88243,19.7151,983.171,0.435705,85.1287
1,43,2.81541,0.549454,2.34107,4.94211,19.8144,983.171,0.435705,84.6283
2,43,2.80712,0.551151,2.34107,4.84589,19.9395,983.171,0.435705,85.0574
3,43,2.81643,0.553812,2.34107,4.91299,20.1583,983.171,0.435705,84.9947
4,43,2.82119,0.557746,2.34107,4.92116,19.9424,983.171,0.435705,84.908
5,43,2.82105,0.56208,2.34107,4.87313,20.329,983.171,0.435705,85.0205
6,43,2.83055,0.604157,2.34107,4.90711,19.9958,983.171,0.435705,84.7732
7,43,2.83031,0.589827,2.34107,5.05777,20.0963,983.171,0.435705,85.1063
8,43,2.82036,0.561279,2.34107,4.92178,20.0521,983.171,0.435705,85.1901
9,43,2.81024,0.543888,2.34107,4.92992,19.8465,983.171,0.435705,84.9259
10,43,2.80774,0.554209,2.34107,4.77131,20.0846,983.171,0.435705,85.0703
1,44,2.81564,0.804804,2.34107,4.88242,20.16,983.171,0.435705,85.2559
2,44,2.83158,0.818715,2.34107,4.87445,19.7968,983.171,0.435705,85.2044
3,44,2.81874,0.798077,2.34107,4.96445,20.2647,983.171,0.435705,85.1046
4,44,2.8198,0.784984,2.34107,4.88774,19.8267,983.171,0.435705,85.0094
5,44,2.82599,0.76854,2.34107,4.95598,20.1167,983.171,0.435705,85.0022
6,44,2.82087,0.75898,2.34107,4.97199,19.8258,983.171,0.435705,85.1808
7,44,2.8111,0.791944,2.34107,4.9391,20.122,983.171,0.435705,85.2942
8,44,2.82372,0.792614,2.34107,4.86163,19.6383,983.171,0.435705,85.3046
9,44,2.83646,0.826221,2.34107,4.87074,19.9081,983.171,0.435705,85.0898
10,44,2.8199,0.789568,2.34107,4.86284,20.0638,983.171,0.435705,85.3488
1,45,2.82427,0.469155,2.34107,4.82206,20.1627,983.171,0.435705,84.8111
2,45,2.82817,0.465946,2.34107,4.96855,20.3476,983.171,0.435705,84.8641
3,45,2.80948,0.478428,2.34107,4.86172,19.9875,983.171,0.435705,84.9031
4,45,2.83244,0.467126,2.34107,4.8672,20.4171,983.171,0.435705,84.9332
5,45,2.81988,0.453479,2.34107,4.87559,19.5726,983.171,0.435705,84.842
6,45,2.8045,0.464882,2.34107,5.05977,20.2942,983.171,0.435705,84.7915
7,45,2.80877,0.51092,2.34107,4.92941,20.2685,983.171,0.435705,84.8844
8,45,2.81001,0.45992,2.34107,4.87468,20.0355,983.171,0.435705,84.8374
9,45,2.81357,0.472248,2.34107,4.9784,20.1979,983.171,0.435705,84.7812
10,45,2.82214,0.48515,2.34107,4.88707,19.7232,983.171,0.435705,84.7845
