rep,id,eta_V,eta_Cl
1,1,0.0874853,-0.180479
2,1,0.0511958,-0.198371
3,1,0.116063,-0.180897
4,1,0.0963002,-0.167375
5,1,0.152324,-0.167707
6,1,0.0893789,-0.206215
7,1,0.130614,-0.169882
8,1,0.116722,-0.193924
9,1,0.0687005,-0.202932
10,1,0.116143,-0.174446
1,2,-0.199571,0.213624
2,2,-0.255021,0.171411
3,2,-0.213754,0.195582
4,2,-0.253376,0.177151
5,2,-0.227077,0.181884
6,2,-0.189975,0.20426
7,2,-0.236612,0.189283
8,2,-0.245743,0.173796
9,2,-0.239379,0.19056
10,2,-0.211706,0.198716
1,3,-0.215766,-0.21822
2,3,-0.196659,-0.203392
3,3,-0.233624,-0.236115
4,3,-0.224827,-0.218654
5,3,-0.193671,-0.201208
6,3,-0.160774,-0.19861
7,3,-0.225249,-0.219285
8,3,-0.224416,-0.222369
9,3,-0.229773,-0.210091
10,3,-0.216559,-0.202026
1,4,-0.163917,0.0118314
2,4,-0.197808,-0.000185977
3,4,-0.113702,0.0411675
4,4,-0.217293,-0.0292872
5,4,-0.186911,-4.02887e-05
6,4,-0.202559,0.00818795
7,4,-0.15009,0.0253853
8,4,-0.244272,-0.0368879
9,4,-0.185574,-0.0054942
10,4,-0.167503,0.00887042
1,5,0.202884,0.282228
2,5,0.122661,0.238882
3,5,0.154056,0.241351
4,5,0.143037,0.247125
5,5,0.179385,0.264653
6,5,0.241646,0.288367
7,5,0.106456,0.238171
8,5,0.175166,0.262878
9,5,0.118595,0.234876
10,5,0.134684,0.246499
1,6,0.076424,0.338129
2,6,0.0830935,0.327828
3,6,0.0719352,0.325245
4,6,0.087934,0.348505
5,6,0.0824123,0.334551
6,6,0.119645,0.35768
7,6,0.0446505,0.322314
8,6,0.050112,0.31646
9,6,0.0685483,0.330538
10,6,0.0342814,0.317713
1,7,-0.00740745,0.024856
2,7,0.0465871,0.0373082
3,7,-0.0571762,0.00844682
4,7,0.00524434,0.0241335
5,7,-0.0310404,0.0131762
6,7,0.020795,0.0258272
7,7,0.0142861,0.033743
8,7,-0.0454309,-0.000511909
9,7,0.00608751,0.0436527
10,7,0.00971085,0.0395137
1,8,0.170272,-0.248301
2,8,0.170175,-0.248854
3,8,0.148442,-0.265557
4,8,0.164522,-0.243716
5,8,0.155834,-0.231954
6,8,0.201893,-0.230112
7,8,0.160196,-0.257147
8,8,0.231795,-0.225737
9,8,0.205891,-0.237216
10,8,0.215224,-0.270957
1,9,0.132876,0.0365303
2,9,0.125366,0.0269739
3,9,0.147186,0.0256985
4,9,0.121685,0.0433839
5,9,0.1252,0.0490868
6,9,0.10289,0.0295219
7,9,0.142569,0.0400572
8,9,0.108431,0.0280094
9,9,0.120387,0.039503
10,9,0.079093,0.0142484
1,10,-0.269465,-0.100257
2,10,-0.348024,-0.158267
3,10,-0.271056,-0.0842435
4,10,-0.319766,-0.118167
5,10,-0.388698,-0.165485
6,10,-0.344564,-0.136897
7,10,-0.287541,-0.110643
8,10,-0.325305,-0.13095
9,10,-0.374381,-0.157977
10,10,-0.289112,-0.111042
1,11,0.156512,-0.104279
2,11,0.100184,-0.116127
3,11,0.132134,-0.133398
4,11,0.131082,-0.112203
5,11,0.106577,-0.114792
6,11,0.142234,-0.123876
7,11,0.145963,-0.112161
8,11,0.122977,-0.0911726
9,11,0.125925,-0.116
10,11,0.106693,-0.105748
1,12,-0.711167,0.20348
2,12,-0.681152,0.227179
3,12,-0.693866,0.211882
4,12,-0.725194,0.196471
5,12,-0.708195,0.215207
6,12,-0.669169,0.234509
7,12,-0.695672,0.220719
8,12,-0.675091,0.238413
9,12,-0.731626,0.19188
10,12,-0.669837,0.233341
1,13,-0.0139159,-0.133289
2,13,-0.0436268,-0.152483
3,13,-0.0251629,-0.152483
4,13,0.00782525,-0.145648
5,13,-0.0398859,-0.149405
6,13,0.0261406,-0.150727
7,13,-0.0105036,-0.144791
8,13,-0.0533984,-0.142791
9,13,0.0124228,-0.154578
10,13,0.0229716,-0.171268
1,14,0.459181,-0.442249
2,14,0.449386,-0.419255
3,14,0.441886,-0.441735
4,14,0.404625,-0.419831
5,14,0.459305,-0.436509
6,14,0.411117,-0.431116
7,14,0.371556,-0.427709
8,14,0.411375,-0.433416
9,14,0.440152,-0.411383
10,14,0.395404,-0.482779
1,15,0.561938,0.192641
2,15,0.518944,0.208929
3,15,0.501714,0.197209
4,15,0.495405,0.20386
5,15,0.490902,0.204985
6,15,0.526996,0.256511
7,15,0.5424,0.198565
8,15,0.529815,0.220554
9,15,0.514166,0.200174
10,15,0.469524,0.220259
1,16,-0.223882,0.184137
2,16,-0.192847,0.201041
3,16,-0.225371,0.182664
4,16,-0.181879,0.203475
5,16,-0.224647,0.179796
6,16,-0.192628,0.201396
7,16,-0.202568,0.193723
8,16,-0.22615,0.179956
9,16,-0.184294,0.218261
10,16,-0.242279,0.17321
1,17,-0.248255,-0.199148
2,17,-0.217647,-0.20431
3,17,-0.176531,-0.159734
4,17,-0.205449,-0.194803
5,17,-0.200803,-0.176261
6,17,-0.202653,-0.174969
7,17,-0.165503,-0.185285
8,17,-0.243107,-0.209333
9,17,-0.212715,-0.189958
10,17,-0.213223,-0.195165
1,18,-0.123924,0.0382906
2,18,-0.111611,0.0525098
3,18,-0.13869,0.0294555
4,18,-0.0891137,0.0731489
5,18,-0.144307,0.027472
6,18,-0.156971,0.0166707
7,18,-0.174578,0.0196206
8,18,-0.157363,0.0314031
9,18,-0.108995,0.0366406
10,18,-0.147635,0.0175194
1,19,0.142185,0.248513
2,19,0.11093,0.228268
3,19,0.164584,0.275863
4,19,0.114503,0.246952
5,19,0.106342,0.231138
6,19,0.164532,0.262557
7,19,0.122028,0.241965
8,19,0.123937,0.256155
9,19,0.0880411,0.234653
10,19,0.0842368,0.221493
1,20,0.108294,0.364737
2,20,0.0904552,0.344903
3,20,0.0693663,0.337205
4,20,0.0691929,0.359146
5,20,0.0709033,0.329031
6,20,0.0499076,0.321953
7,20,0.0876476,0.347085
8,20,0.0446568,0.327651
9,20,0.126207,0.370581
10,20,0.0951209,0.349321
1,21,0.0159726,0.0238219
2,21,-0.017284,0.0120826
3,21,-0.0173184,0.0195836
4,21,-0.00386705,0.0116735
5,21,0.0372905,0.0110119
6,21,0.00337203,0.0170038
7,21,0.0148583,0.0293422
8,21,0.0145468,0.0303814
9,21,0.0165657,0.0334772
10,21,-0.00848537,0.0150496
1,22,0.24215,-0.295158
2,22,0.230736,-0.277822
3,22,0.199966,-0.264824
4,22,0.252981,-0.260714
5,22,0.233535,-0.275302
6,22,0.260765,-0.270814
7,22,0.244943,-0.277114
8,22,0.177894,-0.273306
9,22,0.218737,-0.26349
10,22,0.248899,-0.289279
1,23,0.13711,0.0253386
2,23,0.163437,0.0446503
3,23,0.153756,0.0410777
4,23,0.148247,0.0430188
5,23,0.165162,0.0430595
6,23,0.0927947,0.0206774
7,23,0.166682,0.0551653
8,23,0.083147,-0.00622279
9,23,0.151701,0.0608712
10,23,0.130121,0.0399452
1,24,-0.319076,-0.14616
2,24,-0.313815,-0.126854
3,24,-0.307755,-0.123303
4,24,-0.273807,-0.111483
5,24,-0.278438,-0.108347
6,24,-0.359739,-0.141984
7,24,-0.320153,-0.137673
8,24,-0.336312,-0.148458
9,24,-0.355301,-0.143273
10,24,-0.335158,-0.145815
1,25,0.164917,-0.10468
2,25,0.187473,-0.0883226
3,25,0.18004,-0.109481
4,25,0.0992112,-0.142254
5,25,0.160088,-0.0961482
6,25,0.182135,-0.116374
7,25,0.156285,-0.12603
8,25,0.136255,-0.118731
9,25,0.1551,-0.107688
10,25,0.129029,-0.107272
1,26,-0.704809,0.206806
2,26,-0.752269,0.168943
3,26,-0.725587,0.198209
4,26,-0.800795,0.133973
5,26,-0.716698,0.198563
6,26,-0.767374,0.159725
7,26,-0.753004,0.174144
8,26,-0.76062,0.1703
9,26,-0.746906,0.175895
10,26,-0.731566,0.184032
1,27,-0.0174833,-0.161294
2,27,0.00112109,-0.15231
3,27,-0.0408743,-0.176595
4,27,-0.0756529,-0.18497
5,27,-0.0565435,-0.169254
6,27,-0.0464036,-0.171129
7,27,-0.0660698,-0.173752
8,27,-0.10885,-0.205073
9,27,-0.0549934,-0.174348
10,27,-0.0143804,-0.15165
1,28,0.361487,-0.47648
2,28,0.346599,-0.449534
3,28,0.392984,-0.453314
4,28,0.357878,-0.441551
5,28,0.319264,-0.4666
6,28,0.391608,-0.457274
7,28,0.343114,-0.426333
8,28,0.329085,-0.403719
9,28,0.402353,-0.433598
10,28,0.366119,-0.453793
1,29,0.448987,0.173283
2,29,0.453773,0.15779
3,29,0.498893,0.195875
4,29,0.487526,0.181749
5,29,0.454086,0.172531
6,29,0.490764,0.199594
7,29,0.505989,0.212485
8,29,0.472452,0.191832
9,29,0.493944,0.181001
10,29,0.449197,0.15753
1,30,-0.0890995,0.317719
2,30,-0.0946712,0.337135
3,30,-0.0979475,0.31715
4,30,-0.10693,0.306817
5,30,-0.102991,0.319306
6,30,-0.100032,0.324265
7,30,-0.0663875,0.335886
8,30,-0.119804,0.302149
9,30,-0.102482,0.307189
10,30,-0.117732,0.299916
1,31,-0.240751,-0.210701
2,31,-0.217978,-0.196895
3,31,-0.185058,-0.18558
4,31,-0.185124,-0.166
5,31,-0.193427,-0.177597
6,31,-0.219613,-0.191799
7,31,-0.228911,-0.18322
8,31,-0.16765,-0.171045
9,31,-0.171824,-0.183492
10,31,-0.230868,-0.199077
1,32,-0.118018,0.0280927
2,32,-0.147206,0.0237892
3,32,-0.136675,0.0364236
4,32,-0.151984,0.00746643
5,32,-0.183576,0.00867651
6,32,-0.146144,0.0162882
7,32,-0.169364,0.0107129
8,32,-0.168254,0.0122216
9,32,-0.180033,0.000382449
10,32,-0.162584,0.0179304
1,33,0.171073,0.245825
2,33,0.141317,0.228413
3,33,0.145813,0.234547
4,33,0.1463,0.245026
5,33,0.130534,0.236646
6,33,0.10379,0.240387
7,33,0.188241,0.248475
8,33,0.155539,0.250306
9,33,0.134875,0.235795
10,33,0.114587,0.243734
1,34,0.0860806,0.34505
2,34,0.0400147,0.324273
3,34,0.09965,0.357744
4,34,0.0974983,0.35559
5,34,0.100614,0.362225
6,34,0.059866,0.337227
7,34,0.0761486,0.345427
8,34,0.0790766,0.348106
9,34,0.0925307,0.357146
10,34,0.0871697,0.348976
1,35,0.00372647,0.0272316
2,35,-0.0104896,0.0245065
3,35,-0.00385026,0.0297678
4,35,0.00918047,0.0375814
5,35,-0.0119271,0.0252245
6,35,0.00585822,0.0191898
7,35,0.0253312,0.0141179
8,35,0.0212129,0.0170187
9,35,0.00667769,0.0464243
10,35,0.0109679,0.0292601
1,36,0.201766,-0.234899
2,36,0.22606,-0.241506
3,36,0.257407,-0.222071
4,36,0.237643,-0.246275
5,36,0.225201,-0.257326
6,36,0.256669,-0.243204
7,36,0.216113,-0.223065
8,36,0.229849,-0.251503
9,36,0.263342,-0.232718
10,36,0.24374,-0.257004
1,37,0.113724,0.0201027
2,37,0.129834,0.0178831
3,37,0.0762087,-0.00924369
4,37,0.157424,0.0313791
5,37,0.0763432,-0.000222859
6,37,0.10668,0.0288827
7,37,0.0957499,0.00663678
8,37,0.090817,-0.00297288
9,37,0.0609704,-0.00327088
10,37,0.0776832,-0.00626291
1,38,-0.313514,-0.141269
2,38,-0.308198,-0.129319
3,38,-0.388136,-0.170561
4,38,-0.409724,-0.191952
5,38,-0.31375,-0.12911
6,38,-0.319512,-0.129091
7,38,-0.368164,-0.165329
8,38,-0.396411,-0.169068
9,38,-0.357321,-0.145913
10,38,-0.374562,-0.154614
1,39,0.118176,-0.154921
2,39,0.122484,-0.149018
3,39,0.12415,-0.141518
4,39,0.104681,-0.120422
5,39,0.109411,-0.154992
6,39,0.138784,-0.148911
7,39,0.123716,-0.159466
8,39,0.101619,-0.157877
9,39,0.104063,-0.15822
10,39,0.0929369,-0.170847
1,40,-0.773884,0.167864
2,40,-0.796952,0.151517
3,40,-0.790392,0.153895
4,40,-0.800145,0.14919
5,40,-0.758038,0.174156
6,40,-0.809214,0.14096
7,40,-0.774423,0.167288
8,40,-0.784003,0.148224
9,40,-0.748098,0.189508
10,40,-0.797538,0.142752
1,41,-0.0653646,-0.172219
2,41,-0.0516432,-0.158797
3,41,-0.00187391,-0.168344
4,41,-0.0348832,-0.168743
5,41,-0.0304531,-0.162718
6,41,-0.0469914,-0.167607
7,41,-0.0821635,-0.189222
8,41,-0.0530483,-0.177968
9,41,-0.00717062,-0.158707
10,41,0.0362964,-0.156626
1,42,0.385133,-0.464197
2,42,0.371715,-0.434066
3,42,0.382269,-0.457074
4,42,0.366878,-0.406101
5,42,0.391689,-0.423699
6,42,0.379827,-0.465575
7,42,0.387724,-0.476949
8,42,0.291503,-0.400128
9,42,0.353464,-0.417983
10,42,0.357983,-0.421115
1,43,0.577828,0.222593
2,43,0.561377,0.207614
3,43,0.578611,0.228569
4,43,0.581965,0.223591
5,43,0.593818,0.229822
6,43,0.584236,0.231275
7,43,0.610553,0.207231
8,43,0.550784,0.20043
9,43,0.604713,0.224864
10,43,0.561795,0.212735
1,44,-0.0889278,0.321591
2,44,-0.110782,0.29285
3,44,-0.0803411,0.32325
4,44,-0.111072,0.323563
5,44,-0.102429,0.318264
6,44,-0.12625,0.316232
7,44,-0.142122,0.292522
8,44,-0.122362,0.30554
9,44,-0.132142,0.301833
10,44,-0.123769,0.304309
1,45,0.17049,-0.0466101
2,45,0.200069,-0.0352936
3,45,0.150567,-0.0409694
4,45,0.169978,-0.032578
5,45,0.164548,-0.0489837
6,45,0.182543,-0.0432214
7,45,0.184179,-0.0269198
8,45,0.152308,-0.0274798
9,45,0.205982,-0.0310578
10,45,0.171654,-0.0483571
