rep,id,eta_Cl,eta_V1,eta_Q,eta_V2,eta_S,eta_R0,eta_gamma,eta_MTT
1,1,0.00382733,-0.606734,0,-0.0110767,-0.00291208,-0.00112872,-0.0104275,-0.00159859
2,1,-0.00371198,-0.645479,0,0.0146113,-0.0100525,0.000205902,0.0167472,0.000143195
3,1,0.00453492,-0.533151,0,-0.00964141,0.00831037,-0.00179589,0.00929501,0.00147107
4,1,0.000202731,-0.558464,0,-0.00236894,0.00752795,0.00128674,-0.00164847,0.00121661
5,1,-0.00162966,-0.498828,0,0.0187044,-0.00617721,-0.00130316,-0.00241947,0.00168517
6,1,0.000409443,-0.48465,0,-0.0038157,0.00253834,0.00132638,0.00843104,-0.0011268
7,1,-0.00216408,-0.524456,0,0.00126574,0.00136021,0.00119941,0.00541561,-0.00156532
8,1,-0.000175191,-0.530353,0,0.00885465,0.0158548,0.00293275,0.00374439,-0.0012224
9,1,-0.00233233,-0.505795,0,0.0178503,0.000303049,-0.000721527,0.00130808,0.000561692
10,1,-0.00656694,-0.506972,0,0.015865,-0.00475204,-0.00136459,-0.00829296,0.000970793
1,2,0.000625086,-0.29282,0,0.00907711,-0.0316604,0.00268253,0.0139206,-0.00182942
2,2,0.00249561,-0.220221,0,-0.00037652,-0.00517459,0.000231127,-0.000814124,-0.000502496
3,2,-0.00112216,-0.30334,0,0.00795964,-0.00220838,-0.000181608,-0.00115132,0.00209222
4,2,-0.00218796,-0.343254,0,-0.0109197,-0.00743326,-0.00211758,-0.00499801,-0.000877518
5,2,-0.00177044,-0.314732,0,0.0114509,0.0297118,0.00048694,-0.0145601,0.00233391
6,2,-0.00458313,-0.227507,0,0.0106355,0.0083653,-7.94975e-05,-0.00305672,0.00152634
7,2,-0.00213501,-0.236971,0,0.0287547,-0.00727704,0.000481406,-0.00929329,0.00132057
8,2,-0.00193204,-0.29211,0,-0.000471885,-0.0182113,8.20983e-05,-0.0141846,-0.00178223
9,2,0.00121565,-0.183003,0,0.0229253,-0.0125923,-0.00103674,0.0114493,0.000859707
10,2,-0.00322467,-0.333668,0,-0.00910984,-0.0195719,6.40754e-05,-0.00715812,0.00290271
1,3,-0.00569133,0.249418,0,-0.0124511,0.00366822,-0.00110517,-0.00584004,-0.000855749
2,3,-0.00150805,0.291731,0,0.00702537,0.0132072,0.000702001,0.0048255,7.88744e-05
3,3,0.00238837,0.336531,0,0.00849284,-0.00327055,0.00161677,0.0120399,-0.000596177
4,3,0.00399934,0.308474,0,-0.0243228,0.0266096,0.0015978,-0.011597,0.00220542
5,3,-0.00345518,0.324932,0,0.00688167,-0.018509,0.00107517,-0.0139831,0.0013606
6,3,0.00203606,0.375295,0,0.0229733,0.000173471,-0.000437033,-0.0115036,0.000823702
7,3,0.00114641,0.377993,0,0.0154298,-0.0218902,-0.00286119,-0.00214389,-0.000925648
8,3,0.00105685,0.292821,0,0.0118532,-0.00788125,-0.00237924,0.00315046,-0.000461612
9,3,-0.00114482,0.314602,0,0.00914971,0.0261914,-0.000231288,0.0174155,0.000227635
10,3,0.00505239,0.316123,0,0.00420566,-0.0203284,-0.00129953,-0.00641687,-0.00217988
1,4,0.000839499,0.0637695,0,0.00395107,-0.00402452,-0.0015895,0.00471916,0.00202865
2,4,0.0084317,0.0402091,0,0.0158852,-0.0161137,-0.00032198,0.00401042,0.00355357
3,4,0.001414,0.0336046,0,0.030138,-0.00432782,0.00103452,-0.009114,-0.000747983
4,4,-0.00496644,0.0637104,0,0.00648546,0.0120561,-4.18619e-05,-0.00573363,-0.00072759
5,4,0.00521899,0.0850788,0,0.00711288,-0.00647735,-0.000742933,0.0138603,-0.000303633
6,4,0.00377087,0.059355,0,-0.0248409,-0.000662329,0.00210754,-0.00971784,-0.00139393
7,4,-0.00174915,0.0118889,0,0.00298566,0.005976,0.00245667,-0.00155435,-0.00114605
8,4,-0.00390132,0.000151279,0,-0.0289385,-0.00828633,0.000863075,-0.00436454,-0.00175778
9,4,-0.00175403,0.00605031,0,-0.0138641,0.0208991,4.36589e-05,-0.000430663,0.00191226
10,4,0.0041698,0.0250785,0,0.0246892,0.00414499,-0.000545547,0.00857356,-0.00024328
1,5,-0.00429296,0.477628,0,-0.0185091,-0.00361071,0.00190985,0.0111549,0.000132196
2,5,0.00509982,0.461188,0,-0.0325153,-0.010418,-0.00230589,0.00869785,-0.00174774
3,5,0.00223814,0.562897,0,-0.0249034,-0.00539639,3.04525e-05,-0.00439213,-0.00224331
4,5,-6.26428e-05,0.484699,0,-0.00201415,-0.00426972,0.00177754,-0.0017552,-0.00352525
5,5,-0.000574608,0.590146,0,0.00411942,0.00862049,0.000937022,0.010061,0.00147111
6,5,0.00240851,0.524594,0,0.017655,0.0120102,0.00189256,-0.00719065,0.000456976
7,5,-0.00346307,0.486916,0,0.00509792,-0.00392014,0.000943103,-0.00350676,-0.00340784
8,5,-1.10704e-05,0.539896,0,-0.00580428,5.88773e-06,-0.00346233,0.00757852,0.000372402
9,5,-0.0010954,0.521065,0,0.000178449,0.0166061,-0.00010958,-0.00612807,0.00114531
10,5,-0.00110072,0.573962,0,-0.0111923,0.0186244,-0.000263163,0.00383585,-0.00336828
1,6,-0.00515107,0.369243,0,0.00140064,0.00110382,-0.000661476,-0.0180381,-0.000497224
2,6,-0.000696875,0.330025,0,-0.035549,-0.00207763,-0.00236768,-0.0132891,-0.00132055
3,6,-0.00109675,0.354016,0,-0.00722196,0.0168931,-0.00123942,-0.00326867,0.000332901
4,6,0.00210975,0.401547,0,-0.00404307,-0.00840854,-0.00282771,-0.00427558,0.00145584
5,6,-0.000577454,0.371215,0,-0.00589998,-0.023632,0.00166872,-0.0258463,-0.000875386
6,6,-0.00314699,0.300973,0,-0.0354048,-0.00396295,0.000164206,0.000532685,0.000776882
7,6,0.00186999,0.430575,0,-0.000891531,0.00029333,0.00128926,-0.0213975,-0.00110183
8,6,-0.00319261,0.36358,0,-0.0129237,-0.0068259,-0.000291901,-0.0178476,0.00118201
9,6,-0.00055046,0.379963,0,-0.0206391,-0.0156395,0.000409403,-0.00437311,-0.0015976
10,6,-0.00426576,0.35966,0,-0.00118564,-0.00735421,-0.00134882,-0.00572735,0.00151335
1,7,-0.00184784,0.108443,0,-0.00508793,-0.00619178,-0.000840361,0.00117259,0.00408854
2,7,0.00515679,0.059849,0,-0.0259381,0.00856106,0.00324029,-0.0155022,0.00161805
3,7,-0.00561187,-0.0191649,0,-0.0244952,0.00147688,-0.00177214,-0.0165067,0.00176383
4,7,0.00674144,0.0955742,0,0.0110392,-0.0200733,0.00297213,-0.00687113,0.000196446
5,7,-0.000411922,0.00632433,0,0.0151582,0.0160099,-0.000965793,-0.0095734,-0.00153749
6,7,-0.00251516,0.0891918,0,-0.000940934,-0.0192747,-0.000998563,0.0195497,-0.00274126
7,7,-0.00347688,0.0384816,0,-0.00795654,-0.0121559,0.00235382,0.00263992,0.000673325
8,7,0.00305883,0.0983755,0,-0.0099336,0.00155007,-0.00055766,0.00462308,0.000357815
9,7,0.00365986,0.0141528,0,0.00597489,0.0112597,0.000937435,0.00674355,0.000847958
10,7,-0.000804509,0.0376984,0,0.00241899,-0.0223194,-0.000872044,-0.010908,0.00303794
1,8,-0.00194462,0.308103,0,-0.0266112,0.00251978,-0.00145773,0.00202124,0.000630487
2,8,0.0030128,0.463285,0,0.00379394,-0.000522755,-0.00082638,0.0128275,0.0022576
3,8,0.000916053,0.394212,0,0.00715246,-0.00880264,-0.00199053,-0.00522443,-0.000122631
4,8,0.00488355,0.405196,0,-0.0117846,-0.00199938,-0.00269751,-0.00202581,0.000393626
5,8,-0.00209603,0.383248,0,0.0106167,0.00423345,0.000177728,-0.00521106,0.00177185
6,8,0.00464724,0.383659,0,-0.00438939,-0.0184347,-0.000733774,0.00636079,0.00208163
7,8,0.00129127,0.36664,0,-0.0129431,-0.015402,0.00195328,-0.0166334,0.00238819
8,8,0.00408199,0.384181,0,-0.0091943,-0.0125281,0.000352262,-0.0130132,0.00321052
9,8,0.00317366,0.476699,0,0.0114043,0.00954003,-0.0018656,-0.00544847,0.000386922
10,8,0.00657646,0.434577,0,-0.000777927,0.0189747,0.00196242,0.00288605,0.0013842
1,9,0.00528917,0.260368,0,0.00618867,-0.0143099,-0.000619796,-0.00290934,0.00100984
2,9,-0.00188883,0.25427,0,-0.00335737,-0.00461619,-0.000798305,0.00529935,-0.00674937
3,9,-0.00364365,0.25985,0,-0.0058048,0.0222158,0.000208872,0.00739433,0.00281618
4,9,0.00194132,0.247493,0,-0.00486509,0.00746138,-0.000527142,0.00624603,-0.000422769
5,9,0.00595269,0.208484,0,-0.0166533,0.00388872,-0.00169141,-0.00263181,0.00109315
6,9,0.00184251,0.269693,0,0.00549898,0.00956548,-0.00143052,0.0079909,0.00164907
7,9,-0.00557082,0.233148,0,0.0261866,0.0183251,0.000459148,0.00125348,-0.00222292
8,9,-0.0078704,0.228285,0,0.00886826,-0.00829182,-0.000295666,0.00963066,0.00140014
9,9,0.00129751,0.27714,0,-0.0154937,0.00566795,-0.00342958,0.00426246,0.00468292
10,9,0.00612162,0.25303,0,-0.00681521,0.0152697,-0.000875951,0.00468755,0.00198074
1,10,-0.00171405,0.31121,0,-0.00372,-0.0340351,0.0016582,-0.00496046,-0.00644769
2,10,-0.000951269,0.216133,0,-0.00362517,-0.0172502,0.00181913,-0.00588216,0.00413999
3,10,0.00561936,0.331151,0,0.000969268,-0.00490793,-0.00022973,-0.0116234,0.00186126
4,10,0.000830079,0.299082,0,-0.0203289,0.0127641,0.00235206,-0.00940183,-0.00148283
5,10,-0.000111409,0.231993,0,0.0239744,-0.00287313,5.27724e-06,-0.0103637,-0.00586568
6,10,-0.000722743,0.217894,0,-0.0134967,-0.0315619,0.00251787,0.00339824,0.0015548
7,10,0.00421889,0.260822,0,-0.00285797,-0.0207634,0.00257594,0.0143418,0.00301573
8,10,-0.0047525,0.300065,0,-0.00770961,0.020357,-0.00186034,-0.00157442,0.00156975
9,10,-0.000902059,0.258604,0,-0.00381023,-0.00268348,-0.0011291,0.00770194,0.00158678
10,10,-0.000239043,0.297308,0,0.014157,-0.00481895,-0.000655436,-0.00430869,-0.0012451
1,11,-4.71009e-05,0.578211,0,-0.0154594,-0.00588869,0.00062566,-0.00704428,8.59593e-05
2,11,0.00437677,0.644817,0,-0.0295645,0.00103182,-0.000269531,0.011917,-0.003876
3,11,0.000186946,0.666372,0,-0.00450103,-0.0196041,-0.00115067,0.0123099,-0.00329606
4,11,0.000465192,0.630143,0,0.0070641,-0.00313148,2.46626e-05,0.0125996,0.00185038
5,11,-0.00282305,0.625955,0,-0.016887,0.0237905,-0.000668718,0.00850063,0.000438557
6,11,0.00101063,0.644001,0,0.0103849,0.0140451,0.00283917,-0.000306103,-0.000320729
7,11,0.00147429,0.594857,0,0.00483504,-0.00948041,-2.60283e-05,0.00786631,0.00136844
8,11,0.000418384,0.692957,0,0.0225884,-0.0135525,0.00106308,0.00456281,-0.00179942
9,11,-0.0031579,0.739892,0,-0.00691127,0.000950801,-0.000734406,-0.00237425,0.00114924
10,11,0.00536487,0.659411,0,-0.00121244,0.0177321,-0.003911,0.00455288,0.000429449
1,12,0.00285377,-0.190919,0,-0.0159262,0.00985064,0.000973923,-0.00328073,0.000282275
2,12,0.00155507,-0.142954,0,-0.00521584,0.00802064,0.000549893,-0.00302133,0.000495964
3,12,-0.00360357,-0.11043,0,0.0145121,0.019017,9.71804e-05,-0.00824902,-0.000525412
4,12,-0.00161797,-0.194677,0,0.0177744,0.0111144,0.00559179,0.00164274,-0.000982931
5,12,0.000482768,-0.189992,0,-0.00753485,0.00488659,0.000869303,0.000437541,-0.00131715
6,12,0.004618,-0.0990563,0,0.00140203,0.0125511,0.00252866,0.0036446,-0.000965411
7,12,-0.00305422,-0.185936,0,-0.0182531,0.00236016,0.00102455,0.00592887,0.00368542
8,12,0.000771027,-0.215262,0,0.0133517,0.00318594,0.00150031,0.000212415,-0.000252485
9,12,0.0017375,-0.247159,0,0.00677027,0.00418413,-0.0010423,-0.00142029,-0.000584191
10,12,0.00143556,-0.200363,0,-0.0117687,-0.0138719,-0.000289143,-0.00986478,0.00111063
1,13,-0.00515951,-0.213854,0,0.000243461,-0.0096226,-0.00293897,0.00206544,0.00159363
2,13,-0.00420522,-0.228024,0,0.0125713,0.00608058,0.00208764,-0.0104487,-0.00201074
3,13,0.00468757,-0.17654,0,0.0125873,0.0163292,-0.000641628,0.00192054,-0.00251166
4,13,-0.00456074,-0.161305,0,0.0101657,-0.0278145,0.00102574,0.0123144,-0.0014577
5,13,-0.00430404,-0.193829,0,0.0235667,-0.00482981,-0.000193904,-0.00781703,-0.000812
6,13,-0.00226708,-0.124954,0,0.00563231,0.00499715,-0.00131636,-0.00206019,-0.000671667
7,13,-0.00356209,-0.188991,0,-0.00129263,-0.0212231,0.00295252,0.00139917,-0.0038722
8,13,-0.00698227,-0.252815,0,0.00904169,-0.00386781,-0.00113337,0.00212692,0.00202358
9,13,-0.000314905,-0.157878,0,0.00899477,0.00181521,0.000951576,0.00322749,-0.000127321
10,13,0.00247291,-0.149584,0,0.0121462,0.00842236,-0.000468134,-0.0107433,-0.00457924
1,14,-0.00137948,-0.0607171,0,0.00647883,-0.0122877,0.00166941,0.00850954,7.58371e-05
2,14,0.00145145,-0.0664006,0,-0.0184762,0.0173545,0.00175391,-0.00537594,-0.00104049
3,14,-0.00228656,-0.104027,0,-0.000433427,0.0145044,-0.00182317,0.00508368,-0.000253962
4,14,-0.00486497,-0.0901981,0,0.0040948,0.0225847,-0.00200073,-0.00408754,0.000144293
5,14,0.00259769,-0.0904565,0,0.0167378,0.0202943,-0.000272866,-0.00871491,0.00248813
6,14,0.00112733,-0.0952686,0,-0.0276303,0.00962798,0.00127123,-0.00238625,-0.000197908
7,14,0.00257268,-0.136589,0,-0.00578445,0.0041436,-0.000547414,0.0132585,0.00248975
8,14,-0.00574829,-0.0487434,0,-0.00423962,0.00324694,0.00134179,0.00585979,-0.00155323
9,14,-0.00184547,-0.0817576,0,0.00585617,0.0202639,0.00147484,0.00685778,0.00173766
10,14,-0.000201447,-0.0630178,0,-0.00763537,-0.0107436,-0.000347944,-0.00110346,-0.000783418
1,15,-0.0100358,-0.026552,0,0.00676273,-0.00999939,-0.00265579,-0.00540894,-0.000510057
2,15,0.00125881,-0.0868422,0,-0.0251799,-0.000541011,-6.65858e-05,-0.00783571,0.000387664
3,15,-0.000307188,-0.0875944,0,-0.0260402,0.00950549,1.2221e-05,0.00606869,-2.19402e-05
4,15,0.00108157,-0.128141,0,-0.0239212,0.00520555,0.000120541,-0.00507037,0.000133719
5,15,-0.000669799,-0.0560187,0,0.0115742,0.00969091,-0.000914038,0.0102434,0.00231656
6,15,-0.000325584,-0.0270225,0,0.00253795,-0.00507607,-0.00353743,0.00152123,-0.00167718
7,15,0.00101417,-0.0373802,0,0.0198995,0.00240517,0.00122861,0.0017705,-0.000939271
8,15,-0.00224131,-0.0467254,0,0.0285245,0.0020597,-0.00113117,0.0116793,-0.00292649
9,15,0.0022091,-0.0198456,0,0.0104634,-0.00137701,0.00128843,-0.00864066,0.00267981
10,15,-0.00162506,-0.123142,0,0.0084961,-0.011585,0.000213647,0.0200302,9.58648e-05
1,16,-0.0018177,-0.164805,0,0.00856829,0.01067,0.000931948,-0.000473208,0.000989429
2,16,-0.00419578,-0.197677,0,-0.00124995,0.00634349,0.000782329,0.00467344,0.00256233
3,16,-0.00996929,-0.146513,0,0.00349114,-0.000215076,-0.000322489,-0.00105414,0.000261111
4,16,0.00477088,-0.124724,0,0.00597913,0.0163018,0.00162884,-0.00858949,-0.0012718
5,16,0.00205629,-0.135838,0,-0.00500226,-0.0317052,0.000148092,0.00263587,-0.00165159
6,16,-0.00483133,-0.12921,0,0.0296622,0.00423701,-0.00130841,0.0135447,0.00295011
7,16,0.0023293,-0.107225,0,0.00592833,-0.0110464,0.000345907,-0.00771188,-0.00351236
8,16,0.00171173,-0.0689805,0,0.0155743,-0.00724934,0.00100703,-0.00596079,0.00281698
9,16,0.000283935,-0.0780222,0,0.00581119,-0.00891757,-0.00116961,0.000481621,0.000252357
10,16,-0.0043278,-0.0934617,0,-0.0187719,0.00707159,0.000392916,-0.00604743,0.000552944
1,17,0.000150749,-0.311906,0,-0.0199577,0.0179734,0.000173599,-0.00229714,-0.000572774
2,17,0.00141738,-0.32856,0,-0.0160828,-0.00051583,0.00183878,0.00104558,-0.00115624
3,17,-0.00184773,-0.299873,0,-0.000340705,0.0184648,-5.95953e-05,0.00678608,0.000508995
4,17,-0.00832905,-0.382113,0,-0.00953484,0.00394345,-0.00243516,-0.00513087,-0.0022956
5,17,0.00277532,-0.338105,0,-0.0162688,-0.0216813,0.00045823,-0.00337877,-0.00235244
6,17,-0.00122736,-0.395438,0,-0.0142569,-0.00459649,-0.00142446,0.00116463,-0.0027732
7,17,0.00354888,-0.311706,0,-0.00995395,0.0167056,0.000383426,-0.00393144,-0.00400951
8,17,-0.00461635,-0.366778,0,-0.00266948,0.0106025,-0.00179276,-0.00357741,-0.00131035
9,17,-0.00124129,-0.356141,0,-0.0244177,-0.00365888,0.00107047,-0.00686181,-0.00077488
10,17,-0.00316392,-0.279676,0,-0.0099103,0.0144007,-0.000163611,0.000808156,-0.00126008
1,18,-5.20651e-05,-0.0945778,0,-0.00248994,0.011499,-0.0020714,-0.00212482,-0.00170639
2,18,-0.00346261,-0.098584,0,-0.00874188,0.00744322,8.26473e-05,0.0031597,-0.0022355
3,18,7.90186e-06,-0.0564186,0,0.00658837,0.00868488,-0.00185837,-0.00239996,0.000235028
4,18,-0.00484015,-0.0646561,0,0.014619,0.00259763,-0.00123079,0.00162923,0.00360193
5,18,-0.000764356,-0.0871599,0,-0.00380376,0.00527306,-0.00080479,-0.00689882,-0.000794773
6,18,-0.00282109,-0.125522,0,-0.0220009,0.00111952,-0.000897868,-0.00641657,0.00018888
7,18,-0.00745294,-0.098343,0,-0.00136613,-0.00357487,-0.000893153,-0.00205121,-6.00022e-06
8,18,-0.00284595,-0.0951744,0,0.0079855,0.00415902,-0.00430095,0.00520682,-0.00193581
9,18,0.0015541,-0.0515378,0,-0.0338858,-0.015151,-0.000271617,-0.00939518,-0.00230627
10,18,-0.00201684,-0.122862,0,-0.0212548,-0.00741066,0.00146196,0.000127799,-0.00150343
1,19,-0.00176309,0.272036,0,-0.00531324,0.00102635,-0.00247351,-0.0220984,-0.000505804
2,19,0.00160337,0.260946,0,0.00582835,0.00315971,-0.00067523,0.00304252,0.00251838
3,19,0.00110234,0.314167,0,-0.0214275,-0.00415264,-0.000442393,0.00711674,0.00169757
4,19,-0.00182757,0.350783,0,0.0342975,-0.00799847,-0.000439822,-0.00390595,0.000898736
5,19,0.00178438,0.449945,0,-0.0163398,0.00850632,-9.09042e-05,-0.00141009,-0.000579292
6,19,0.000305599,0.374079,0,0.00919025,0.0091157,0.00169007,-0.00411088,0.0035994
7,19,-0.00193449,0.332661,0,0.0013858,-0.0166185,0.00462334,0.00182346,0.00469164
8,19,-0.00119544,0.304986,0,-0.00152525,-0.00815038,-0.000517791,-0.00881705,0.00111591
9,19,0.00451264,0.360512,0,-0.000421014,-0.0251375,-0.00172684,-0.0131123,-0.00226828
10,19,-0.00690565,0.307587,0,-0.0238935,-0.0119544,-0.00130054,0.000526548,0.00238945
1,20,-0.0033986,-0.380219,0,0.0182285,0.018721,0.000804897,0.0116951,0.00444781
2,20,-0.00377928,-0.335651,0,0.0033638,0.00271706,0.00287432,0.00372824,-0.00177009
3,20,-0.00387353,-0.349616,0,0.0147037,-0.00522635,0.00167601,-0.00544621,-0.00210139
4,20,-0.00203922,-0.40484,0,0.012523,0.0152476,-0.000318802,0.0110601,0.00187847
5,20,-0.00482343,-0.337686,0,0.00062121,0.000264056,0.000184106,0.00251871,0.00117595
6,20,-0.00320859,-0.318379,0,0.00524695,-0.00419311,0.000352275,0.0023004,-0.00221046
7,20,-0.00209902,-0.360785,0,0.0174641,-0.00212648,-0.000686198,0.00974483,0.000811487
8,20,0.000965323,-0.317244,0,0.000171297,-0.000893208,0.00214477,0.00607018,-0.00300058
9,20,-0.00372652,-0.304533,0,-0.00263115,-0.00330045,-0.00100601,-0.000430936,0.000465615
10,20,-0.000964825,-0.379125,0,0.00260586,0.0171864,-0.00112772,0.00221909,0.000621706
1,21,0.00483144,0.116382,0,0.00656559,0.00518962,-4.72181e-06,-0.0125279,-0.00240415
2,21,0.000495072,0.141448,0,-0.00203963,-0.00469402,-0.00117916,-0.0225505,0.000306191
3,21,0.00147905,0.0819043,0,-0.00607289,-0.00259383,0.0033439,-0.0176629,-0.00219454
4,21,0.000448662,0.0909363,0,-0.0069033,-0.00947787,-0.00024765,-0.00528234,0.00111888
5,21,0.00316833,0.120905,0,-0.000802667,-0.00552819,-0.00161882,-0.00423548,-0.000501532
6,21,0.000119573,0.155916,0,0.00669205,0.0178302,0.000391066,-0.00501576,-0.00115451
7,21,0.00435318,0.114649,0,0.0192509,-0.00550033,0.000496244,-0.00422509,0.00226643
8,21,0.00343492,0.158939,0,-0.0215407,0.00584781,0.000549716,0.0171401,0.00103717
9,21,0.000502568,0.121659,0,0.021656,0.0180152,0.000990391,-0.00846616,0.000821439
10,21,0.00446528,0.0942272,0,0.00854778,-0.00861014,-0.000832155,-0.00428118,0.00145649
1,22,-8.95711e-05,-0.417312,0,0.0113696,-0.00402322,0.000387268,-0.0145687,-0.00100052
2,22,-0.00219188,-0.319806,0,0.0160798,-9.07056e-05,-0.00161318,-0.0016133,-0.000520596
3,22,0.00232144,-0.454659,0,-0.0116464,-0.00663232,-0.000409243,-0.00860809,-0.000405354
4,22,-2.51799e-05,-0.35059,0,-0.00454116,0.00683123,8.09499e-06,0.0033642,0.000609251
5,22,-0.00373793,-0.372023,0,-0.00469273,0.00776982,0.00166052,0.00392816,-0.0022794
6,22,0.00544095,-0.375535,0,-0.0156821,-0.0036762,-0.000362484,0.00241206,0.00139128
7,22,0.00189702,-0.343264,0,0.0244289,0.000457285,-0.00060929,-0.0098045,-0.00196599
8,22,7.68732e-06,-0.387547,0,-0.015775,0.00190108,0.000596566,0.00244262,-0.00137905
9,22,0.00149804,-0.374433,0,0.00433493,0.0142629,0.00332161,0.00365656,0.00358557
10,22,0.00144004,-0.366486,0,0.00878721,-0.00187605,-0.00185396,-0.0048229,-0.00173647
1,23,0.00197364,0.521804,0,-0.00858747,-0.00519493,0.00314428,0.00632507,-0.00260082
2,23,0.0055323,0.563694,0,-0.0047159,-0.00237439,0.00329874,0.0047325,-0.00145977
3,23,0.00190695,0.52683,0,-0.00187408,-0.00559884,0.00173713,0.00772049,0.0015064
4,23,-0.0028708,0.610436,0,0.015785,-0.0109969,0.00319724,0.00241316,-0.00424235
5,23,7.80714e-05,0.60697,0,0.0149793,-0.0260754,-0.000302236,0.0210313,0.002654
6,23,0.00249962,0.618585,0,0.0250928,-0.00699801,-0.00410938,0.0128296,-0.00131825
7,23,0.00144224,0.633421,0,0.00541253,-0.0103178,0.00100264,-9.60296e-06,-0.00164876
8,23,0.003409,0.58085,0,-0.0133897,0.00044675,-0.00230751,0.0106828,-0.00117457
9,23,0.00535681,0.598772,0,0.0205734,0.0143563,-0.00105945,-0.00876506,0.00288173
10,23,0.00206711,0.629419,0,0.00280975,-0.00687051,0.00184353,0.00862041,-9.55764e-05
1,24,0.00272764,0.101372,0,0.0185176,-0.0052232,0.000956519,-0.00714642,-0.000356261
2,24,-0.00231906,0.138038,0,0.00401546,0.0257842,0.00199992,-0.00422521,-0.00349677
3,24,-0.00258569,0.124907,0,0.0277089,0.00372449,0.00124182,0.000654606,-0.000815956
4,24,0.00363238,0.086871,0,0.0119613,-0.0046912,0.00234955,-0.00585693,-0.00237261
5,24,-0.00440656,0.0309159,0,-0.00624419,0.0216792,-0.00200603,-0.00409313,-0.00209327
6,24,-0.000862887,0.0370164,0,-0.0130443,0.0167241,0.00235544,-0.004485,-0.000734716
7,24,0.00269172,0.0460608,0,0.00577944,0.0163376,0.000507497,-0.00235191,-0.00435836
8,24,-0.000184905,0.0394275,0,0.0167276,0.00406206,0.000152632,0.00636014,-0.000613748
9,24,-0.000566709,0.0917884,0,0.0237449,-0.00445626,-0.00217326,-0.000163405,0.000257121
10,24,0.00205681,0.0840465,0,0.00735992,-0.00393334,0.000833674,0.0064261,0.000103639
1,25,0.00426943,-0.0436198,0,0.0229287,0.0180249,0.000510213,0.0176755,-0.00235753
2,25,0.0060055,-0.0697302,0,0.00792502,-0.000592928,0.00248857,-0.000936295,0.000678677
3,25,0.00673708,-0.114365,0,-0.00246934,0.00668271,0.0015383,0.0130096,0.00223412
4,25,0.00521591,-0.088568,0,0.000852254,-0.00693298,0.00210437,-0.00769271,-0.00110171
5,25,0.0020113,-0.153303,0,0.000756729,0.00915801,-0.00026332,0.000895338,0.00103087
6,25,-0.00314035,-0.0928257,0,0.0123684,0.0259447,-0.00209929,-0.00833584,-0.0018973
7,25,0.00457592,-0.0477742,0,0.0129182,0.00434261,-0.00186365,-0.00509505,-0.00226594
8,25,0.00335386,-0.0819357,0,0.00255115,-0.00149627,-0.0021585,0.00681418,-0.000338156
9,25,0.00248651,-0.0465872,0,-0.00557819,0.0261036,0.000770203,0.00864471,-0.00108347
10,25,0.00861276,-0.0523119,0,0.00470246,0.0173926,0.000419475,0.0212121,-0.00081736
1,26,-0.00163824,-0.313202,0,-0.014778,-0.00173287,0.000307438,0.00427564,0.00468009
2,26,0.002217,-0.313371,0,-0.00767966,0.000875188,-0.00228747,-0.0132707,0.00182046
3,26,-0.00433012,-0.250328,0,0.00690794,0.00155782,-0.00037114,-0.00012147,-0.00205887
4,26,-0.00248499,-0.34097,0,-0.020558,-0.0103763,0.000413473,-0.00956054,0.000421907
5,26,-0.00398402,-0.257014,0,-0.0104715,0.00137777,0.000207364,-0.00298271,0.0024383
6,26,-0.00140462,-0.250105,0,0.00138373,-0.0244832,0.000167326,-0.0101185,-0.000971971
7,26,-0.00684293,-0.219764,0,-0.0057425,-0.0118104,-0.000437347,0.000173892,-0.00240485
8,26,7.92764e-05,-0.246305,0,-0.00096758,-0.0232524,0.00172931,0.00820944,0.00108817
9,26,0.00858848,-0.256562,0,-0.00854039,0.00987117,0.00027107,-0.00315737,0.00208086
10,26,-0.00113639,-0.254148,0,0.0177498,0.00282588,-0.000260678,-0.0194919,0.000128881
1,27,-0.00220224,-0.1755,0,0.0109478,-0.0241087,-0.000533385,0.00253516,0.00223176
2,27,-0.00157635,-0.166473,0,-0.00458178,0.0115996,-0.0018053,0.00629985,-0.000302467
3,27,0.00573043,-0.138414,0,0.00491209,-0.00600539,0.00110371,0.00753847,0.00182281
4,27,0.0023106,-0.220077,0,-0.0106299,0.0145585,-0.0013827,-0.0151317,-0.00139813
5,27,0.000184422,-0.185426,0,-0.00482775,0.00689831,0.000378956,0.000957624,0.001054
6,27,0.00132471,-0.175059,0,-0.011206,0.00305223,0.00212821,0.00751093,0.00310306
7,27,-0.00281267,-0.134723,0,0.0260606,-0.00362087,-7.85136e-05,-0.0119492,-0.00125173
8,27,0.00387049,-0.161385,0,0.00879537,-0.0107365,-0.000327409,-0.00122884,0.00184522
9,27,-0.00172299,-0.133064,0,0.0186979,-0.0241799,0.000996007,-0.00205368,0.000999843
10,27,0.00710052,-0.1092,0,0.0118869,0.00665408,-0.00127126,9.9458e-05,-0.000421453
1,28,-0.00429268,0.351233,0,-0.000651091,-0.0109315,0.00111071,0.00128556,-0.000754814
2,28,0.00466663,0.330159,0,0.0351781,0.0101788,0.0013608,0.000764881,-0.00081108
3,28,-0.000168527,0.294208,0,0.027237,0.0097293,-0.000961287,-0.00476677,0.000590057
4,28,0.00215534,0.301723,0,0.0100202,0.00814895,-0.00135665,-0.00748949,7.50978e-05
5,28,0.0108919,0.34243,0,0.0226123,-0.00493604,0.000871217,-0.00578088,-0.000237619
6,28,-0.00107324,0.287198,0,0.0132818,0.0111265,0.00187765,-0.00874595,0.000717458
7,28,0.00108463,0.329755,0,0.0233996,-0.00319455,0.0021958,-0.00558309,-0.000103259
8,28,0.00436867,0.353655,0,0.0212776,0.00746764,-0.0014095,-0.00098579,0.00193381
9,28,0.00223514,0.380795,0,0.0146145,-0.0028387,0.00157374,0.000644926,0.000398192
10,28,0.00494482,0.329456,0,0.0202207,0.020218,-0.000801131,0.00394351,0.00130355
1,29,0.00123297,-0.086513,0,0.000638014,-0.00737738,0.00103272,0.00900968,-0.00239299
2,29,0.00215543,-0.0394971,0,0.000289923,-0.0118412,0.000883629,0.00420686,4.07772e-05
3,29,0.00233624,-0.0302559,0,0.00319799,0.00627577,-0.00204353,0.0176209,0.000764299
4,29,0.00257763,-0.13698,0,0.00601811,0.00617809,0.000109415,0.0128715,-0.00303065
5,29,-0.00495147,-0.106803,0,0.00570659,0.00387769,0.00142483,0.00757562,-0.00156047
6,29,-0.000346485,-0.161542,0,0.00517935,0.0133105,-8.10684e-05,0.0036587,-0.00148537
7,29,0.00389351,-0.0730344,0,0.021158,-0.00579023,0.000380513,0.00207629,0.00012059
8,29,0.00482416,-0.130804,0,0.00415444,-0.0169824,-0.00136065,-0.00191472,-0.00223194
9,29,-0.00251855,-0.0246802,0,0.0260829,0.0188021,-0.000783446,0.00171358,-0.00314015
10,29,5.87801e-05,-0.0850272,0,0.0184546,-0.0016658,0.00187051,0.0124816,0.0014215
1,30,-0.00134783,0.477739,0,-0.00730323,-0.015172,0.00237309,-0.0118517,0.00132109
2,30,9.87669e-06,0.496707,0,0.0107495,-0.00371962,0.000504469,0.00331437,-0.00134566
3,30,-0.00403188,0.457399,0,-0.00348657,-0.0260675,-0.000294794,0.0029791,7.16383e-05
4,30,0.00794194,0.438795,0,-0.0161502,-0.0156675,0.00120323,-0.000448663,0.00182468
5,30,-0.00383126,0.459487,0,-0.018919,-0.00130255,-0.00267964,-0.00886999,-0.00123998
6,30,0.00794836,0.509975,0,0.00840211,-0.0105665,0.001004,0.00780667,0.00241848
7,30,0.00411867,0.496755,0,0.00703873,0.0081565,0.00350831,-0.00519155,-0.0033141
8,30,0.00465866,0.446823,0,-0.0318751,-0.000993573,0.002663,0.00263892,-0.00207241
9,30,0.00313207,0.491162,0,-0.00210224,-6.71704e-05,0.00350312,-0.00720099,0.000384723
10,30,0.00167749,0.498764,0,0.0246333,-0.00680875,0.00179039,-0.00566999,0.00046653
1,31,0.00328871,0.168702,0,0.016083,0.023659,0.000298765,0.00734035,-0.00301794
2,31,0.000408019,0.21514,0,0.033754,-0.00303598,0.000662653,-0.00475333,0.000338692
3,31,-0.00611971,0.185554,0,-0.00252476,-0.0130112,0.00172297,0.00251801,0.000394982
4,31,-0.00392268,0.168216,0,0.0256861,-0.000855035,0.00246211,0.000413782,-0.00404489
5,31,0.000794586,0.126626,0,0.0197492,-0.00350123,0.00228152,0.00331557,-0.000218959
6,31,0.00397099,0.191811,0,0.0144099,0.00316462,0.00371814,-0.00981078,-0.00302085
7,31,0.000867885,0.137968,0,0.00469694,0.00733929,0.00110646,0.00378571,-0.00222363
8,31,0.00100335,0.155096,0,0.00505031,-0.00141128,2.73119e-05,-0.00231056,-0.00225848
9,31,0.000156135,0.167596,0,0.0190765,-4.96118e-05,0.00256801,0.0092873,0.00071186
10,31,-0.00070767,0.136369,0,-0.00118634,0.00632498,0.00363697,-0.000495658,-0.00234907
1,32,-0.00273769,-0.702279,0,0.00557189,0.00259092,-0.00189767,-0.0113776,0.000299489
2,32,-0.00406779,-0.789399,0,0.0116268,0.000299617,-0.00139172,0.00106352,0.000495641
3,32,0.000175752,-0.740575,0,3.48745e-05,-0.0132462,0.00125463,-0.00594158,-0.00142814
4,32,0.00497461,-0.744253,0,0.0128293,-0.00648828,0.00197408,-0.00509115,0.00218845
5,32,-0.000245938,-0.751209,0,0.00846046,0.00166104,0.00103136,-0.00477363,-0.000737395
6,32,0.00274901,-0.699325,0,-0.00475113,-0.00415354,-0.000135187,0.00729885,0.00179799
7,32,0.000100373,-0.78148,0,-0.00045302,0.0172965,-0.00167598,-0.0037061,0.00282309
8,32,0.000276091,-0.7796,0,-0.0159384,0.00192977,-0.000806741,0.00895671,0.00399538
9,32,0.00187928,-0.695893,0,0.015265,-0.00207574,0.00120433,-0.00190116,-0.000600439
10,32,-0.00187627,-0.70203,0,0.00683617,0.0221691,-0.00204218,-0.000522243,0.000608966
1,33,-0.00880754,0.058294,0,0.00748596,-0.0139752,0.000217564,0.00694389,-0.000811682
2,33,0.00151905,0.100952,0,-0.0125692,0.0142075,-0.00129273,0.00508602,0.00048725
3,33,-0.00370265,0.113732,0,0.0236008,-0.0183432,0.00114703,0.00198628,-0.000168238
4,33,-0.00169856,0.145091,0,0.00207563,-0.00381309,-0.00114832,0.00913965,-0.00245295
5,33,-0.00341537,0.179039,0,-0.00987708,-0.02441,0.00137352,-0.00174765,-0.00229034
6,33,-0.00168894,0.112402,0,-0.0175955,0.0103725,0.00107522,0.0143183,-0.00259033
7,33,-0.00302437,0.103366,0,0.0146541,0.0111044,0.00187451,-0.00872658,-0.00196431
8,33,-0.00137449,0.117422,0,-0.00620722,-0.0189882,-0.00206793,0.00625006,-0.00377238
9,33,-0.000780139,0.0948425,0,0.00104262,0.00227326,0.00219706,0.00609273,-1.10219e-05
10,33,-0.00101126,0.124912,0,0.00669443,-0.0224008,0.00334234,0.0046956,-0.00161117
1,34,-0.00100359,0.366179,0,-0.00426345,0.0213542,-0.0018676,0.00636749,0.00115497
2,34,0.00186556,0.289791,0,0.0131258,-0.00193975,0.000906311,-0.00112142,0.000683153
3,34,0.00445412,0.354668,0,0.00140557,0.00641759,-0.0010228,0.00641187,0.000105618
4,34,-0.00139639,0.326012,0,0.0122467,0.0161863,0.000390759,0.00814068,-0.00028304
5,34,0.00423161,0.28956,0,0.00351862,0.00586492,-0.00189106,-0.00201166,0.00032007
6,34,-0.00253521,0.283292,0,0.00664635,0.0182309,0.00111171,-0.00976405,0.0003709
7,34,0.00349993,0.298189,0,0.011751,0.0080965,-0.000789103,-0.00265234,-9.76788e-05
8,34,0.00437664,0.322229,0,-0.00730455,0.00691936,0.000379853,-0.00831655,-0.00205742
9,34,0.00324851,0.302945,0,-0.0130494,0.0152623,-0.00136152,0.00114848,-0.00244905
10,34,0.00386995,0.268005,0,-0.00123702,0.00346164,0.000687145,0.00303181,-0.00103074
1,35,-0.00297668,-0.341103,0,-0.00757645,0.00961152,0.000602532,-0.00730476,-0.000214249
2,35,0.00477151,-0.288143,0,-0.018114,-0.016053,0.000330283,0.0121169,0.00157126
3,35,-0.00119412,-0.326591,0,-0.00343966,0.00240396,-0.0011187,-0.00205357,0.00192521
4,35,0.00666267,-0.328879,0,0.00136926,0.00140604,-0.0021843,-0.000601247,-0.00136834
5,35,-0.000271825,-0.385325,0,-0.00969477,0.0111723,0.00189231,0.00189561,-0.000727884
6,35,0.00597702,-0.243551,0,0.0136125,-0.0171573,0.000688042,-0.00380617,0.000918903
7,35,-0.00140365,-0.363228,0,-0.0118736,0.00569452,-0.0008529,-0.00651429,7.03733e-05
8,35,0.00183879,-0.329837,0,0.013006,-0.00425318,0.00164357,-0.00227702,-0.00060199
9,35,-0.00443075,-0.322815,0,0.00489784,-0.00160932,0.000975575,-0.0165945,0.000351485
10,35,0.00515948,-0.343747,0,0.00996839,0.00575344,-0.000146791,0.00363349,-0.000310906
1,36,-0.0040386,-0.556033,0,0.00378339,0.000657611,-0.000713504,-0.00972418,-2.05255e-05
2,36,1.26426e-06,-0.567129,0,-0.00830078,0.00353512,-0.00275376,-0.00518052,-0.0014983
3,36,-0.000128541,-0.492598,0,0.00220828,0.0100557,-0.00127028,-0.0146553,0.000124618
4,36,-0.00419337,-0.540944,0,-0.0125951,-0.00362965,-3.1164e-05,-0.0021744,0.00241124
5,36,-0.00164009,-0.526444,0,-0.0119686,-7.71181e-06,-0.00133756,-0.0114714,-0.000204149
6,36,-0.00180195,-0.548889,0,0.0137992,0.00106178,-0.00284691,-0.0157956,6.60652e-05
7,36,0.000408335,-0.519865,0,-0.0090361,-0.0103303,-0.00150638,0.0035125,0.00157692
8,36,-0.00445126,-0.469878,0,0.0243218,-0.00140066,-0.00229166,-0.00826255,0.0024641
9,36,0.000109652,-0.493976,0,-0.00789513,0.00155128,-0.00249308,-0.00788934,0.00362231
10,36,-0.00461171,-0.535471,0,-0.0308361,0.0102162,8.1405e-05,-0.00456473,0.00371539
1,37,0.000733102,-0.214995,0,0.00706197,0.0249754,-0.000509903,0.0027731,-0.0011531
2,37,0.00780661,-0.160726,0,0.0120115,-6.06851e-05,0.000906828,0.0144525,0.00162581
3,37,0.00146973,-0.200688,0,0.0091346,0.0195079,-0.00310155,0.00292864,0.000423675
4,37,0.00121624,-0.22794,0,0.0237548,-0.0218484,0.00221482,0.0129474,0.00210428
5,37,-0.0020727,-0.20612,0,0.00339402,0.00850619,-0.000226282,0.00186169,4.09989e-05
6,37,-0.00617207,-0.225317,0,-0.00330869,0.0212525,-3.54352e-05,-0.0057647,0.000326513
7,37,0.00181512,-0.188352,0,-0.00020902,0.0255923,-0.000790992,0.00380181,0.00254277
8,37,0.00232046,-0.232956,0,-0.00896287,-0.00762524,-0.000323407,0.00955889,-0.00249267
9,37,-0.00145191,-0.184924,0,0.00631736,-0.00677975,-0.00251321,0.00266164,0.000495692
10,37,1.29105e-05,-0.176128,0,-0.0110452,-0.000176626,0.000680612,0.00101766,-0.00234132
1,38,-0.000209955,-0.344833,0,-0.00256695,-0.00549057,0.00011256,-0.00202175,-0.00349605
2,38,-0.001685,-0.232116,0,0.00332179,-0.0151873,0.000869846,0.0103323,6.81709e-05
3,38,-0.000626489,-0.235659,0,-0.0227082,-0.012126,0.000767395,0.01283,-0.000406276
4,38,-0.00250504,-0.246119,0,-0.0168691,0.00177702,-0.000416894,0.00641807,0.00433014
5,38,-0.00184713,-0.273948,0,-0.0272925,-0.0171511,-0.00319356,-0.000322527,-0.00107154
6,38,0.000919979,-0.314933,0,-0.00922281,-0.0224889,-0.00225469,0.00574708,-0.000544064
7,38,-0.00160431,-0.314483,0,-0.0220498,0.00916965,-0.00311686,0.00457936,-0.000185491
8,38,-0.00344668,-0.320928,0,-0.0189536,0.00056409,-0.001009,0.0135624,-0.00310282
9,38,-0.00202987,-0.324694,0,0.00348143,0.00622766,0.000604709,0.0052999,-0.000960696
10,38,-0.00146755,-0.345284,0,-0.00882311,-0.0135416,-0.00043438,-0.00454288,-0.00333116
1,39,7.07033e-05,-0.156334,0,0.00338693,-0.00056476,0.00256432,-0.00611713,0.000288957
2,39,0.0034203,-0.158677,0,0.0128664,-0.0186522,-0.000141482,0.000179346,-0.00105854
3,39,0.000985388,-0.166821,0,-0.0186086,0.0134323,7.56397e-05,0.00215745,-0.000727727
4,39,-0.0021678,-0.125438,0,-0.0121396,0.0176757,0.000279538,-0.00191426,0.000249257
5,39,0.000877312,-0.198884,0,-0.0102516,-0.00227249,-0.00189536,0.00628941,0.00141231
6,39,-0.00218748,-0.116344,0,0.0116577,0.0191915,0.000889326,-0.00691188,-0.00237657
7,39,0.00323515,-0.211315,0,-0.0364956,-0.0116009,-0.00110783,0.000211148,0.000641904
8,39,0.00233474,-0.126968,0,0.0244536,-0.0155295,-0.00104394,-0.000741212,0.00337119
9,39,-0.0015131,-0.168375,0,-0.00443615,-0.0320724,0.00150361,0.00506822,-0.00165288
10,39,0.00288893,-0.233589,0,0.00828513,0.0014718,-0.000546816,-0.000180456,0.00328094
1,40,-0.00481206,0.478901,0,-0.00575197,-0.0135264,-0.00144975,0.0126017,6.8899e-05
2,40,0.000101773,0.480672,0,0.000789466,-0.00292795,-0.00106879,0.0113752,0.00139712
3,40,-0.0018841,0.394781,0,-0.0167841,-0.00591394,-0.000557017,-0.00439509,-0.000596081
4,40,0.00133191,0.450827,0,-0.0202523,-0.0133721,-0.000740593,7.19423e-05,0.00109403
5,40,0.000448857,0.484428,0,-0.00192435,-0.0183023,0.000119387,-0.00505574,-0.00251445
6,40,-0.000370017,0.363752,0,0.0190993,0.00530225,-2.25327e-05,-0.000213824,0.00198906
7,40,-0.00235639,0.444598,0,-0.0173194,0.0148975,-0.00117774,-0.00888529,-0.00107076
8,40,0.00268921,0.475341,0,0.00291708,0.0260772,0.000317583,-0.00477012,-0.00134368
9,40,-0.0013154,0.556802,0,0.00730407,0.00818468,-0.00208092,-0.0085267,-0.00139975
10,40,4.31475e-05,0.422535,0,-0.00912856,0.0173832,9.11111e-05,-0.00646083,-0.00209182
1,41,-0.0086817,0.0420311,0,0.00553536,0.014832,-2.69128e-05,-0.0054296,0.000225642
2,41,-0.00370727,0.0157664,0,-0.0018092,0.0100676,0.000156624,-0.00204325,-0.00203712
3,41,-0.00315536,0.0174578,0,0.0152529,0.00651456,0.00133225,0.0123083,-0.000852987
4,41,0.000108446,0.0778996,0,0.005862,0.0115299,-0.000328782,0.0137706,-0.000344586
5,41,-0.00518118,0.0313261,0,0.0124902,0.00150244,-0.0030908,0.0149929,0.000278387
6,41,-0.00476389,0.0738703,0,0.0077734,0.00683903,0.00109504,-0.00588571,-4.73446e-05
7,41,-0.00387361,0.0911279,0,0.00503034,0.00867437,-7.54072e-05,-0.00435464,-0.00235546
8,41,-0.00276614,0.199837,0,0.00017496,0.00848634,0.000567943,0.0142318,-0.00106924
9,41,0.00200913,0.0650946,0,0.00451835,0.0020606,0.00143192,0.0100033,0.00243539
10,41,-0.00275831,0.0545654,0,0.0317198,0.000469987,0.000156417,-0.00296479,-0.000963877
1,42,0.0054414,0.111051,0,-0.00760218,0.00899106,-0.000274871,-0.000216298,0.00236542
2,42,-0.00467648,0.141825,0,-0.0171161,0.0113127,0.000254492,-0.00985047,-0.00130187
3,42,0.00107074,0.0677691,0,-0.0211203,-0.0240916,0.00100212,-0.00522047,0.00286206
4,42,0.00074647,0.0784333,0,-0.0181533,-0.0145825,-0.000139425,-0.0053845,-0.0031859
5,42,0.00151566,0.100661,0,-0.00797295,-0.0228705,-0.000604726,-0.0131365,0.00247927
6,42,0.00253226,0.10783,0,-0.0183645,0.00365617,-0.00117076,-0.00995385,-0.000408671
7,42,0.00292335,0.104902,0,7.96111e-05,0.00837294,0.00106596,-0.00870255,-0.000495651
8,42,0.0053522,0.130336,0,-0.0028409,-0.00970278,0.00110397,0.00579106,0.0025026
9,42,-0.00557256,0.0866747,0,0.000978757,-0.00602329,0.00132083,0.00536347,0.00206676
10,42,0.00136786,0.119993,0,0.0035139,-0.0131089,-0.00141052,0.00371847,-0.00101692
1,43,-0.000962993,-0.210943,0,0.00540724,0.0149125,-0.00127946,0.00313141,-0.00102389
2,43,0.00256213,-0.223021,0,-0.00640002,-0.00306346,0.000337529,0.0024751,0.00123249
3,43,-0.00230845,-0.221561,0,-0.00454701,-0.00183726,5.62047e-05,0.00719062,-0.00177501
4,43,-0.000850155,-0.178629,0,-0.00504976,-0.0160883,-0.00103487,0.00429514,-0.00382268
5,43,-0.00437653,-0.262113,0,0.0202524,-0.00663241,-0.000327819,-0.000816091,0.000292513
6,43,-0.00196098,-0.229049,0,-0.00554916,-0.00487677,-0.000964955,0.00736202,-0.000330976
7,43,-0.000522568,-0.237491,0,-0.0150796,-0.00365284,-0.00230881,0.00474778,0.000448366
8,43,-0.00452396,-0.214295,0,0.0287267,-0.0120891,-0.0023213,0.0156111,-0.000576594
9,43,0.00847483,-0.144851,0,-0.0167577,-0.00548262,-3.21485e-05,0.0100403,-0.00453008
10,43,0.00408416,-0.22758,0,-0.0134157,-0.0048841,-0.00135395,-0.0118533,-0.00534545
1,44,-0.00113397,0.14866,0,-0.00908255,-0.000786576,0.00200273,-0.0105056,0.00294374
2,44,-0.000545322,0.119459,0,0.0124139,0.0149972,0.000592784,-0.00601636,7.11239e-05
3,44,-0.00175652,0.139624,0,0.0163304,0.00126478,-2.10043e-06,-0.01754,-0.000564341
4,44,-0.000382671,0.0667295,0,-0.0136755,-0.0121181,0.00294048,-0.00774261,-0.00199008
5,44,0.00212783,0.13853,0,-0.00546511,0.00849727,-5.18599e-05,-0.018665,-0.000836609
6,44,-0.00327053,0.0686663,0,0.00164716,-0.0153402,0.000476344,0.00508954,0.00220523
7,44,-0.000756487,0.154977,0,-0.00236745,-0.0191507,-0.000991096,0.000220294,0.00153615
8,44,0.00387365,0.117716,0,-0.00356423,-0.00175526,0.00113649,-0.00905777,0.000817935
9,44,0.00202634,0.170013,0,-0.0037866,-0.00688143,-0.00140806,-0.00787953,0.000715717
10,44,0.00507234,0.121803,0,-0.0179294,-0.0146909,0.00161887,-0.00143525,0.00289195
1,45,0.000798331,-0.395423,0,-0.0114859,0.00812392,-0.000167191,0.00551732,0.000216196
2,45,-0.00265108,-0.291191,0,-0.00219784,-0.000126956,0.00249298,0.0104104,-0.000558184
3,45,-0.00164907,-0.36973,0,0.0106614,0.00808634,-0.000746613,0.0101029,-0.000749314
4,45,-0.00130957,-0.281978,0,-0.00672109,-0.0122086,-0.000490285,0.000891924,-0.00182364
5,45,-0.00647602,-0.381907,0,-0.0157378,0.00786002,-3.92519e-05,0.00497388,-0.00252356
6,45,0.000652831,-0.316314,0,-0.02172,0.00741429,-8.28089e-05,0.00847158,-7.37653e-05
7,45,0.0019748,-0.34129,0,0.0213746,0.0117181,0.000594637,0.0120057,0.000862752
8,45,-0.0077793,-0.371338,0,0.0132383,0.0214511,-0.0020052,-0.00186395,0.00124617
9,45,-0.00263062,-0.403008,0,-0.020083,0.0258814,0.00385377,0.00416436,-0.000465553
10,45,0.00239717,-0.346813,0,-0.00353079,0.024383,0.00210157,0.00400693,-0.00233607
