rep,id,eta_Cl,eta_V1,eta_Q,eta_V2,eta_S,eta_R0,eta_gamma,eta_MTT
1,1,0,-0.598656,0,0,0,0.000301448,0,0
2,1,0,-0.591782,0,0,0,0.00335026,0,0
3,1,0,-0.58215,0,0,0,0.00130276,0,0
4,1,0,-0.550267,0,0,0,-0.00323528,0,0
5,1,0,-0.545852,0,0,0,0.00477126,0,0
6,1,0,-0.541678,0,0,0,-0.00130635,0,0
7,1,0,-0.532546,0,0,0,-0.000327656,0,0
8,1,0,-0.589485,0,0,0,0.00225495,0,0
9,1,0,-0.456805,0,0,0,0.000427904,0,0
10,1,0,-0.591448,0,0,0,-0.00416574,0,0
1,2,0,-0.348727,0,0,0,-0.00121334,0,0
2,2,0,-0.188727,0,0,0,0.00548102,0,0
3,2,0,-0.274889,0,0,0,0.00218408,0,0
4,2,0,-0.292633,0,0,0,0.00092161,0,0
5,2,0,-0.254046,0,0,0,0.00467164,0,0
6,2,0,-0.302998,0,0,0,-0.00110086,0,0
7,2,0,-0.274571,0,0,0,-0.00280399,0,0
8,2,0,-0.224547,0,0,0,0.000557893,0,0
9,2,0,-0.216913,0,0,0,0.00106425,0,0
10,2,0,-0.216919,0,0,0,0.00302609,0,0
1,3,0,0.2557,0,0,0,0.000586925,0,0
2,3,0,0.298184,0,0,0,-0.0022925,0,0
3,3,0,0.336559,0,0,0,0.00201673,0,0
4,3,0,0.360348,0,0,0,-0.00349217,0,0
5,3,0,0.337337,0,0,0,-0.000503258,0,0
6,3,0,0.317859,0,0,0,-0.00457825,0,0
7,3,0,0.396038,0,0,0,-0.0055033,0,0
8,3,0,0.332534,0,0,0,0.001047,0,0
9,3,0,0.295959,0,0,0,7.40671e-05,0,0
10,3,0,0.365841,0,0,0,0.000953565,0,0
1,4,0,0.0105991,0,0,0,-0.000618787,0,0
2,4,0,0.0284783,0,0,0,-0.000847839,0,0
3,4,0,0.0426466,0,0,0,0.00242501,0,0
4,4,0,0.0301777,0,0,0,-0.000524383,0,0
5,4,0,0.0883222,0,0,0,0.000675596,0,0
6,4,0,-0.0318537,0,0,0,-0.000512258,0,0
7,4,0,0.0228355,0,0,0,0.0006874,0,0
8,4,0,-0.0219641,0,0,0,-0.00268746,0,0
9,4,0,-0.00154715,0,0,0,-0.000588444,0,0
10,4,0,-0.0208969,0,0,0,0.00109225,0,0
1,5,0,0.520726,0,0,0,0.00061234,0,0
2,5,0,0.547432,0,0,0,0.000732131,0,0
3,5,0,0.468621,0,0,0,0.00415135,0,0
4,5,0,0.508676,0,0,0,0.00149423,0,0
5,5,0,0.581702,0,0,0,0.000480539,0,0
6,5,0,0.547228,0,0,0,-0.00167795,0,0
7,5,0,0.494199,0,0,0,0.00209494,0,0
8,5,0,0.493524,0,0,0,0.00239973,0,0
9,5,0,0.48326,0,0,0,-0.000357907,0,0
10,5,0,0.517833,0,0,0,-0.000189025,0,0
1,6,0,0.38299,0,0,0,0.000892964,0,0
2,6,0,0.418185,0,0,0,0.00186032,0,0
3,6,0,0.33286,0,0,0,0.000574945,0,0
4,6,0,0.433121,0,0,0,-0.00165329,0,0
5,6,0,0.430126,0,0,0,0.00279425,0,0
6,6,0,0.414776,0,0,0,-0.00217348,0,0
7,6,0,0.415285,0,0,0,-0.000401006,0,0
8,6,0,0.464235,0,0,0,0.00140233,0,0
9,6,0,0.371596,0,0,0,-0.000679282,0,0
10,6,0,0.381992,0,0,0,0.000521421,0,0
1,7,0,0.0424613,0,0,0,0.000966594,0,0
2,7,0,0.0419372,0,0,0,-0.00176221,0,0
3,7,0,0.0191741,0,0,0,0.00211101,0,0
4,7,0,0.073691,0,0,0,0.0017515,0,0
5,7,0,0.055089,0,0,0,0.000924065,0,0
6,7,0,0.0671159,0,0,0,-0.00159767,0,0
7,7,0,-0.0337189,0,0,0,0.00653084,0,0
8,7,0,0.0266983,0,0,0,-0.00109439,0,0
9,7,0,0.0576131,0,0,0,0.000662274,0,0
10,7,0,0.0647585,0,0,0,-0.00207132,0,0
1,8,0,0.369493,0,0,0,-0.00135181,0,0
2,8,0,0.39959,0,0,0,-0.00310455,0,0
3,8,0,0.36622,0,0,0,-0.00320396,0,0
4,8,0,0.409844,0,0,0,-0.00132171,0,0
5,8,0,0.336237,0,0,0,-0.00215408,0,0
6,8,0,0.431229,0,0,0,0.00158452,0,0
7,8,0,0.335625,0,0,0,2.10306e-05,0,0
8,8,0,0.429619,0,0,0,0.0014904,0,0
9,8,0,0.305501,0,0,0,0.00201279,0,0
10,8,0,0.395587,0,0,0,0.00114104,0,0
1,9,0,0.211831,0,0,0,-0.0027632,0,0
2,9,0,0.275656,0,0,0,-0.0008891,0,0
3,9,0,0.220996,0,0,0,-0.00161989,0,0
4,9,0,0.238813,0,0,0,-0.00129717,0,0
5,9,0,0.247884,0,0,0,-0.0016294,0,0
6,9,0,0.28518,0,0,0,-0.00180033,0,0
7,9,0,0.274288,0,0,0,-0.00302024,0,0
8,9,0,0.19289,0,0,0,-0.00340824,0,0
9,9,0,0.216873,0,0,0,0.000595878,0,0
10,9,0,0.233616,0,0,0,-0.00193978,0,0
1,10,0,0.325148,0,0,0,0.000840581,0,0
2,10,0,0.318669,0,0,0,0.00233685,0,0
3,10,0,0.338486,0,0,0,0.000333127,0,0
4,10,0,0.292844,0,0,0,0.00139909,0,0
5,10,0,0.292783,0,0,0,0.000589285,0,0
6,10,0,0.339412,0,0,0,-0.00242771,0,0
7,10,0,0.283413,0,0,0,0.00435982,0,0
8,10,0,0.275024,0,0,0,0.00032349,0,0
9,10,0,0.228722,0,0,0,0.00214565,0,0
10,10,0,0.294581,0,0,0,0.00283056,0,0
1,11,0,0.664935,0,0,0,0.00172049,0,0
2,11,0,0.63518,0,0,0,-0.000166978,0,0
3,11,0,0.677317,0,0,0,0.000788031,0,0
4,11,0,0.645642,0,0,0,0.00256057,0,0
5,11,0,0.685219,0,0,0,-0.00109622,0,0
6,11,0,0.600694,0,0,0,-0.00250111,0,0
7,11,0,0.629877,0,0,0,7.11614e-05,0,0
8,11,0,0.645931,0,0,0,0.00117639,0,0
9,11,0,0.614995,0,0,0,-0.00120502,0,0
10,11,0,0.706601,0,0,0,-0.00157982,0,0
1,12,0,-0.135891,0,0,0,-0.00351964,0,0
2,12,0,-0.203283,0,0,0,0.000315509,0,0
3,12,0,-0.186414,0,0,0,0.00128105,0,0
4,12,0,-0.128187,0,0,0,0.00368392,0,0
5,12,0,-0.188355,0,0,0,0.00176999,0,0
6,12,0,-0.148392,0,0,0,0.00140944,0,0
7,12,0,-0.166104,0,0,0,-0.00103091,0,0
8,12,0,-0.196324,0,0,0,0.00302432,0,0
9,12,0,-0.271519,0,0,0,-0.00322023,0,0
10,12,0,-0.289475,0,0,0,-0.00230797,0,0
1,13,0,-0.17676,0,0,0,-0.00205828,0,0
2,13,0,-0.161088,0,0,0,0.00281171,0,0
3,13,0,-0.207451,0,0,0,0.003274,0,0
4,13,0,-0.131901,0,0,0,-1.24603e-05,0,0
5,13,0,-0.172674,0,0,0,0.00228697,0,0
6,13,0,-0.258604,0,0,0,2.89285e-05,0,0
7,13,0,-0.209727,0,0,0,0.000182713,0,0
8,13,0,-0.25569,0,0,0,-0.00170661,0,0
9,13,0,-0.133179,0,0,0,-0.00115242,0,0
10,13,0,-0.149229,0,0,0,-0.00390882,0,0
1,14,0,-0.0635272,0,0,0,-0.000620918,0,0
2,14,0,-0.0896885,0,0,0,0.000664479,0,0
3,14,0,-0.0949346,0,0,0,0.000701162,0,0
4,14,0,-0.129028,0,0,0,-0.000283568,0,0
5,14,0,-0.0425588,0,0,0,0.00148307,0,0
6,14,0,-0.044461,0,0,0,-0.00110799,0,0
7,14,0,-0.0731476,0,0,0,0.000244732,0,0
8,14,0,-0.11284,0,0,0,0.00177565,0,0
9,14,0,-0.0447352,0,0,0,0.000310518,0,0
10,14,0,-0.0275125,0,0,0,-0.00161549,0,0
1,15,0,-0.0953346,0,0,0,-0.00230705,0,0
2,15,0,-0.0427268,0,0,0,0.00330448,0,0
3,15,0,-0.0180251,0,0,0,-0.00142649,0,0
4,15,0,0.00473616,0,0,0,0.0012304,0,0
5,15,0,-0.00105796,0,0,0,0.0010278,0,0
6,15,0,-0.0953776,0,0,0,-0.00256759,0,0
7,15,0,-0.0144337,0,0,0,-0.00362222,0,0
8,15,0,-0.0325395,0,0,0,-0.00232853,0,0
9,15,0,-0.085943,0,0,0,0.000424609,0,0
10,15,0,0.0109064,0,0,0,-0.00203091,0,0
1,16,0,-0.154976,0,0,0,0.000182901,0,0
2,16,0,-0.150886,0,0,0,0.00333164,0,0
3,16,0,-0.0693251,0,0,0,0.00119231,0,0
4,16,0,-0.0309502,0,0,0,-0.000392666,0,0
5,16,0,-0.140928,0,0,0,0.00166245,0,0
6,16,0,-0.0482263,0,0,0,-0.00124962,0,0
7,16,0,-0.136116,0,0,0,0.00354051,0,0
8,16,0,-0.150161,0,0,0,0.000801559,0,0
9,16,0,-0.139872,0,0,0,-0.00252424,0,0
10,16,0,-0.171224,0,0,0,0.00124145,0,0
1,17,0,-0.305473,0,0,0,-2.95314e-05,0,0
2,17,0,-0.323177,0,0,0,0.000722826,0,0
3,17,0,-0.283141,0,0,0,0.00387834,0,0
4,17,0,-0.35113,0,0,0,-0.00330537,0,0
5,17,0,-0.331499,0,0,0,-0.00394425,0,0
6,17,0,-0.346072,0,0,0,0.000402731,0,0
7,17,0,-0.354531,0,0,0,0.00256313,0,0
8,17,0,-0.332945,0,0,0,0.000101775,0,0
9,17,0,-0.41608,0,0,0,0.0002431,0,0
10,17,0,-0.309283,0,0,0,0.0011239,0,0
1,18,0,-0.0752532,0,0,0,-0.0015988,0,0
2,18,0,-0.0284169,0,0,0,-0.00273822,0,0
3,18,0,-0.141397,0,0,0,-0.00364447,0,0
4,18,0,-0.0567527,0,0,0,-0.00235931,0,0
5,18,0,-0.0300809,0,0,0,-3.73452e-05,0,0
6,18,0,-0.0625221,0,0,0,-0.00213082,0,0
7,18,0,-0.0505753,0,0,0,-0.00352868,0,0
8,18,0,-0.160065,0,0,0,-0.00325013,0,0
9,18,0,-0.0619453,0,0,0,-0.00191779,0,0
10,18,0,-0.0707133,0,0,0,-0.00147987,0,0
1,19,0,0.338141,0,0,0,-0.00275255,0,0
2,19,0,0.332626,0,0,0,-0.00104732,0,0
3,19,0,0.337178,0,0,0,0.00108354,0,0
4,19,0,0.352849,0,0,0,-0.00316916,0,0
5,19,0,0.332809,0,0,0,0.00130531,0,0
6,19,0,0.330392,0,0,0,-0.000594631,0,0
7,19,0,0.382885,0,0,0,0.00253192,0,0
8,19,0,0.331985,0,0,0,0.00156549,0,0
9,19,0,0.360643,0,0,0,0.00280349,0,0
10,19,0,0.33257,0,0,0,-0.000332478,0,0
1,20,0,-0.320548,0,0,0,0.00250242,0,0
2,20,0,-0.333832,0,0,0,0.00101328,0,0
3,20,0,-0.326279,0,0,0,-0.0015866,0,0
4,20,0,-0.376809,0,0,0,-0.000463746,0,0
5,20,0,-0.304554,0,0,0,0.00106778,0,0
6,20,0,-0.305976,0,0,0,-0.00502565,0,0
7,20,0,-0.355483,0,0,0,0.0013027,0,0
8,20,0,-0.375598,0,0,0,0.00167381,0,0
9,20,0,-0.328955,0,0,0,-0.00115677,0,0
10,20,0,-0.350491,0,0,0,-0.00256624,0,0
1,21,0,0.118418,0,0,0,0.000234194,0,0
2,21,0,0.0836496,0,0,0,0.00063695,0,0
3,21,0,0.145057,0,0,0,0.00010294,0,0
4,21,0,0.0952588,0,0,0,-0.0031742,0,0
5,21,0,0.109614,0,0,0,0.00209375,0,0
6,21,0,0.0751388,0,0,0,-0.00145413,0,0
7,21,0,0.0589433,0,0,0,0.00258004,0,0
8,21,0,0.0930433,0,0,0,-0.000938434,0,0
9,21,0,0.124709,0,0,0,-0.000383938,0,0
10,21,0,0.0967728,0,0,0,-0.00171677,0,0
1,22,0,-0.434986,0,0,0,-0.00164951,0,0
2,22,0,-0.399586,0,0,0,0.00437581,0,0
3,22,0,-0.341919,0,0,0,-0.000387998,0,0
4,22,0,-0.422366,0,0,0,-0.00156962,0,0
5,22,0,-0.362907,0,0,0,-0.00177105,0,0
6,22,0,-0.398839,0,0,0,2.93481e-05,0,0
7,22,0,-0.455989,0,0,0,-0.00173,0,0
8,22,0,-0.3444,0,0,0,-0.00241706,0,0
9,22,0,-0.354599,0,0,0,-0.000612091,0,0
10,22,0,-0.345196,0,0,0,0.000169755,0,0
1,23,0,0.524856,0,0,0,0.00165318,0,0
2,23,0,0.560142,0,0,0,-0.000811817,0,0
3,23,0,0.610533,0,0,0,-0.00272199,0,0
4,23,0,0.544166,0,0,0,6.08075e-07,0,0
5,23,0,0.547588,0,0,0,0.00131207,0,0
6,23,0,0.587597,0,0,0,-0.00191499,0,0
7,23,0,0.561935,0,0,0,-0.00242206,0,0
8,23,0,0.544768,0,0,0,-0.00199054,0,0
9,23,0,0.579391,0,0,0,-0.00119031,0,0
10,23,0,0.546071,0,0,0,-0.00369266,0,0
1,24,0,0.0981271,0,0,0,-0.000477207,0,0
2,24,0,0.0782448,0,0,0,0.00168026,0,0
3,24,0,0.0890275,0,0,0,-0.00183477,0,0
4,24,0,0.0821248,0,0,0,0.00357017,0,0
5,24,0,0.0337434,0,0,0,0.0023221,0,0
6,24,0,0.0747812,0,0,0,0.000175565,0,0
7,24,0,0.07621,0,0,0,-0.00111332,0,0
8,24,0,0.0979926,0,0,0,0.00123621,0,0
9,24,0,0.0584257,0,0,0,-0.00395858,0,0
10,24,0,0.0915051,0,0,0,-0.00205651,0,0
1,25,0,-0.0898648,0,0,0,-0.000687568,0,0
2,25,0,-0.0807488,0,0,0,0.00128269,0,0
3,25,0,-0.105879,0,0,0,0.000550749,0,0
4,25,0,-0.081045,0,0,0,0.000948298,0,0
5,25,0,-0.0928581,0,0,0,0.00169116,0,0
6,25,0,-0.0462714,0,0,0,0.00178322,0,0
7,25,0,-0.0863062,0,0,0,0.000689563,0,0
8,25,0,-0.086334,0,0,0,-0.0058162,0,0
9,25,0,-0.107483,0,0,0,6.68524e-05,0,0
10,25,0,-0.0975223,0,0,0,-0.00129157,0,0
1,26,0,-0.267298,0,0,0,-0.000721695,0,0
2,26,0,-0.213966,0,0,0,0.00098236,0,0
3,26,0,-0.285117,0,0,0,0.00376232,0,0
4,26,0,-0.310537,0,0,0,0.00204686,0,0
5,26,0,-0.274785,0,0,0,-0.00185375,0,0
6,26,0,-0.212341,0,0,0,-0.00145254,0,0
7,26,0,-0.230782,0,0,0,0.00273112,0,0
8,26,0,-0.225777,0,0,0,-0.00305928,0,0
9,26,0,-0.274074,0,0,0,-0.000455733,0,0
10,26,0,-0.239522,0,0,0,-0.00400696,0,0
1,27,0,-0.161191,0,0,0,-0.000781159,0,0
2,27,0,-0.14308,0,0,0,0.000682227,0,0
3,27,0,-0.204325,0,0,0,-0.000501934,0,0
4,27,0,-0.158138,0,0,0,-0.000374629,0,0
5,27,0,-0.167009,0,0,0,-0.0010776,0,0
6,27,0,-0.143101,0,0,0,0.000726971,0,0
7,27,0,-0.14097,0,0,0,-0.00120765,0,0
8,27,0,-0.138964,0,0,0,-0.00050337,0,0
9,27,0,-0.166071,0,0,0,0.000634341,0,0
10,27,0,-0.173101,0,0,0,0.000514447,0,0
1,28,0,0.33842,0,0,0,0.0014649,0,0
2,28,0,0.309374,0,0,0,0.0031025,0,0
3,28,0,0.348858,0,0,0,-0.00120403,0,0
4,28,0,0.259224,0,0,0,-0.00103356,0,0
5,28,0,0.33165,0,0,0,-0.00139162,0,0
6,28,0,0.329971,0,0,0,0.00227168,0,0
7,28,0,0.312917,0,0,0,-0.00216825,0,0
8,28,0,0.3043,0,0,0,0.000115469,0,0
9,28,0,0.234705,0,0,0,0.000435455,0,0
10,28,0,0.345716,0,0,0,-0.000371101,0,0
1,29,0,-0.105023,0,0,0,-0.000796159,0,0
2,29,0,-0.146716,0,0,0,0.00123312,0,0
3,29,0,-0.108241,0,0,0,-0.00331617,0,0
4,29,0,-0.0927978,0,0,0,0.000756913,0,0
5,29,0,-0.115011,0,0,0,-0.00126879,0,0
6,29,0,-0.108543,0,0,0,0.00144153,0,0
7,29,0,-0.0837052,0,0,0,-0.00479518,0,0
8,29,0,-0.0889765,0,0,0,0.00166071,0,0
9,29,0,-0.100421,0,0,0,-0.00213709,0,0
10,29,0,-0.0568196,0,0,0,0.00421578,0,0
1,30,0,0.437744,0,0,0,0.00225966,0,0
2,30,0,0.424611,0,0,0,0.00233284,0,0
3,30,0,0.485464,0,0,0,0.00330715,0,0
4,30,0,0.471734,0,0,0,0.0023234,0,0
5,30,0,0.468415,0,0,0,0.00120776,0,0
6,30,0,0.41974,0,0,0,0.00783077,0,0
7,30,0,0.46215,0,0,0,0.00314666,0,0
8,30,0,0.442883,0,0,0,0.00175034,0,0
9,30,0,0.473654,0,0,0,0.00174549,0,0
10,30,0,0.441044,0,0,0,0.00293632,0,0
1,31,0,0.1594,0,0,0,0.00257038,0,0
2,31,0,0.194805,0,0,0,0.000657699,0,0
3,31,0,0.13656,0,0,0,0.00113517,0,0
4,31,0,0.0804429,0,0,0,-0.000227973,0,0
5,31,0,0.0835757,0,0,0,0.003735,0,0
6,31,0,0.137052,0,0,0,3.49305e-05,0,0
7,31,0,0.147369,0,0,0,0.00254246,0,0
8,31,0,0.0650502,0,0,0,0.000868812,0,0
9,31,0,0.111366,0,0,0,0.00116153,0,0
10,31,0,0.0985074,0,0,0,-0.000524922,0,0
1,32,0,-0.733438,0,0,0,0.00175445,0,0
2,32,0,-0.829673,0,0,0,-0.00102527,0,0
3,32,0,-0.779497,0,0,0,0.00183268,0,0
4,32,0,-0.793719,0,0,0,-0.000399417,0,0
5,32,0,-0.750338,0,0,0,-0.000191397,0,0
6,32,0,-0.788886,0,0,0,0.00142216,0,0
7,32,0,-0.780897,0,0,0,-0.00103691,0,0
8,32,0,-0.7693,0,0,0,0.00529109,0,0
9,32,0,-0.788695,0,0,0,-8.88283e-05,0,0
10,32,0,-0.77061,0,0,0,-0.00302188,0,0
1,33,0,0.0979011,0,0,0,-0.00273115,0,0
2,33,0,0.131991,0,0,0,0.00112968,0,0
3,33,0,0.120776,0,0,0,0.00387576,0,0
4,33,0,0.114166,0,0,0,0.000172107,0,0
5,33,0,0.0936384,0,0,0,3.69737e-05,0,0
6,33,0,0.131192,0,0,0,8.02773e-05,0,0
7,33,0,0.0732492,0,0,0,0.000789214,0,0
8,33,0,0.111181,0,0,0,0.00122723,0,0
9,33,0,0.131963,0,0,0,-0.00179184,0,0
10,33,0,0.0239862,0,0,0,-0.000175876,0,0
1,34,0,0.277197,0,0,0,0.00282874,0,0
2,34,0,0.303856,0,0,0,-0.00020416,0,0
3,34,0,0.266482,0,0,0,-0.00363684,0,0
4,34,0,0.308923,0,0,0,-0.00110024,0,0
5,34,0,0.287699,0,0,0,-0.00219179,0,0
6,34,0,0.322252,0,0,0,-0.00289547,0,0
7,34,0,0.326474,0,0,0,0.00333433,0,0
8,34,0,0.41004,0,0,0,0.00508189,0,0
9,34,0,0.361333,0,0,0,-0.00176286,0,0
10,34,0,0.294057,0,0,0,0.0031437,0,0
1,35,0,-0.284569,0,0,0,-0.000969111,0,0
2,35,0,-0.415163,0,0,0,-6.45278e-05,0,0
3,35,0,-0.299466,0,0,0,0.0041058,0,0
4,35,0,-0.39024,0,0,0,-0.0034248,0,0
5,35,0,-0.383545,0,0,0,-0.000234131,0,0
6,35,0,-0.385939,0,0,0,0.00167431,0,0
7,35,0,-0.296781,0,0,0,0.0032216,0,0
8,35,0,-0.290616,0,0,0,-0.000252574,0,0
9,35,0,-0.387918,0,0,0,0.00071264,0,0
10,35,0,-0.301863,0,0,0,-0.000784038,0,0
1,36,0,-0.555118,0,0,0,-0.000282796,0,0
2,36,0,-0.465138,0,0,0,-0.00345723,0,0
3,36,0,-0.47585,0,0,0,-0.00566151,0,0
4,36,0,-0.504008,0,0,0,0.000560375,0,0
5,36,0,-0.421349,0,0,0,-0.00107192,0,0
6,36,0,-0.504008,0,0,0,-0.00382807,0,0
7,36,0,-0.459125,0,0,0,-0.00177923,0,0
8,36,0,-0.504008,0,0,0,-0.000691349,0,0
9,36,0,-0.453714,0,0,0,0.00065311,0,0
10,36,0,-0.455285,0,0,0,-0.000584676,0,0
1,37,0,-0.193666,0,0,0,0.00044441,0,0
2,37,0,-0.228692,0,0,0,0.00173551,0,0
3,37,0,-0.220111,0,0,0,-0.00165381,0,0
4,37,0,-0.241272,0,0,0,0.00104224,0,0
5,37,0,-0.199486,0,0,0,-0.00189109,0,0
6,37,0,-0.197785,0,0,0,-0.000731985,0,0
7,37,0,-0.185718,0,0,0,-0.00152121,0,0
8,37,0,-0.178881,0,0,0,0.00175363,0,0
9,37,0,-0.219297,0,0,0,0.0028354,0,0
10,37,0,-0.291031,0,0,0,0.000621859,0,0
1,38,0,-0.220887,0,0,0,-0.00579825,0,0
2,38,0,-0.258121,0,0,0,-0.000467473,0,0
3,38,0,-0.299146,0,0,0,-0.000753568,0,0
4,38,0,-0.293492,0,0,0,0.000627363,0,0
5,38,0,-0.253809,0,0,0,0.000926268,0,0
6,38,0,-0.299396,0,0,0,-0.00349263,0,0
7,38,0,-0.297901,0,0,0,0.000699585,0,0
8,38,0,-0.287336,0,0,0,-0.00132322,0,0
9,38,0,-0.247981,0,0,0,-0.00189514,0,0
10,38,0,-0.264796,0,0,0,0.000486565,0,0
1,39,0,-0.139547,0,0,0,-0.00185271,0,0
2,39,0,-0.159638,0,0,0,-0.000807974,0,0
3,39,0,-0.202157,0,0,0,0.00118313,0,0
4,39,0,-0.219986,0,0,0,0.00227299,0,0
5,39,0,-0.185712,0,0,0,0.000790202,0,0
6,39,0,-0.154968,0,0,0,-0.000936403,0,0
7,39,0,-0.173647,0,0,0,0.000417029,0,0
8,39,0,-0.18096,0,0,0,0.00504047,0,0
9,39,0,-0.152396,0,0,0,-0.00141662,0,0
10,39,0,-0.171626,0,0,0,-0.00200897,0,0
1,40,0,0.450744,0,0,0,0.00226207,0,0
2,40,0,0.445342,0,0,0,0.000644585,0,0
3,40,0,0.464725,0,0,0,-0.00122204,0,0
4,40,0,0.470863,0,0,0,0.00298165,0,0
5,40,0,0.461649,0,0,0,0.00218454,0,0
6,40,0,0.409571,0,0,0,-0.00184324,0,0
7,40,0,0.427458,0,0,0,0.00141856,0,0
8,40,0,0.4705,0,0,0,-0.000265166,0,0
9,40,0,0.430149,0,0,0,-0.00239921,0,0
10,40,0,0.470984,0,0,0,-0.00364623,0,0
1,41,0,0.0212071,0,0,0,0.00377048,0,0
2,41,0,0.0556858,0,0,0,-2.59919e-05,0,0
3,41,0,0.0877232,0,0,0,0.000636264,0,0
4,41,0,0.0860233,0,0,0,0.00474241,0,0
5,41,0,-0.0126077,0,0,0,0.00121082,0,0
6,41,0,0.02222,0,0,0,-0.000809853,0,0
7,41,0,0.0453058,0,0,0,-0.000982578,0,0
8,41,0,0.0380719,0,0,0,-4.17574e-05,0,0
9,41,0,0.101574,0,0,0,0.000551737,0,0
10,41,0,-5.73106e-05,0,0,0,-0.000990681,0,0
1,42,0,0.130961,0,0,0,0.00309135,0,0
2,42,0,0.112009,0,0,0,-0.00180429,0,0
3,42,0,0.11124,0,0,0,0.00137577,0,0
4,42,0,0.110095,0,0,0,0.00562878,0,0
5,42,0,0.0911243,0,0,0,-0.00121374,0,0
6,42,0,0.0931219,0,0,0,0.00343639,0,0
7,42,0,0.111471,0,0,0,-0.00236384,0,0
8,42,0,0.131948,0,0,0,-0.00193637,0,0
9,42,0,0.113167,0,0,0,-0.00117495,0,0
10,42,0,0.0920452,0,0,0,-0.00423945,0,0
1,43,0,-0.253919,0,0,0,-0.00159248,0,0
2,43,0,-0.23572,0,0,0,-0.00104368,0,0
3,43,0,-0.171512,0,0,0,-0.000693303,0,0
4,43,0,-0.196196,0,0,0,-0.001489,0,0
5,43,0,-0.219831,0,0,0,-0.00162959,0,0
6,43,0,-0.209111,0,0,0,-0.00273673,0,0
7,43,0,-0.198077,0,0,0,-0.00112367,0,0
8,43,0,-0.214574,0,0,0,-0.000308545,0,0
9,43,0,-0.208841,0,0,0,0.00188266,0,0
10,43,0,-0.211019,0,0,0,0.00219442,0,0
1,44,0,0.112009,0,0,0,8.10154e-05,0,0
2,44,0,0.123211,0,0,0,0.00377268,0,0
3,44,0,0.112009,0,0,0,0.00440372,0,0
4,44,0,0.0791978,0,0,0,0.000702093,0,0
5,44,0,0.0782456,0,0,0,0.00318605,0,0
6,44,0,0.114061,0,0,0,-0.00351372,0,0
7,44,0,0.134094,0,0,0,-0.00124776,0,0
8,44,0,0.0940494,0,0,0,0.00391338,0,0
9,44,0,0.111064,0,0,0,0.00315802,0,0
10,44,0,0.082369,0,0,0,-0.00215267,0,0
1,45,0,-0.353349,0,0,0,-0.00343935,0,0
2,45,0,-0.391065,0,0,0,-0.00227093,0,0
3,45,0,-0.323295,0,0,0,-0.00169144,0,0
4,45,0,-0.392724,0,0,0,-0.00316813,0,0
5,45,0,-0.370277,0,0,0,-0.0029246,0,0
6,45,0,-0.322504,0,0,0,-0.000784242,0,0
7,45,0,-0.386031,0,0,0,-0.00225018,0,0
8,45,0,-0.37953,0,0,0,-0.00370897,0,0
9,45,0,-0.32304,0,0,0,-0.00236988,0,0
10,45,0,-0.359482,0,0,0,-0.000409428,0,0
