rep,id,Cl,V1,Q,V2,S,R0,gamma,MTT
1,1,2.8907,0.404693,2.4977,5.15297,20.8999,982.392,0.434089,84.9756
2,1,2.8907,0.407485,2.4977,5.15297,20.8999,985.392,0.434089,84.9756
3,1,2.8907,0.411429,2.4977,5.15297,20.8999,983.376,0.434089,84.9756
4,1,2.8907,0.424758,2.4977,5.15297,20.8999,978.924,0.434089,84.9756
5,1,2.8907,0.426637,2.4977,5.15297,20.8999,986.793,0.434089,84.9756
6,1,2.8907,0.428422,2.4977,5.15297,20.8999,980.814,0.434089,84.9756
7,1,2.8907,0.432352,2.4977,5.15297,20.8999,981.774,0.434089,84.9756
8,1,2.8907,0.408422,2.4977,5.15297,20.8999,984.313,0.434089,84.9756
9,1,2.8907,0.466371,2.4977,5.15297,20.8999,982.516,0.434089,84.9756
10,1,2.8907,0.407621,2.4977,5.15297,20.8999,978.013,0.434089,84.9756
1,2,2.8907,0.519599,2.4977,5.15297,20.8999,980.905,0.434089,84.9756
2,2,2.8907,0.609756,2.4977,5.15297,20.8999,987.494,0.434089,84.9756
3,2,2.8907,0.559418,2.4977,5.15297,20.8999,984.243,0.434089,84.9756
4,2,2.8907,0.549579,2.4977,5.15297,20.8999,983.002,0.434089,84.9756
5,2,2.8907,0.5712,2.4977,5.15297,20.8999,986.695,0.434089,84.9756
6,2,2.8907,0.543912,2.4977,5.15297,20.8999,981.016,0.434089,84.9756
7,2,2.8907,0.559596,2.4977,5.15297,20.8999,979.346,0.434089,84.9756
8,2,2.8907,0.588301,2.4977,5.15297,20.8999,982.644,0.434089,84.9756
9,2,2.8907,0.592809,2.4977,5.15297,20.8999,983.142,0.434089,84.9756
10,2,2.8907,0.592805,2.4977,5.15297,20.8999,985.073,0.434089,84.9756
1,3,2.8907,0.950972,2.4977,5.15297,20.8999,982.673,0.434089,84.9756
2,3,2.8907,0.992244,2.4977,5.15297,20.8999,979.847,0.434089,84.9756
3,3,2.8907,1.03106,2.4977,5.15297,20.8999,984.079,0.434089,84.9756
4,3,2.8907,1.05588,2.4977,5.15297,20.8999,978.672,0.434089,84.9756
5,3,2.8907,1.03186,2.4977,5.15297,20.8999,981.602,0.434089,84.9756
6,3,2.8907,1.01196,2.4977,5.15297,20.8999,977.61,0.434089,84.9756
7,3,2.8907,1.09425,2.4977,5.15297,20.8999,976.706,0.434089,84.9756
8,3,2.8907,1.02692,2.4977,5.15297,20.8999,983.125,0.434089,84.9756
9,3,2.8907,0.990039,2.4977,5.15297,20.8999,982.169,0.434089,84.9756
10,3,2.8907,1.0617,2.4977,5.15297,20.8999,983.033,0.434089,84.9756
1,4,2.8907,0.744256,2.4977,5.15297,20.8999,981.489,0.434089,84.9756
2,4,2.8907,0.757682,2.4977,5.15297,20.8999,981.264,0.434089,84.9756
3,4,2.8907,0.768493,2.4977,5.15297,20.8999,984.481,0.434089,84.9756
4,4,2.8907,0.758971,2.4977,5.15297,20.8999,981.581,0.434089,84.9756
5,4,2.8907,0.804409,2.4977,5.15297,20.8999,982.76,0.434089,84.9756
6,4,2.8907,0.713321,2.4977,5.15297,20.8999,981.593,0.434089,84.9756
7,4,2.8907,0.753419,2.4977,5.15297,20.8999,982.771,0.434089,84.9756
8,4,2.8907,0.720411,2.4977,5.15297,20.8999,979.46,0.434089,84.9756
9,4,2.8907,0.73527,2.4977,5.15297,20.8999,981.518,0.434089,84.9756
10,4,2.8907,0.72118,2.4977,5.15297,20.8999,983.169,0.434089,84.9756
1,5,2.8907,1.23956,2.4977,5.15297,20.8999,982.698,0.434089,84.9756
2,5,2.8907,1.27311,2.4977,5.15297,20.8999,982.815,0.434089,84.9756
3,5,2.8907,1.17663,2.4977,5.15297,20.8999,986.182,0.434089,84.9756
4,5,2.8907,1.22471,2.4977,5.15297,20.8999,983.565,0.434089,84.9756
5,5,2.8907,1.3175,2.4977,5.15297,20.8999,982.568,0.434089,84.9756
6,5,2.8907,1.27285,2.4977,5.15297,20.8999,980.45,0.434089,84.9756
7,5,2.8907,1.20711,2.4977,5.15297,20.8999,984.156,0.434089,84.9756
8,5,2.8907,1.2063,2.4977,5.15297,20.8999,984.456,0.434089,84.9756
9,5,2.8907,1.19398,2.4977,5.15297,20.8999,981.745,0.434089,84.9756
10,5,2.8907,1.23598,2.4977,5.15297,20.8999,981.91,0.434089,84.9756
1,6,2.8907,1.08006,2.4977,5.15297,20.8999,982.973,0.434089,84.9756
2,6,2.8907,1.11875,2.4977,5.15297,20.8999,983.925,0.434089,84.9756
3,6,2.8907,1.02725,2.4977,5.15297,20.8999,982.661,0.434089,84.9756
4,6,2.8907,1.13559,2.4977,5.15297,20.8999,980.474,0.434089,84.9756
5,6,2.8907,1.13219,2.4977,5.15297,20.8999,984.844,0.434089,84.9756
6,6,2.8907,1.11495,2.4977,5.15297,20.8999,979.964,0.434089,84.9756
7,6,2.8907,1.11551,2.4977,5.15297,20.8999,981.702,0.434089,84.9756
8,6,2.8907,1.17148,2.4977,5.15297,20.8999,983.474,0.434089,84.9756
9,6,2.8907,1.06783,2.4977,5.15297,20.8999,981.429,0.434089,84.9756
10,6,2.8907,1.07899,2.4977,5.15297,20.8999,982.608,0.434089,84.9756
1,7,2.8907,0.768351,2.4977,5.15297,20.8999,983.046,0.434089,84.9756
2,7,2.8907,0.767948,2.4977,5.15297,20.8999,980.367,0.434089,84.9756
3,7,2.8907,0.750665,2.4977,5.15297,20.8999,984.171,0.434089,84.9756
4,7,2.8907,0.792725,2.4977,5.15297,20.8999,983.818,0.434089,84.9756
5,7,2.8907,0.778115,2.4977,5.15297,20.8999,983.004,0.434089,84.9756
6,7,2.8907,0.78753,2.4977,5.15297,20.8999,980.528,0.434089,84.9756
7,7,2.8907,0.711992,2.4977,5.15297,20.8999,988.531,0.434089,84.9756
8,7,2.8907,0.756334,2.4977,5.15297,20.8999,981.022,0.434089,84.9756
9,7,2.8907,0.780082,2.4977,5.15297,20.8999,982.747,0.434089,84.9756
10,7,2.8907,0.785676,2.4977,5.15297,20.8999,980.064,0.434089,84.9756
1,8,2.8907,1.06558,2.4977,5.15297,20.8999,980.769,0.434089,84.9756
2,8,2.8907,1.09814,2.4977,5.15297,20.8999,979.052,0.434089,84.9756
3,8,2.8907,1.0621,2.4977,5.15297,20.8999,978.955,0.434089,84.9756
4,8,2.8907,1.10946,2.4977,5.15297,20.8999,980.799,0.434089,84.9756
5,8,2.8907,1.03073,2.4977,5.15297,20.8999,979.983,0.434089,84.9756
6,8,2.8907,1.13344,2.4977,5.15297,20.8999,983.653,0.434089,84.9756
7,8,2.8907,1.0301,2.4977,5.15297,20.8999,982.117,0.434089,84.9756
8,8,2.8907,1.13162,2.4977,5.15297,20.8999,983.561,0.434089,84.9756
9,8,2.8907,0.999531,2.4977,5.15297,20.8999,984.075,0.434089,84.9756
10,8,2.8907,1.09376,2.4977,5.15297,20.8999,983.217,0.434089,84.9756
1,9,2.8907,0.910157,2.4977,5.15297,20.8999,979.386,0.434089,84.9756
2,9,2.8907,0.970141,2.4977,5.15297,20.8999,981.223,0.434089,84.9756
3,9,2.8907,0.918536,2.4977,5.15297,20.8999,980.506,0.434089,84.9756
4,9,2.8907,0.935048,2.4977,5.15297,20.8999,980.823,0.434089,84.9756
5,9,2.8907,0.943568,2.4977,5.15297,20.8999,980.497,0.434089,84.9756
6,9,2.8907,0.979425,2.4977,5.15297,20.8999,980.33,0.434089,84.9756
7,9,2.8907,0.968815,2.4977,5.15297,20.8999,979.134,0.434089,84.9756
8,9,2.8907,0.893079,2.4977,5.15297,20.8999,978.755,0.434089,84.9756
9,9,2.8907,0.914757,2.4977,5.15297,20.8999,982.681,0.434089,84.9756
10,9,2.8907,0.930202,2.4977,5.15297,20.8999,980.193,0.434089,84.9756
1,10,2.8907,1.01936,2.4977,5.15297,20.8999,982.922,0.434089,84.9756
2,10,2.8907,1.01278,2.4977,5.15297,20.8999,984.394,0.434089,84.9756
3,10,2.8907,1.03305,2.4977,5.15297,20.8999,982.423,0.434089,84.9756
4,10,2.8907,0.98696,2.4977,5.15297,20.8999,983.471,0.434089,84.9756
5,10,2.8907,0.9869,2.4977,5.15297,20.8999,982.675,0.434089,84.9756
6,10,2.8907,1.03401,2.4977,5.15297,20.8999,979.715,0.434089,84.9756
7,10,2.8907,0.977695,2.4977,5.15297,20.8999,986.387,0.434089,84.9756
8,10,2.8907,0.969528,2.4977,5.15297,20.8999,982.414,0.434089,84.9756
9,10,2.8907,0.925661,2.4977,5.15297,20.8999,984.206,0.434089,84.9756
10,10,2.8907,0.988676,2.4977,5.15297,20.8999,984.88,0.434089,84.9756
1,11,2.8907,1.43185,2.4977,5.15297,20.8999,983.787,0.434089,84.9756
2,11,2.8907,1.38987,2.4977,5.15297,20.8999,981.932,0.434089,84.9756
3,11,2.8907,1.44969,2.4977,5.15297,20.8999,982.87,0.434089,84.9756
4,11,2.8907,1.40449,2.4977,5.15297,20.8999,984.614,0.434089,84.9756
5,11,2.8907,1.46119,2.4977,5.15297,20.8999,981.02,0.434089,84.9756
6,11,2.8907,1.34276,2.4977,5.15297,20.8999,979.643,0.434089,84.9756
7,11,2.8907,1.38252,2.4977,5.15297,20.8999,982.166,0.434089,84.9756
8,11,2.8907,1.40489,2.4977,5.15297,20.8999,983.252,0.434089,84.9756
9,11,2.8907,1.3621,2.4977,5.15297,20.8999,980.913,0.434089,84.9756
10,11,2.8907,1.49277,2.4977,5.15297,20.8999,980.546,0.434089,84.9756
1,12,2.8907,0.642839,2.4977,5.15297,20.8999,978.646,0.434089,84.9756
2,12,2.8907,0.600944,2.4977,5.15297,20.8999,982.406,0.434089,84.9756
3,12,2.8907,0.611167,2.4977,5.15297,20.8999,983.355,0.434089,84.9756
4,12,2.8907,0.64781,2.4977,5.15297,20.8999,985.721,0.434089,84.9756
5,12,2.8907,0.609982,2.4977,5.15297,20.8999,983.836,0.434089,84.9756
6,12,2.8907,0.634853,2.4977,5.15297,20.8999,983.481,0.434089,84.9756
7,12,2.8907,0.623708,2.4977,5.15297,20.8999,981.084,0.434089,84.9756
8,12,2.8907,0.605141,2.4977,5.15297,20.8999,985.071,0.434089,84.9756
9,12,2.8907,0.561306,2.4977,5.15297,20.8999,978.939,0.434089,84.9756
10,12,2.8907,0.551317,2.4977,5.15297,20.8999,979.832,0.434089,84.9756
1,13,2.8907,0.617097,2.4977,5.15297,20.8999,980.077,0.434089,84.9756
2,13,2.8907,0.626844,2.4977,5.15297,20.8999,984.861,0.434089,84.9756
3,13,2.8907,0.598445,2.4977,5.15297,20.8999,985.317,0.434089,84.9756
4,13,2.8907,0.645409,2.4977,5.15297,20.8999,982.084,0.434089,84.9756
5,13,2.8907,0.619623,2.4977,5.15297,20.8999,984.345,0.434089,84.9756
6,13,2.8907,0.568602,2.4977,5.15297,20.8999,982.125,0.434089,84.9756
7,13,2.8907,0.597085,2.4977,5.15297,20.8999,982.276,0.434089,84.9756
8,13,2.8907,0.570262,2.4977,5.15297,20.8999,980.421,0.434089,84.9756
9,13,2.8907,0.644585,2.4977,5.15297,20.8999,980.965,0.434089,84.9756
10,13,2.8907,0.634322,2.4977,5.15297,20.8999,978.265,0.434089,84.9756
1,14,2.8907,0.691082,2.4977,5.15297,20.8999,981.486,0.434089,84.9756
2,14,2.8907,0.673237,2.4977,5.15297,20.8999,982.749,0.434089,84.9756
3,14,2.8907,0.669714,2.4977,5.15297,20.8999,982.785,0.434089,84.9756
4,14,2.8907,0.647266,2.4977,5.15297,20.8999,981.818,0.434089,84.9756
5,14,2.8907,0.705726,2.4977,5.15297,20.8999,983.554,0.434089,84.9756
6,14,2.8907,0.704385,2.4977,5.15297,20.8999,981.009,0.434089,84.9756
7,14,2.8907,0.684465,2.4977,5.15297,20.8999,982.336,0.434089,84.9756
8,14,2.8907,0.657829,2.4977,5.15297,20.8999,983.841,0.434089,84.9756
9,14,2.8907,0.704191,2.4977,5.15297,20.8999,982.401,0.434089,84.9756
10,14,2.8907,0.716424,2.4977,5.15297,20.8999,980.511,0.434089,84.9756
1,15,2.8907,0.669446,2.4977,5.15297,20.8999,979.833,0.434089,84.9756
2,15,2.8907,0.705607,2.4977,5.15297,20.8999,985.347,0.434089,84.9756
3,15,2.8907,0.723254,2.4977,5.15297,20.8999,980.696,0.434089,84.9756
4,15,2.8907,0.739905,2.4977,5.15297,20.8999,983.305,0.434089,84.9756
5,15,2.8907,0.73563,2.4977,5.15297,20.8999,983.106,0.434089,84.9756
6,15,2.8907,0.669417,2.4977,5.15297,20.8999,979.578,0.434089,84.9756
7,15,2.8907,0.725856,2.4977,5.15297,20.8999,978.545,0.434089,84.9756
8,15,2.8907,0.712832,2.4977,5.15297,20.8999,979.812,0.434089,84.9756
9,15,2.8907,0.675763,2.4977,5.15297,20.8999,982.513,0.434089,84.9756
10,15,2.8907,0.744484,2.4977,5.15297,20.8999,980.104,0.434089,84.9756
1,16,2.8907,0.630687,2.4977,5.15297,20.8999,982.276,0.434089,84.9756
2,16,2.8907,0.633272,2.4977,5.15297,20.8999,985.374,0.434089,84.9756
3,16,2.8907,0.687087,2.4977,5.15297,20.8999,983.268,0.434089,84.9756
4,16,2.8907,0.713966,2.4977,5.15297,20.8999,981.711,0.434089,84.9756
5,16,2.8907,0.639609,2.4977,5.15297,20.8999,983.73,0.434089,84.9756
6,16,2.8907,0.701737,2.4977,5.15297,20.8999,980.87,0.434089,84.9756
7,16,2.8907,0.642694,2.4977,5.15297,20.8999,985.579,0.434089,84.9756
8,16,2.8907,0.633731,2.4977,5.15297,20.8999,982.884,0.434089,84.9756
9,16,2.8907,0.640285,2.4977,5.15297,20.8999,979.62,0.434089,84.9756
10,16,2.8907,0.620522,2.4977,5.15297,20.8999,983.316,0.434089,84.9756
1,17,2.8907,0.542567,2.4977,5.15297,20.8999,982.067,0.434089,84.9756
2,17,2.8907,0.533046,2.4977,5.15297,20.8999,982.806,0.434089,84.9756
3,17,2.8907,0.55482,2.4977,5.15297,20.8999,985.912,0.434089,84.9756
4,17,2.8907,0.518352,2.4977,5.15297,20.8999,978.855,0.434089,84.9756
5,17,2.8907,0.528629,2.4977,5.15297,20.8999,978.23,0.434089,84.9756
6,17,2.8907,0.520981,2.4977,5.15297,20.8999,982.492,0.434089,84.9756
7,17,2.8907,0.516592,2.4977,5.15297,20.8999,984.617,0.434089,84.9756
8,17,2.8907,0.527865,2.4977,5.15297,20.8999,982.196,0.434089,84.9756
9,17,2.8907,0.485756,2.4977,5.15297,20.8999,982.335,0.434089,84.9756
10,17,2.8907,0.540504,2.4977,5.15297,20.8999,983.2,0.434089,84.9756
1,18,2.8907,0.683026,2.4977,5.15297,20.8999,980.527,0.434089,84.9756
2,18,2.8907,0.715777,2.4977,5.15297,20.8999,979.411,0.434089,84.9756
3,18,2.8907,0.639309,2.4977,5.15297,20.8999,978.523,0.434089,84.9756
4,18,2.8907,0.695779,2.4977,5.15297,20.8999,979.782,0.434089,84.9756
5,18,2.8907,0.714587,2.4977,5.15297,20.8999,982.059,0.434089,84.9756
6,18,2.8907,0.691777,2.4977,5.15297,20.8999,980.006,0.434089,84.9756
7,18,2.8907,0.700091,2.4977,5.15297,20.8999,978.637,0.434089,84.9756
8,18,2.8907,0.627486,2.4977,5.15297,20.8999,978.909,0.434089,84.9756
9,18,2.8907,0.692176,2.4977,5.15297,20.8999,980.214,0.434089,84.9756
10,18,2.8907,0.686133,2.4977,5.15297,20.8999,980.644,0.434089,84.9756
1,19,2.8907,1.03269,2.4977,5.15297,20.8999,979.397,0.434089,84.9756
2,19,2.8907,1.02701,2.4977,5.15297,20.8999,981.068,0.434089,84.9756
3,19,2.8907,1.0317,2.4977,5.15297,20.8999,983.161,0.434089,84.9756
4,19,2.8907,1.048,2.4977,5.15297,20.8999,978.989,0.434089,84.9756
5,19,2.8907,1.0272,2.4977,5.15297,20.8999,983.379,0.434089,84.9756
6,19,2.8907,1.02472,2.4977,5.15297,20.8999,981.512,0.434089,84.9756
7,19,2.8907,1.07995,2.4977,5.15297,20.8999,984.586,0.434089,84.9756
8,19,2.8907,1.02636,2.4977,5.15297,20.8999,983.635,0.434089,84.9756
9,19,2.8907,1.05619,2.4977,5.15297,20.8999,984.853,0.434089,84.9756
10,19,2.8907,1.02696,2.4977,5.15297,20.8999,981.77,0.434089,84.9756
1,20,2.8907,0.53445,2.4977,5.15297,20.8999,984.557,0.434089,84.9756
2,20,2.8907,0.527397,2.4977,5.15297,20.8999,983.092,0.434089,84.9756
3,20,2.8907,0.531395,2.4977,5.15297,20.8999,980.539,0.434089,84.9756
4,20,2.8907,0.505211,2.4977,5.15297,20.8999,981.641,0.434089,84.9756
5,20,2.8907,0.543066,2.4977,5.15297,20.8999,983.145,0.434089,84.9756
6,20,2.8907,0.542295,2.4977,5.15297,20.8999,977.173,0.434089,84.9756
7,20,2.8907,0.516101,2.4977,5.15297,20.8999,983.376,0.434089,84.9756
8,20,2.8907,0.505823,2.4977,5.15297,20.8999,983.741,0.434089,84.9756
9,20,2.8907,0.529975,2.4977,5.15297,20.8999,980.961,0.434089,84.9756
10,20,2.8907,0.518684,2.4977,5.15297,20.8999,979.579,0.434089,84.9756
1,21,2.8907,0.828986,2.4977,5.15297,20.8999,982.326,0.434089,84.9756
2,21,2.8907,0.800659,2.4977,5.15297,20.8999,982.722,0.434089,84.9756
3,21,2.8907,0.851366,2.4977,5.15297,20.8999,982.197,0.434089,84.9756
4,21,2.8907,0.810008,2.4977,5.15297,20.8999,978.984,0.434089,84.9756
5,21,2.8907,0.821719,2.4977,5.15297,20.8999,984.155,0.434089,84.9756
6,21,2.8907,0.793874,2.4977,5.15297,20.8999,980.669,0.434089,84.9756
7,21,2.8907,0.78112,2.4977,5.15297,20.8999,984.633,0.434089,84.9756
8,21,2.8907,0.808215,2.4977,5.15297,20.8999,981.175,0.434089,84.9756
9,21,2.8907,0.834218,2.4977,5.15297,20.8999,981.719,0.434089,84.9756
10,21,2.8907,0.811235,2.4977,5.15297,20.8999,980.412,0.434089,84.9756
1,22,2.8907,0.476658,2.4977,5.15297,20.8999,980.477,0.434089,84.9756
2,22,2.8907,0.493834,2.4977,5.15297,20.8999,986.403,0.434089,84.9756
3,22,2.8907,0.523149,2.4977,5.15297,20.8999,981.715,0.434089,84.9756
4,22,2.8907,0.482712,2.4977,5.15297,20.8999,980.556,0.434089,84.9756
5,22,2.8907,0.512284,2.4977,5.15297,20.8999,980.358,0.434089,84.9756
6,22,2.8907,0.494203,2.4977,5.15297,20.8999,982.125,0.434089,84.9756
7,22,2.8907,0.466751,2.4977,5.15297,20.8999,980.399,0.434089,84.9756
8,22,2.8907,0.521853,2.4977,5.15297,20.8999,979.725,0.434089,84.9756
9,22,2.8907,0.516557,2.4977,5.15297,20.8999,981.495,0.434089,84.9756
10,22,2.8907,0.521437,2.4977,5.15297,20.8999,982.263,0.434089,84.9756
1,23,2.8907,1.24469,2.4977,5.15297,20.8999,983.721,0.434089,84.9756
2,23,2.8907,1.28939,2.4977,5.15297,20.8999,981.299,0.434089,84.9756
3,23,2.8907,1.35603,2.4977,5.15297,20.8999,979.426,0.434089,84.9756
4,23,2.8907,1.26896,2.4977,5.15297,20.8999,982.097,0.434089,84.9756
5,23,2.8907,1.27331,2.4977,5.15297,20.8999,983.386,0.434089,84.9756
6,23,2.8907,1.32528,2.4977,5.15297,20.8999,980.217,0.434089,84.9756
7,23,2.8907,1.29171,2.4977,5.15297,20.8999,979.72,0.434089,84.9756
8,23,2.8907,1.26972,2.4977,5.15297,20.8999,980.143,0.434089,84.9756
9,23,2.8907,1.31445,2.4977,5.15297,20.8999,980.928,0.434089,84.9756
10,23,2.8907,1.27138,2.4977,5.15297,20.8999,978.476,0.434089,84.9756
1,24,2.8907,0.812335,2.4977,5.15297,20.8999,981.628,0.434089,84.9756
2,24,2.8907,0.796343,2.4977,5.15297,20.8999,983.748,0.434089,84.9756
3,24,2.8907,0.804976,2.4977,5.15297,20.8999,980.296,0.434089,84.9756
4,24,2.8907,0.799439,2.4977,5.15297,20.8999,985.609,0.434089,84.9756
5,24,2.8907,0.761682,2.4977,5.15297,20.8999,984.379,0.434089,84.9756
6,24,2.8907,0.79359,2.4977,5.15297,20.8999,982.269,0.434089,84.9756
7,24,2.8907,0.794724,2.4977,5.15297,20.8999,981.003,0.434089,84.9756
8,24,2.8907,0.812225,2.4977,5.15297,20.8999,983.311,0.434089,84.9756
9,24,2.8907,0.780716,2.4977,5.15297,20.8999,978.216,0.434089,84.9756
10,24,2.8907,0.806973,2.4977,5.15297,20.8999,980.078,0.434089,84.9756
1,25,2.8907,0.673118,2.4977,5.15297,20.8999,981.421,0.434089,84.9756
2,25,2.8907,0.679282,2.4977,5.15297,20.8999,983.357,0.434089,84.9756
3,25,2.8907,0.662425,2.4977,5.15297,20.8999,982.637,0.434089,84.9756
4,25,2.8907,0.679081,2.4977,5.15297,20.8999,983.028,0.434089,84.9756
5,25,2.8907,0.671106,2.4977,5.15297,20.8999,983.758,0.434089,84.9756
6,25,2.8907,0.70311,2.4977,5.15297,20.8999,983.849,0.434089,84.9756
7,25,2.8907,0.675518,2.4977,5.15297,20.8999,982.774,0.434089,84.9756
8,25,2.8907,0.675499,2.4977,5.15297,20.8999,976.401,0.434089,84.9756
9,25,2.8907,0.661362,2.4977,5.15297,20.8999,982.162,0.434089,84.9756
10,25,2.8907,0.667983,2.4977,5.15297,20.8999,980.828,0.434089,84.9756
1,26,2.8907,0.56368,2.4977,5.15297,20.8999,981.388,0.434089,84.9756
2,26,2.8907,0.594559,2.4977,5.15297,20.8999,983.061,0.434089,84.9756
3,26,2.8907,0.553725,2.4977,5.15297,20.8999,985.798,0.434089,84.9756
4,26,2.8907,0.539827,2.4977,5.15297,20.8999,984.108,0.434089,84.9756
5,26,2.8907,0.559476,2.4977,5.15297,20.8999,980.277,0.434089,84.9756
6,26,2.8907,0.595525,2.4977,5.15297,20.8999,980.671,0.434089,84.9756
7,26,2.8907,0.584644,2.4977,5.15297,20.8999,984.782,0.434089,84.9756
8,26,2.8907,0.587578,2.4977,5.15297,20.8999,979.096,0.434089,84.9756
9,26,2.8907,0.559874,2.4977,5.15297,20.8999,981.649,0.434089,84.9756
10,26,2.8907,0.579557,2.4977,5.15297,20.8999,978.169,0.434089,84.9756
1,27,2.8907,0.626779,2.4977,5.15297,20.8999,981.329,0.434089,84.9756
2,27,2.8907,0.638234,2.4977,5.15297,20.8999,982.766,0.434089,84.9756
3,27,2.8907,0.600318,2.4977,5.15297,20.8999,981.603,0.434089,84.9756
4,27,2.8907,0.628696,2.4977,5.15297,20.8999,981.728,0.434089,84.9756
5,27,2.8907,0.623143,2.4977,5.15297,20.8999,981.038,0.434089,84.9756
6,27,2.8907,0.638221,2.4977,5.15297,20.8999,982.81,0.434089,84.9756
7,27,2.8907,0.639582,2.4977,5.15297,20.8999,980.911,0.434089,84.9756
8,27,2.8907,0.640866,2.4977,5.15297,20.8999,981.602,0.434089,84.9756
9,27,2.8907,0.623728,2.4977,5.15297,20.8999,982.719,0.434089,84.9756
10,27,2.8907,0.619359,2.4977,5.15297,20.8999,982.601,0.434089,84.9756
1,28,2.8907,1.03298,2.4977,5.15297,20.8999,983.536,0.434089,84.9756
2,28,2.8907,1.00341,2.4977,5.15297,20.8999,985.148,0.434089,84.9756
3,28,2.8907,1.04382,2.4977,5.15297,20.8999,980.914,0.434089,84.9756
4,28,2.8907,0.95433,2.4977,5.15297,20.8999,981.082,0.434089,84.9756
5,28,2.8907,1.02601,2.4977,5.15297,20.8999,980.73,0.434089,84.9756
6,28,2.8907,1.02429,2.4977,5.15297,20.8999,984.33,0.434089,84.9756
7,28,2.8907,1.00697,2.4977,5.15297,20.8999,979.969,0.434089,84.9756
8,28,2.8907,0.998332,2.4977,5.15297,20.8999,982.209,0.434089,84.9756
9,28,2.8907,0.931215,2.4977,5.15297,20.8999,982.524,0.434089,84.9756
10,28,2.8907,1.04055,2.4977,5.15297,20.8999,981.732,0.434089,84.9756
1,29,2.8907,0.662992,2.4977,5.15297,20.8999,981.314,0.434089,84.9756
2,29,2.8907,0.635918,2.4977,5.15297,20.8999,983.308,0.434089,84.9756
3,29,2.8907,0.660862,2.4977,5.15297,20.8999,978.845,0.434089,84.9756
4,29,2.8907,0.671147,2.4977,5.15297,20.8999,982.84,0.434089,84.9756
5,29,2.8907,0.656403,2.4977,5.15297,20.8999,980.851,0.434089,84.9756
6,29,2.8907,0.660662,2.4977,5.15297,20.8999,983.513,0.434089,84.9756
7,29,2.8907,0.677277,2.4977,5.15297,20.8999,977.398,0.434089,84.9756
8,29,2.8907,0.673716,2.4977,5.15297,20.8999,983.728,0.434089,84.9756
9,29,2.8907,0.66605,2.4977,5.15297,20.8999,980,0.434089,84.9756
10,29,2.8907,0.695733,2.4977,5.15297,20.8999,986.245,0.434089,84.9756
1,30,2.8907,1.14085,2.4977,5.15297,20.8999,984.318,0.434089,84.9756
2,30,2.8907,1.12597,2.4977,5.15297,20.8999,984.39,0.434089,84.9756
3,30,2.8907,1.19661,2.4977,5.15297,20.8999,985.349,0.434089,84.9756
4,30,2.8907,1.18029,2.4977,5.15297,20.8999,984.381,0.434089,84.9756
5,30,2.8907,1.17638,2.4977,5.15297,20.8999,983.283,0.434089,84.9756
6,30,2.8907,1.12049,2.4977,5.15297,20.8999,989.817,0.434089,84.9756
7,30,2.8907,1.16904,2.4977,5.15297,20.8999,985.191,0.434089,84.9756
8,30,2.8907,1.14673,2.4977,5.15297,20.8999,983.817,0.434089,84.9756
9,30,2.8907,1.18256,2.4977,5.15297,20.8999,983.812,0.434089,84.9756
10,30,2.8907,1.14462,2.4977,5.15297,20.8999,984.984,0.434089,84.9756
1,31,2.8907,0.863665,2.4977,5.15297,20.8999,984.624,0.434089,84.9756
2,31,2.8907,0.894791,2.4977,5.15297,20.8999,982.742,0.434089,84.9756
3,31,2.8907,0.844163,2.4977,5.15297,20.8999,983.212,0.434089,84.9756
4,31,2.8907,0.798096,2.4977,5.15297,20.8999,981.872,0.434089,84.9756
5,31,2.8907,0.8006,2.4977,5.15297,20.8999,985.771,0.434089,84.9756
6,31,2.8907,0.844578,2.4977,5.15297,20.8999,982.13,0.434089,84.9756
7,31,2.8907,0.853337,2.4977,5.15297,20.8999,984.596,0.434089,84.9756
8,31,2.8907,0.785905,2.4977,5.15297,20.8999,982.95,0.434089,84.9756
9,31,2.8907,0.823161,2.4977,5.15297,20.8999,983.237,0.434089,84.9756
10,31,2.8907,0.812644,2.4977,5.15297,20.8999,981.581,0.434089,84.9756
1,32,2.8907,0.353664,2.4977,5.15297,20.8999,983.821,0.434089,84.9756
2,32,2.8907,0.321216,2.4977,5.15297,20.8999,981.09,0.434089,84.9756
3,32,2.8907,0.337744,2.4977,5.15297,20.8999,983.898,0.434089,84.9756
4,32,2.8907,0.332975,2.4977,5.15297,20.8999,981.704,0.434089,84.9756
5,32,2.8907,0.347737,2.4977,5.15297,20.8999,981.908,0.434089,84.9756
6,32,2.8907,0.334588,2.4977,5.15297,20.8999,983.494,0.434089,84.9756
7,32,2.8907,0.337272,2.4977,5.15297,20.8999,981.078,0.434089,84.9756
8,32,2.8907,0.341206,2.4977,5.15297,20.8999,987.306,0.434089,84.9756
9,32,2.8907,0.334652,2.4977,5.15297,20.8999,982.009,0.434089,84.9756
10,32,2.8907,0.340759,2.4977,5.15297,20.8999,979.133,0.434089,84.9756
1,33,2.8907,0.812151,2.4977,5.15297,20.8999,979.417,0.434089,84.9756
2,33,2.8907,0.840315,2.4977,5.15297,20.8999,983.206,0.434089,84.9756
3,33,2.8907,0.830943,2.4977,5.15297,20.8999,985.91,0.434089,84.9756
4,33,2.8907,0.825468,2.4977,5.15297,20.8999,982.265,0.434089,84.9756
5,33,2.8907,0.808697,2.4977,5.15297,20.8999,982.132,0.434089,84.9756
6,33,2.8907,0.839644,2.4977,5.15297,20.8999,982.175,0.434089,84.9756
7,33,2.8907,0.792375,2.4977,5.15297,20.8999,982.871,0.434089,84.9756
8,33,2.8907,0.823008,2.4977,5.15297,20.8999,983.302,0.434089,84.9756
9,33,2.8907,0.840291,2.4977,5.15297,20.8999,980.338,0.434089,84.9756
10,33,2.8907,0.754286,2.4977,5.15297,20.8999,981.923,0.434089,84.9756
1,34,2.8907,0.971637,2.4977,5.15297,20.8999,984.878,0.434089,84.9756
2,34,2.8907,0.997888,2.4977,5.15297,20.8999,981.896,0.434089,84.9756
3,34,2.8907,0.961282,2.4977,5.15297,20.8999,978.531,0.434089,84.9756
4,34,2.8907,1.00296,2.4977,5.15297,20.8999,981.016,0.434089,84.9756
5,34,2.8907,0.981895,2.4977,5.15297,20.8999,979.946,0.434089,84.9756
6,34,2.8907,1.01642,2.4977,5.15297,20.8999,979.257,0.434089,84.9756
7,34,2.8907,1.02072,2.4977,5.15297,20.8999,985.376,0.434089,84.9756
8,34,2.8907,1.10968,2.4977,5.15297,20.8999,987.1,0.434089,84.9756
9,34,2.8907,1.05692,2.4977,5.15297,20.8999,980.366,0.434089,84.9756
10,34,2.8907,0.988157,2.4977,5.15297,20.8999,985.188,0.434089,84.9756
1,35,2.8907,0.554029,2.4977,5.15297,20.8999,981.145,0.434089,84.9756
2,35,2.8907,0.486201,2.4977,5.15297,20.8999,982.033,0.434089,84.9756
3,35,2.8907,0.545836,2.4977,5.15297,20.8999,986.137,0.434089,84.9756
4,35,2.8907,0.498471,2.4977,5.15297,20.8999,978.738,0.434089,84.9756
5,35,2.8907,0.501819,2.4977,5.15297,20.8999,981.866,0.434089,84.9756
6,35,2.8907,0.500619,2.4977,5.15297,20.8999,983.742,0.434089,84.9756
7,35,2.8907,0.547304,2.4977,5.15297,20.8999,985.265,0.434089,84.9756
8,35,2.8907,0.550689,2.4977,5.15297,20.8999,981.848,0.434089,84.9756
9,35,2.8907,0.49963,2.4977,5.15297,20.8999,982.796,0.434089,84.9756
10,35,2.8907,0.544529,2.4977,5.15297,20.8999,981.326,0.434089,84.9756
1,36,2.8907,0.422702,2.4977,5.15297,20.8999,981.818,0.434089,84.9756
2,36,2.8907,0.4625,2.4977,5.15297,20.8999,978.707,0.434089,84.9756
3,36,2.8907,0.457573,2.4977,5.15297,20.8999,976.552,0.434089,84.9756
4,36,2.8907,0.444868,2.4977,5.15297,20.8999,982.647,0.434089,84.9756
5,36,2.8907,0.483203,2.4977,5.15297,20.8999,981.044,0.434089,84.9756
6,36,2.8907,0.444868,2.4977,5.15297,20.8999,978.344,0.434089,84.9756
7,36,2.8907,0.46529,2.4977,5.15297,20.8999,980.35,0.434089,84.9756
8,36,2.8907,0.444868,2.4977,5.15297,20.8999,981.417,0.434089,84.9756
9,36,2.8907,0.467814,2.4977,5.15297,20.8999,982.738,0.434089,84.9756
10,36,2.8907,0.46708,2.4977,5.15297,20.8999,981.522,0.434089,84.9756
1,37,2.8907,0.606752,2.4977,5.15297,20.8999,982.533,0.434089,84.9756
2,37,2.8907,0.585867,2.4977,5.15297,20.8999,983.802,0.434089,84.9756
3,37,2.8907,0.590916,2.4977,5.15297,20.8999,980.473,0.434089,84.9756
4,37,2.8907,0.578543,2.4977,5.15297,20.8999,983.12,0.434089,84.9756
5,37,2.8907,0.603231,2.4977,5.15297,20.8999,980.241,0.434089,84.9756
6,37,2.8907,0.604258,2.4977,5.15297,20.8999,981.377,0.434089,84.9756
7,37,2.8907,0.611593,2.4977,5.15297,20.8999,980.603,0.434089,84.9756
8,37,2.8907,0.615789,2.4977,5.15297,20.8999,983.82,0.434089,84.9756
9,37,2.8907,0.591398,2.4977,5.15297,20.8999,984.885,0.434089,84.9756
10,37,2.8907,0.55046,2.4977,5.15297,20.8999,982.707,0.434089,84.9756
1,38,2.8907,0.590458,2.4977,5.15297,20.8999,976.418,0.434089,84.9756
2,38,2.8907,0.568877,2.4977,5.15297,20.8999,981.637,0.434089,84.9756
3,38,2.8907,0.546011,2.4977,5.15297,20.8999,981.356,0.434089,84.9756
4,38,2.8907,0.549107,2.4977,5.15297,20.8999,982.712,0.434089,84.9756
5,38,2.8907,0.571335,2.4977,5.15297,20.8999,983.006,0.434089,84.9756
6,38,2.8907,0.545875,2.4977,5.15297,20.8999,978.672,0.434089,84.9756
7,38,2.8907,0.546691,2.4977,5.15297,20.8999,982.783,0.434089,84.9756
8,38,2.8907,0.552498,2.4977,5.15297,20.8999,980.797,0.434089,84.9756
9,38,2.8907,0.574675,2.4977,5.15297,20.8999,980.237,0.434089,84.9756
10,38,2.8907,0.565092,2.4977,5.15297,20.8999,982.574,0.434089,84.9756
1,39,2.8907,0.640493,2.4977,5.15297,20.8999,980.278,0.434089,84.9756
2,39,2.8907,0.627754,2.4977,5.15297,20.8999,981.303,0.434089,84.9756
3,39,2.8907,0.601621,2.4977,5.15297,20.8999,983.259,0.434089,84.9756
4,39,2.8907,0.59099,2.4977,5.15297,20.8999,984.331,0.434089,84.9756
5,39,2.8907,0.611597,2.4977,5.15297,20.8999,982.872,0.434089,84.9756
6,39,2.8907,0.630692,2.4977,5.15297,20.8999,981.177,0.434089,84.9756
7,39,2.8907,0.619021,2.4977,5.15297,20.8999,982.506,0.434089,84.9756
8,39,2.8907,0.61451,2.4977,5.15297,20.8999,987.059,0.434089,84.9756
9,39,2.8907,0.632316,2.4977,5.15297,20.8999,980.706,0.434089,84.9756
10,39,2.8907,0.620273,2.4977,5.15297,20.8999,980.125,0.434089,84.9756
1,40,2.8907,1.15578,2.4977,5.15297,20.8999,984.32,0.434089,84.9756
2,40,2.8907,1.14955,2.4977,5.15297,20.8999,982.729,0.434089,84.9756
3,40,2.8907,1.17205,2.4977,5.15297,20.8999,980.897,0.434089,84.9756
4,40,2.8907,1.17927,2.4977,5.15297,20.8999,985.029,0.434089,84.9756
5,40,2.8907,1.16845,2.4977,5.15297,20.8999,984.244,0.434089,84.9756
6,40,2.8907,1.10916,2.4977,5.15297,20.8999,980.288,0.434089,84.9756
7,40,2.8907,1.12918,2.4977,5.15297,20.8999,983.49,0.434089,84.9756
8,40,2.8907,1.17884,2.4977,5.15297,20.8999,981.836,0.434089,84.9756
9,40,2.8907,1.13222,2.4977,5.15297,20.8999,979.743,0.434089,84.9756
10,40,2.8907,1.17941,2.4977,5.15297,20.8999,978.522,0.434089,84.9756
1,41,2.8907,0.752193,2.4977,5.15297,20.8999,985.806,0.434089,84.9756
2,41,2.8907,0.77858,2.4977,5.15297,20.8999,982.071,0.434089,84.9756
3,41,2.8907,0.803927,2.4977,5.15297,20.8999,982.721,0.434089,84.9756
4,41,2.8907,0.802562,2.4977,5.15297,20.8999,986.765,0.434089,84.9756
5,41,2.8907,0.727183,2.4977,5.15297,20.8999,983.286,0.434089,84.9756
6,41,2.8907,0.752955,2.4977,5.15297,20.8999,981.301,0.434089,84.9756
7,41,2.8907,0.77054,2.4977,5.15297,20.8999,981.132,0.434089,84.9756
8,41,2.8907,0.764986,2.4977,5.15297,20.8999,982.055,0.434089,84.9756
9,41,2.8907,0.815139,2.4977,5.15297,20.8999,982.638,0.434089,84.9756
10,41,2.8907,0.736367,2.4977,5.15297,20.8999,981.124,0.434089,84.9756
1,42,2.8907,0.83945,2.4977,5.15297,20.8999,985.137,0.434089,84.9756
2,42,2.8907,0.82369,2.4977,5.15297,20.8999,980.326,0.434089,84.9756
3,42,2.8907,0.823057,2.4977,5.15297,20.8999,983.448,0.434089,84.9756
4,42,2.8907,0.822115,2.4977,5.15297,20.8999,987.64,0.434089,84.9756
5,42,2.8907,0.806666,2.4977,5.15297,20.8999,980.905,0.434089,84.9756
6,42,2.8907,0.808279,2.4977,5.15297,20.8999,985.477,0.434089,84.9756
7,42,2.8907,0.823247,2.4977,5.15297,20.8999,979.777,0.434089,84.9756
8,42,2.8907,0.840278,2.4977,5.15297,20.8999,980.196,0.434089,84.9756
9,42,2.8907,0.824644,2.4977,5.15297,20.8999,980.943,0.434089,84.9756
10,42,2.8907,0.807409,2.4977,5.15297,20.8999,977.941,0.434089,84.9756
1,43,2.8907,0.571273,2.4977,5.15297,20.8999,980.533,0.434089,84.9756
2,43,2.8907,0.581764,2.4977,5.15297,20.8999,981.072,0.434089,84.9756
3,43,2.8907,0.620344,2.4977,5.15297,20.8999,981.415,0.434089,84.9756
4,43,2.8907,0.605219,2.4977,5.15297,20.8999,980.635,0.434089,84.9756
5,43,2.8907,0.591082,2.4977,5.15297,20.8999,980.497,0.434089,84.9756
6,43,2.8907,0.597452,2.4977,5.15297,20.8999,979.412,0.434089,84.9756
7,43,2.8907,0.604081,2.4977,5.15297,20.8999,980.993,0.434089,84.9756
8,43,2.8907,0.594197,2.4977,5.15297,20.8999,981.793,0.434089,84.9756
9,43,2.8907,0.597614,2.4977,5.15297,20.8999,983.947,0.434089,84.9756
10,43,2.8907,0.596313,2.4977,5.15297,20.8999,984.254,0.434089,84.9756
1,44,2.8907,0.82369,2.4977,5.15297,20.8999,982.176,0.434089,84.9756
2,44,2.8907,0.832969,2.4977,5.15297,20.8999,985.808,0.434089,84.9756
3,44,2.8907,0.82369,2.4977,5.15297,20.8999,986.43,0.434089,84.9756
4,44,2.8907,0.797102,2.4977,5.15297,20.8999,982.786,0.434089,84.9756
5,44,2.8907,0.796344,2.4977,5.15297,20.8999,985.23,0.434089,84.9756
6,44,2.8907,0.825382,2.4977,5.15297,20.8999,978.651,0.434089,84.9756
7,44,2.8907,0.842084,2.4977,5.15297,20.8999,980.871,0.434089,84.9756
8,44,2.8907,0.809029,2.4977,5.15297,20.8999,985.947,0.434089,84.9756
9,44,2.8907,0.822912,2.4977,5.15297,20.8999,985.202,0.434089,84.9756
10,44,2.8907,0.799634,2.4977,5.15297,20.8999,979.984,0.434089,84.9756
1,45,2.8907,0.517204,2.4977,5.15297,20.8999,978.724,0.434089,84.9756
2,45,2.8907,0.49806,2.4977,5.15297,20.8999,979.868,0.434089,84.9756
3,45,2.8907,0.532983,2.4977,5.15297,20.8999,980.436,0.434089,84.9756
4,45,2.8907,0.497234,2.4977,5.15297,20.8999,978.99,0.434089,84.9756
5,45,2.8907,0.508522,2.4977,5.15297,20.8999,979.228,0.434089,84.9756
6,45,2.8907,0.533405,2.4977,5.15297,20.8999,981.326,0.434089,84.9756
7,45,2.8907,0.500573,2.4977,5.15297,20.8999,979.889,0.434089,84.9756
8,45,2.8907,0.503838,2.4977,5.15297,20.8999,978.46,0.434089,84.9756
9,45,2.8907,0.533119,2.4977,5.15297,20.8999,979.771,0.434089,84.9756
10,45,2.8907,0.514041,2.4977,5.15297,20.8999,981.694,0.434089,84.9756
