,TIME,DOSE,OBS,std,dose_amount
3,-48.0,15.0,962.25,87.07272300157548,3.08875
7,24.0,15.0,693.75,162.24955059002988,3.08875
11,48.0,15.0,504.0,138.3208829738542,3.08875
15,72.0,15.0,651.5,88.53812738024223,3.08875
19,96.0,15.0,729.3333333333334,99.35961620967208,3.08875
23,120.0,15.0,522.5,341.18860864141794,3.08875
27,144.0,15.0,891.25,148.98629690903346,3.08875
31,168.0,15.0,701.6666666666666,51.73329037798906,3.08875
35,192.0,15.0,868.3333333333334,46.11218204914329,3.08875
39,216.0,15.0,1165.25,159.49373028429676,3.08875
43,240.0,15.0,1505.5,209.70852788255098,3.08875
47,264.0,15.0,1584.0,80.61017305526642,3.08875
51,288.0,15.0,1529.5,201.70357788927132,3.08875
55,312.0,15.0,1599.6666666666667,79.60736984308255,3.08875
62,360.0,15.0,1097.25,128.1883380031117,3.08875
66,384.0,15.0,908.75,257.72902436473856,3.08875
70,432.0,15.0,978.5,306.1772362537751,3.08875
74,480.0,15.0,792.75,192.89440116291607,3.08875
78,552.0,15.0,652.7272727272727,282.9456099355814,3.08875
