,TIME,DOSE,OBS,std,dose_amount
2,-48.0,10.0,931.0833333333334,122.42657044741213,1.9767777777777777
6,24.0,10.0,773.75,100.15446403763872,1.9767777777777777
10,48.0,10.0,676.5,69.17369442208505,1.9767777777777777
14,72.0,10.0,711.75,135.23405636155414,1.9767777777777777
18,96.0,10.0,642.0,119.63555770199203,1.9767777777777777
22,120.0,10.0,808.0,96.24967532412772,1.9767777777777777
26,144.0,10.0,780.75,90.97389735523042,1.9767777777777777
30,168.0,10.0,711.25,135.41879485507172,1.9767777777777777
34,192.0,10.0,756.0,51.96152422706632,1.9767777777777777
38,216.0,10.0,997.5,170.48655860995808,1.9767777777777777
42,240.0,10.0,1122.5,163.7528625703991,1.9767777777777777
46,264.0,10.0,1570.3333333333333,214.53748701178856,1.9767777777777777
50,288.0,10.0,1092.5,320.2639536382451,1.9767777777777777
54,312.0,10.0,1443.6666666666667,177.472063529259,1.9767777777777777
58,336.0,10.0,1407.0,130.7618700794183,1.9767777777777777
61,360.0,10.0,1050.3333333333333,210.13884299037468,1.9767777777777777
65,384.0,10.0,1090.75,75.51765797922144,1.9767777777777777
69,432.0,10.0,1047.25,91.40523325645346,1.9767777777777777
73,480.0,10.0,826.25,61.602894953619405,1.9767777777777777
77,552.0,10.0,946.0,182.38366154894467,1.9767777777777777
