,TIME,DOSE,mean,std
0,-48.0,10.0,931.0833333333334,122.42657044741213
1,24.0,10.0,773.75,100.15446403763872
2,48.0,10.0,676.5,69.17369442208505
3,72.0,10.0,711.75,135.23405636155414
4,96.0,10.0,642.0,119.63555770199203
5,120.0,10.0,808.0,96.24967532412772
6,144.0,10.0,780.75,90.97389735523042
7,168.0,10.0,711.25,135.41879485507172
8,192.0,10.0,756.0,51.96152422706632
9,216.0,10.0,997.5,170.48655860995808
10,240.0,10.0,1122.5,163.7528625703991
11,264.0,10.0,1570.3333333333333,214.53748701178856
12,288.0,10.0,1092.5,320.2639536382451
13,312.0,10.0,1443.6666666666667,177.472063529259
14,336.0,10.0,1407.0,130.7618700794183
15,360.0,10.0,1050.3333333333333,210.13884299037468
16,384.0,10.0,1090.75,75.51765797922144
17,432.0,10.0,1047.25,91.40523325645346
18,480.0,10.0,826.25,61.602894953619405
19,552.0,10.0,946.0,182.38366154894467
