TIME,OBS
-48.0,5.933900590822758
-32.96969696969697,5.495160199574388
-17.939393939393938,5.602619205995581
-2.9090909090909065,5.463794530558043
12.121212121212125,5.363066866104016
27.151515151515156,5.474205433555145
42.18181818181819,5.140650303791314
57.21212121212122,5.156644949562389
72.24242424242425,4.319728611633153
87.27272727272728,4.431830716602168
102.30303030303031,3.8058903030173994
117.33333333333334,2.989668933383785
132.36363636363637,2.668179405639342
147.3939393939394,2.1865872552737002
162.42424242424244,1.6664878774891145
177.45454545454547,1.5302993661432278
192.4848484848485,1.2616157390551406
207.51515151515153,1.0375090679594132
222.54545454545456,0.9165796976320012
237.57575757575762,0.7606423983916569
252.60606060606062,0.7922898722435935
267.6363636363636,0.6171700033565803
282.6666666666667,0.5023512616661686
297.69696969696975,0.6035182482838253
312.72727272727275,0.6122606618330878
327.75757575757575,0.6983523998448535
342.7878787878788,0.7861766535466218
357.81818181818187,0.9936234335858513
372.8484848484849,1.2024425926847215
387.8787878787879,1.23245806452355
402.90909090909093,1.5633847763674895
417.939393939394,1.9391899819262963
432.969696969697,2.321026551720305
448.0,2.697997715155785
463.03030303030306,3.113150948748137
478.0606060606061,3.429866348308211
493.0909090909091,4.034681975460927
508.1212121212121,4.307852272980105
523.1515151515152,5.199263931835448
538.1818181818182,5.690713361979279
553.2121212121212,6.2440792194096115
568.2424242424242,5.996229342403167
583.2727272727273,6.511195733222685
598.3030303030304,7.5301650724940234
613.3333333333334,7.718761283433774
628.3636363636364,8.062254918719757
643.3939393939395,6.551864687916878
658.4242424242425,7.6982620126973424
673.4545454545455,7.3216202455882256
688.4848484848485,7.798172682244363
703.5151515151515,6.626646396106631
718.5454545454546,7.6454618028337515
733.5757575757576,7.396517235520845
748.6060606060606,7.018140026581536
763.6363636363637,7.673282740878995
778.6666666666667,7.43923329347157
793.6969696969697,7.4110994821612595
808.7272727272727,6.591132049111404
823.7575757575758,6.917922119136071
838.7878787878789,6.386769184142936
853.8181818181819,6.505371181436867
868.8484848484849,6.121187731201216
883.878787878788,6.442217945163599
898.909090909091,5.88524855212342
913.939393939394,5.789710064864348
928.969696969697,5.678907529681181
944.0,6.169369986225381
959.0303030303031,5.6068373411066705
974.0606060606061,5.119701415983477
989.0909090909092,5.78229546692329
1004.1212121212122,5.493861813065978
1019.1515151515152,5.49781928126147
1034.1818181818182,5.262901908166173
1049.2121212121212,5.514436547692477
1064.2424242424242,5.428013884647543
1079.2727272727273,4.888399786031485
1094.3030303030305,5.383090220404704
1109.3333333333335,5.429773877780315
1124.3636363636365,5.081933475471613
1139.3939393939395,5.063291226405204
1154.4242424242425,5.022420155056515
1169.4545454545455,5.056225193047406
1184.4848484848485,5.214791547867505
1199.5151515151515,4.707271771995073
1214.5454545454545,5.307744629708129
1229.5757575757577,4.897139287608347
1244.6060606060607,5.213046182391833
1259.6363636363637,5.324196692108202
1274.6666666666667,5.012495245471809
1289.6969696969697,5.326581440850024
1304.7272727272727,4.980014493469848
1319.7575757575758,5.511450288104716
1334.787878787879,5.402956552178329
1349.818181818182,5.275987074252121
1364.848484848485,5.405812973590334
1379.878787878788,5.371129567979034
1394.909090909091,5.492629908150336
1409.939393939394,4.932803307048501
1424.969696969697,4.712434860074928
1440.0,5.17388006795751
