TIME,OBS
-48.0,869.1306122827878
-12.0,915.2011523683057
24.0,961.2716924538236
36.0,875.6429376558594
48.0,790.0141828578954
60.0,779.9459121345843
72.0,769.8776414112732
84.0,753.3374584660558
96.0,736.7972755208384
108.0,648.9055095191663
120.0,561.0137435174942
132.0,582.2640621852577
144.0,603.5143808530213
156.0,593.8294801475818
168.0,584.1445794421421
180.0,685.8935294386572
192.0,787.6424794351723
204.0,908.736877304972
216.0,1029.831275174772
228.0,1097.318798196628
240.0,1164.8063212184843
252.0,1317.2074114013608
264.0,1469.6085015842373
276.0,1418.3907750492958
288.0,1367.1730485143542
300.0,1289.8980892741492
312.0,1212.623130033944
324.0,1376.6230646670774
336.0,1540.6229993002105
348.0,1277.2285271822966
360.0,1013.8340550643828
372.0,1064.9647518890424
384.0,1116.095448713702
408.0,1008.9587641540156
432.0,901.8220795943292
456.0,814.9975039369298
480.0,728.1729282795303
516.0,879.7061450886595
552.0,1031.2393618977885
