rep,id,eta_V,eta_Cl
1,1,-0.151821,0
2,1,-0.171032,0
3,1,-0.17756,0
4,1,-0.161219,0
5,1,-0.17889,0
6,1,-0.152701,0
7,1,-0.172353,0
8,1,-0.116044,0
9,1,-0.139236,0
10,1,-0.155714,0
1,2,-0.336746,0
2,2,-0.340057,0
3,2,-0.356769,0
4,2,-0.3304,0
5,2,-0.351239,0
6,2,-0.335763,0
7,2,-0.355517,0
8,2,-0.350053,0
9,2,-0.35406,0
10,2,-0.34741,0
1,3,0.334962,0
2,3,0.276402,0
3,3,0.294743,0
4,3,0.30527,0
5,3,0.294785,0
6,3,0.297238,0
7,3,0.292443,0
8,3,0.301589,0
9,3,0.325367,0
10,3,0.293179,0
1,4,0.254442,0
2,4,0.262361,0
3,4,0.231854,0
4,4,0.266407,0
5,4,0.266172,0
6,4,0.29279,0
7,4,0.245401,0
8,4,0.256572,0
9,4,0.232717,0
10,4,0.218508,0
1,5,0.318052,0
2,5,0.364049,0
3,5,0.291798,0
4,5,0.304546,0
5,5,0.301757,0
6,5,0.306572,0
7,5,0.297026,0
8,5,0.302003,0
9,5,0.302879,0
10,5,0.28741,0
1,6,-0.319421,0
2,6,-0.307042,0
3,6,-0.322667,0
4,6,-0.318479,0
5,6,-0.307198,0
6,6,-0.289355,0
7,6,-0.319623,0
8,6,-0.300756,0
9,6,-0.309365,0
10,6,-0.300728,0
1,7,0.30793,0
2,7,0.289603,0
3,7,0.326338,0
4,7,0.263782,0
5,7,0.299218,0
6,7,0.282303,0
7,7,0.302875,0
8,7,0.30577,0
9,7,0.320902,0
10,7,0.311462,0
1,8,-0.0242308,0
2,8,-0.0201568,0
3,8,0.0399348,0
4,8,0.00638808,0
5,8,0.0212638,0
6,8,-0.00567238,0
7,8,-0.0186633,0
8,8,-0.0252021,0
9,8,0.0107345,0
10,8,-0.0193531,0
1,9,-0.328223,0
2,9,-0.382391,0
3,9,-0.330286,0
4,9,-0.338947,0
5,9,-0.355945,0
6,9,-0.343915,0
7,9,-0.341576,0
8,9,-0.352202,0
9,9,-0.334474,0
10,9,-0.327558,0
1,10,0.162931,0
2,10,0.132181,0
3,10,0.167475,0
4,10,0.143763,0
5,10,0.190287,0
6,10,0.109836,0
7,10,0.154995,0
8,10,0.150037,0
9,10,0.173254,0
10,10,0.111379,0
1,11,-0.143154,0
2,11,-0.12391,0
3,11,-0.131862,0
4,11,-0.156425,0
5,11,-0.148925,0
6,11,-0.149203,0
7,11,-0.141532,0
8,11,-0.139034,0
9,11,-0.179465,0
10,11,-0.16313,0
1,12,-0.179475,0
2,12,-0.160801,0
3,12,-0.198217,0
4,12,-0.180025,0
5,12,-0.158594,0
6,12,-0.201283,0
7,12,-0.170969,0
8,12,-0.155622,0
9,12,-0.200005,0
10,12,-0.183507,0
1,13,0.418724,0
2,13,0.379713,0
3,13,0.400532,0
4,13,0.413392,0
5,13,0.413122,0
6,13,0.378998,0
7,13,0.404707,0
8,13,0.429056,0
9,13,0.376814,0
10,13,0.402165,0
1,14,-0.260671,0
2,14,-0.263815,0
3,14,-0.274725,0
4,14,-0.263251,0
5,14,-0.257539,0
6,14,-0.276739,0
7,14,-0.270459,0
8,14,-0.262298,0
9,14,-0.245116,0
10,14,-0.271527,0
1,15,0.191445,0
2,15,0.174263,0
3,15,0.147751,0
4,15,0.150432,0
5,15,0.179282,0
6,15,0.216574,0
7,15,0.164171,0
8,15,0.211623,0
9,15,0.174017,0
10,15,0.159025,0
1,16,-0.358111,0
2,16,-0.36286,0
3,16,-0.333335,0
4,16,-0.360276,0
5,16,-0.377384,0
6,16,-0.364059,0
7,16,-0.359592,0
8,16,-0.375106,0
9,16,-0.3721,0
10,16,-0.382324,0
1,17,0.29085,0
2,17,0.306873,0
3,17,0.310738,0
4,17,0.276149,0
5,17,0.311388,0
6,17,0.28426,0
7,17,0.289221,0
8,17,0.284026,0
9,17,0.3312,0
10,17,0.306054,0
1,18,0.175118,0
2,18,0.18031,0
3,18,0.190576,0
4,18,0.191559,0
5,18,0.190696,0
6,18,0.184337,0
7,18,0.201465,0
8,18,0.206656,0
9,18,0.218472,0
10,18,0.21634,0
1,19,0.36586,0
2,19,0.360318,0
3,19,0.296437,0
4,19,0.353926,0
5,19,0.306027,0
6,19,0.333666,0
7,19,0.314496,0
8,19,0.341509,0
9,19,0.331834,0
10,19,0.350908,0
1,20,-0.311401,0
2,20,-0.320997,0
3,20,-0.29891,0
4,20,-0.308272,0
5,20,-0.302228,0
6,20,-0.323373,0
7,20,-0.340684,0
8,20,-0.304897,0
9,20,-0.31453,0
10,20,-0.311484,0
1,21,0.262439,0
2,21,0.341577,0
3,21,0.267687,0
4,21,0.269586,0
5,21,0.321199,0
6,21,0.330707,0
7,21,0.264579,0
8,21,0.271106,0
9,21,0.309209,0
10,21,0.28146,0
1,22,0.0226893,0
2,22,-0.0119693,0
3,22,0.0669743,0
4,22,0.0174756,0
5,22,0.0273811,0
6,22,0.0339036,0
7,22,0.0523248,0
8,22,0.0462428,0
9,22,0.0135436,0
10,22,0.0277198,0
1,23,-0.352445,0
2,23,-0.37646,0
3,23,-0.374518,0
4,23,-0.367036,0
5,23,-0.360863,0
6,23,-0.371073,0
7,23,-0.381427,0
8,23,-0.363051,0
9,23,-0.376827,0
10,23,-0.365089,0
1,24,0.133085,0
2,24,0.128073,0
3,24,0.152655,0
4,24,0.111315,0
5,24,0.14343,0
6,24,0.10658,0
7,24,0.143034,0
8,24,0.142072,0
9,24,0.167769,0
10,24,0.155603,0
1,25,-0.197711,0
2,25,-0.192726,0
3,25,-0.156013,0
4,25,-0.162283,0
5,25,-0.169282,0
6,25,-0.162858,0
7,25,-0.182441,0
8,25,-0.176468,0
9,25,-0.18487,0
10,25,-0.170088,0
1,26,-0.178611,0
2,26,-0.186402,0
3,26,-0.188303,0
4,26,-0.153225,0
5,26,-0.174529,0
6,26,-0.178876,0
7,26,-0.171212,0
8,26,-0.154678,0
9,26,-0.172298,0
10,26,-0.19084,0
1,27,0.381315,0
2,27,0.403837,0
3,27,0.377455,0
4,27,0.35737,0
5,27,0.375889,0
6,27,0.370386,0
7,27,0.372736,0
8,27,0.439696,0
9,27,0.411234,0
10,27,0.383155,0
1,28,-0.305915,0
2,28,-0.27856,0
3,28,-0.297015,0
4,28,-0.286645,0
5,28,-0.287867,0
6,28,-0.290697,0
7,28,-0.307651,0
8,28,-0.312809,0
9,28,-0.267916,0
10,28,-0.295511,0
1,29,0.119145,0
2,29,0.0979415,0
3,29,0.12857,0
4,29,0.161717,0
5,29,0.16587,0
6,29,0.155873,0
7,29,0.0991577,0
8,29,0.106719,0
9,29,0.106496,0
10,29,0.141693,0
1,30,-0.484322,0
2,30,-0.470466,0
3,30,-0.485893,0
4,30,-0.491818,0
5,30,-0.476764,0
6,30,-0.484867,0
7,30,-0.489044,0
8,30,-0.492903,0
9,30,-0.476468,0
10,30,-0.491303,0
1,31,0.308808,0
2,31,0.241419,0
3,31,0.200587,0
4,31,0.229444,0
5,31,0.294499,0
6,31,0.265338,0
7,31,0.291203,0
8,31,0.2776,0
9,31,0.253674,0
10,31,0.301001,0
1,32,0.196582,0
2,32,0.187622,0
3,32,0.169892,0
4,32,0.176172,0
5,32,0.187858,0
6,32,0.185485,0
7,32,0.154522,0
8,32,0.186107,0
9,32,0.19036,0
10,32,0.167762,0
1,33,0.294754,0
2,33,0.294418,0
3,33,0.287591,0
4,33,0.348553,0
5,33,0.328694,0
6,33,0.303175,0
7,33,0.278742,0
8,33,0.332064,0
9,33,0.255352,0
10,33,0.290814,0
1,34,-0.32153,0
2,34,-0.302424,0
3,34,-0.299729,0
4,34,-0.321625,0
5,34,-0.329556,0
6,34,-0.295023,0
7,34,-0.295139,0
8,34,-0.324437,0
9,34,-0.292482,0
10,34,-0.309008,0
1,35,0.279726,0
2,35,0.288738,0
3,35,0.316966,0
4,35,0.322298,0
5,35,0.272552,0
6,35,0.29436,0
7,35,0.331615,0
8,35,0.337295,0
9,35,0.325839,0
10,35,0.316551,0
1,36,0.0431196,0
2,36,0.0496816,0
3,36,0.0358583,0
4,36,0.0433205,0
5,36,0.0338169,0
6,36,-0.00221253,0
7,36,0.000859456,0
8,36,0.0251508,0
9,36,-0.000284753,0
10,36,0.00188407,0
1,37,-0.349312,0
2,37,-0.357768,0
3,37,-0.349692,0
4,37,-0.353534,0
5,37,-0.356569,0
6,37,-0.327478,0
7,37,-0.356569,0
8,37,-0.353659,0
9,37,-0.348494,0
10,37,-0.366247,0
1,38,0.122543,0
2,38,0.0736561,0
3,38,0.120825,0
4,38,0.133343,0
5,38,0.0890238,0
6,38,0.133119,0
7,38,0.129916,0
8,38,0.118759,0
9,38,0.146968,0
10,38,0.109698,0
1,39,-0.171588,0
2,39,-0.158272,0
3,39,-0.167472,0
4,39,-0.179331,0
5,39,-0.150191,0
6,39,-0.149251,0
7,39,-0.166024,0
8,39,-0.16409,0
9,39,-0.148353,0
10,39,-0.164999,0
1,40,-0.139157,0
2,40,-0.139169,0
3,40,-0.130953,0
4,40,-0.154138,0
5,40,-0.148184,0
6,40,-0.156777,0
7,40,-0.169189,0
8,40,-0.122944,0
9,40,-0.138053,0
10,40,-0.161502,0
1,41,0.424961,0
2,41,0.399124,0
3,41,0.443226,0
4,41,0.429462,0
5,41,0.471612,0
6,41,0.474374,0
7,41,0.429962,0
8,41,0.415992,0
9,41,0.447361,0
10,41,0.395328,0
1,42,-0.279258,0
2,42,-0.277326,0
3,42,-0.294159,0
4,42,-0.269791,0
5,42,-0.27507,0
6,42,-0.292514,0
7,42,-0.304581,0
8,42,-0.284837,0
9,42,-0.278868,0
10,42,-0.281599,0
1,43,0.129527,0
2,43,0.155861,0
3,43,0.125461,0
4,43,0.171725,0
5,43,0.169841,0
6,43,0.127437,0
7,43,0.159706,0
8,43,0.186101,0
9,43,0.205547,0
10,43,0.135216,0
1,44,-0.491291,0
2,44,-0.478985,0
3,44,-0.507486,0
4,44,-0.496716,0
5,44,-0.491706,0
6,44,-0.477634,0
7,44,-0.504633,0
8,44,-0.476507,0
9,44,-0.480844,0
10,44,-0.499707,0
1,45,0.175863,0
2,45,0.178397,0
3,45,0.144646,0
4,45,0.139458,0
5,45,0.189986,0
6,45,0.177991,0
7,45,0.159978,0
8,45,0.157283,0
9,45,0.149385,0
10,45,0.179089,0
