id,V_SAEM,Cl_SAEM,V_mode,Cl_mode
1,6.49382,2.78644,6.49729,2.78797
2,6.49382,2.78644,6.49729,2.78797
3,6.49382,2.78644,6.49729,2.78797
4,6.49382,2.78644,6.49729,2.78797
5,6.49382,2.78644,6.49729,2.78797
6,6.49382,2.78644,6.49729,2.78797
7,6.49382,2.78644,6.49729,2.78797
8,6.49382,2.78644,6.49729,2.78797
9,6.49382,2.78644,6.49729,2.78797
10,6.49382,2.78644,6.49729,2.78797
11,6.49382,2.78644,6.49729,2.78797
12,6.49382,2.78644,6.49729,2.78797
13,6.49382,2.78644,6.49729,2.78797
14,6.49382,2.78644,6.49729,2.78797
15,6.49382,2.78644,6.49729,2.78797
16,6.49382,2.78644,6.49729,2.78797
17,6.49382,2.78644,6.49729,2.78797
18,6.49382,2.78644,6.49729,2.78797
19,6.49382,2.78644,6.49729,2.78797
20,6.49382,2.78644,6.49729,2.78797
21,6.49382,2.78644,6.49729,2.78797
22,6.49382,2.78644,6.49729,2.78797
23,6.49382,2.78644,6.49729,2.78797
24,6.49382,2.78644,6.49729,2.78797
25,6.49382,2.78644,6.49729,2.78797
26,6.49382,2.78644,6.49729,2.78797
27,6.49382,2.78644,6.49729,2.78797
28,6.49382,2.78644,6.49729,2.78797
29,6.49382,2.78644,6.49729,2.78797
30,6.49382,2.78644,6.49729,2.78797
31,6.49382,2.78644,6.49729,2.78797
32,6.49382,2.78644,6.49729,2.78797
33,6.49382,2.78644,6.49729,2.78797
34,6.49382,2.78644,6.49729,2.78797
35,6.49382,2.78644,6.49729,2.78797
36,6.49382,2.78644,6.49729,2.78797
37,6.49382,2.78644,6.49729,2.78797
38,6.49382,2.78644,6.49729,2.78797
39,6.49382,2.78644,6.49729,2.78797
40,6.49382,2.78644,6.49729,2.78797
41,6.49382,2.78644,6.49729,2.78797
42,6.49382,2.78644,6.49729,2.78797
43,6.49382,2.78644,6.49729,2.78797
44,6.49382,2.78644,6.49729,2.78797
45,6.49382,2.78644,6.49729,2.78797
