rep,id,Cl,V1,Q,V2,S,R0,gamma,MTT
1,1,2.80937,0.416437,2.32827,4.99001,20.117,985.832,0.438824,85.1568
2,1,2.81641,0.402022,2.33888,4.86551,20.261,983.281,0.436651,84.9539
3,1,2.82434,0.372585,2.33152,4.916,19.9171,982.438,0.438352,84.9538
4,1,2.81077,0.383762,2.3337,5.05001,20.1521,983.503,0.43286,85.0508
5,1,2.82111,0.374348,2.33307,5.00529,19.8783,982.23,0.438094,85.098
6,1,2.80257,0.401551,2.32512,4.94153,20.3337,983.014,0.43631,84.8226
7,1,2.79915,0.385522,2.32438,4.88965,20.0462,982.648,0.438012,84.5379
8,1,2.80868,0.395475,2.33865,4.95681,20.3912,981.233,0.433453,84.7622
9,1,2.80052,0.410498,2.33183,4.94413,20.2314,982.036,0.438634,84.8974
10,1,2.80915,0.395774,2.34901,5.03451,19.8517,983.746,0.437533,84.8684
1,2,2.82035,0.520506,2.32796,4.89902,20.1338,984.446,0.437043,85.4952
2,2,2.81383,0.478879,2.32336,4.9399,19.7581,985.383,0.440056,85.3679
3,2,2.81081,0.506521,2.33375,4.91439,20.2002,981.766,0.436056,85.4215
4,2,2.82609,0.553835,2.34178,4.85675,19.9332,980.38,0.43942,85.117
5,2,2.81965,0.538468,2.3611,4.87726,20.2012,981.02,0.437505,85.3471
6,2,2.8134,0.562279,2.3406,5.09922,20.1591,982.266,0.435468,84.9828
7,2,2.81611,0.556363,2.37164,4.97653,20.2433,982.436,0.43357,84.9716
8,2,2.80806,0.531272,2.3272,4.9908,19.7316,983.536,0.437981,85.2789
9,2,2.82893,0.504024,2.35701,5.05045,20.0855,985.402,0.436805,85.1508
10,2,2.81608,0.499347,2.35171,4.95692,19.6001,983.397,0.436636,85.1906
1,3,2.8257,0.929135,2.32426,4.98938,19.8871,983.005,0.43738,85.3415
2,3,2.81832,0.976001,2.3243,4.89924,20.1974,986.252,0.438173,85.2952
3,3,2.81815,0.990162,2.33298,4.96438,19.7368,983.936,0.437027,84.8404
4,3,2.80992,0.943253,2.34281,4.89631,19.759,983.388,0.436529,84.9919
5,3,2.81273,0.992472,2.34189,5.02631,19.9532,980.076,0.434908,85.0491
6,3,2.81008,1.00643,2.32771,5.01111,19.603,981.144,0.437578,85.212
7,3,2.81087,0.942285,2.33815,4.97587,19.7769,982.168,0.433603,85.2943
8,3,2.82631,0.922459,2.35082,4.84464,19.8404,981.527,0.434895,85.255
9,3,2.80384,0.978533,2.35545,4.92703,19.9728,980.296,0.434639,85.3465
10,3,2.80502,0.903928,2.34178,5.04454,20.0404,980.334,0.437226,85.4854
1,4,2.82054,0.738511,2.34212,4.92417,19.7632,983.594,0.432175,85.0362
2,4,2.80504,0.730785,2.33351,5.10898,20.3188,983.653,0.437805,85.1175
3,4,2.81197,0.695918,2.36658,4.88819,20.0024,985.234,0.437247,85.0147
4,4,2.8172,0.726597,2.36935,4.9382,19.8201,985.051,0.434224,85.0746
5,4,2.82631,0.690252,2.32587,5.00457,20.1367,982.07,0.437289,85.1789
6,4,2.81765,0.674539,2.35847,4.92803,20.2603,981.058,0.440889,85.4159
7,4,2.81146,0.711557,2.33558,5.0141,20.1344,984.164,0.439211,85.2263
8,4,2.80965,0.680357,2.33995,4.93625,20.1848,982.094,0.434218,84.9175
9,4,2.80115,0.708829,2.32847,4.93834,20.3512,981.087,0.436059,85.1078
10,4,2.81198,0.699454,2.33393,4.91961,19.6282,984.177,0.43738,84.9009
1,5,2.81779,1.20269,2.33749,4.79053,20.2102,983.268,0.438628,85.035
2,5,2.8201,1.13634,2.32711,4.91232,20.0774,986.332,0.438901,85.1036
3,5,2.82198,1.14279,2.31706,4.98101,19.9559,986.184,0.440836,85.2004
4,5,2.80708,1.11018,2.3384,4.99357,19.8811,983.711,0.438782,84.9947
5,5,2.83016,1.13981,2.34611,4.84884,19.8221,979.9,0.439926,85.1587
6,5,2.80871,1.15023,2.35496,4.91398,20.1979,983.737,0.437275,85.0845
7,5,2.81954,1.22156,2.32752,4.87305,20.1148,983.485,0.43531,85.1809
8,5,2.82768,1.14581,2.33356,4.93129,20.2736,985.874,0.435845,85.0873
9,5,2.80701,1.13494,2.3544,5.00624,20.2846,984.571,0.439455,85.4288
10,5,2.80996,1.17323,2.35082,4.98008,19.8615,983.829,0.433805,85.3286
1,6,2.81773,1.01584,2.35819,4.94534,20.168,984.542,0.436727,85.0531
2,6,2.81019,1.01756,2.35633,4.85033,20.035,982.887,0.436249,84.8225
3,6,2.81324,0.997606,2.33873,4.97759,20.0817,980.708,0.438364,85.3196
4,6,2.81565,0.988112,2.37394,4.99026,19.3925,984.17,0.435304,85.3259
5,6,2.81782,1.05079,2.34335,4.9007,19.8854,981.777,0.441181,85.0615
6,6,2.80633,1.04367,2.3357,4.93049,19.815,982.223,0.438155,84.7903
7,6,2.81001,0.902446,2.34811,4.8431,19.8127,983.512,0.435857,85.0766
8,6,2.81405,1.06704,2.33374,5.00439,19.3208,982.305,0.436802,85.2345
9,6,2.8182,1.00725,2.33079,5.02041,19.662,984.298,0.437829,84.7672
10,6,2.80883,1.00802,2.34477,4.91804,19.8359,980.515,0.436723,85.2319
1,7,2.82334,0.736079,2.33569,4.9973,20.3609,985.407,0.438704,85.1065
2,7,2.81159,0.728504,2.31553,4.97533,20.2331,981.905,0.439065,85.3452
3,7,2.83283,0.745605,2.31922,5.0102,19.7334,984.932,0.434286,84.892
4,7,2.82158,0.691888,2.35765,4.89545,20.4279,983.936,0.436578,84.9268
5,7,2.82174,0.759338,2.31611,5.08116,20.048,982.497,0.435001,85.1614
6,7,2.81315,0.761953,2.34305,4.98348,20.0934,983.863,0.439344,85.2345
7,7,2.82173,0.763596,2.33833,4.93609,19.5729,986.05,0.437847,85.3023
8,7,2.80814,0.734027,2.31255,5.01669,20.0019,982.398,0.437527,85.1864
9,7,2.80302,0.789977,2.30086,5.0318,19.6939,981.082,0.439139,85.114
10,7,2.81239,0.7344,2.31472,5.00535,19.9271,983.552,0.439225,85.0873
1,8,2.8126,1.00543,2.35314,4.98859,19.8482,982.912,0.436402,85.3316
2,8,2.81213,0.955134,2.33248,4.88428,19.6721,981.497,0.436657,85.2325
3,8,2.81835,1.02778,2.35114,4.99344,20.0787,982.709,0.438714,85.0133
4,8,2.80446,1.00988,2.34373,4.91882,19.7565,982.453,0.438716,85.172
5,8,2.81095,1.01914,2.34365,4.96289,19.8267,982.609,0.438501,85.2486
6,8,2.81094,1.02182,2.34092,4.94402,20.5636,982.961,0.435875,85.0615
7,8,2.81325,1.02484,2.35972,4.94551,19.5735,982.966,0.438597,84.7979
8,8,2.82527,1.01842,2.33224,4.98409,19.7026,983.702,0.434852,85.2277
9,8,2.80745,0.975697,2.33569,4.96108,19.8958,984.469,0.435481,84.8355
10,8,2.82099,1.05803,2.33509,4.97012,19.9337,984.373,0.435672,85.1001
1,9,2.81358,0.891264,2.3229,4.91249,20.0117,980.975,0.436863,84.9736
2,9,2.81593,0.859332,2.34689,4.98603,20.5031,981.991,0.43775,85.1987
3,9,2.82233,0.916615,2.33793,4.80247,19.8108,983.585,0.4355,85.2233
4,9,2.81771,0.929097,2.34151,4.92653,20.396,984.705,0.439268,85.3886
5,9,2.82256,0.820419,2.34126,4.85649,19.9563,981.359,0.436791,85.2805
6,9,2.8173,0.898853,2.34983,4.911,19.9941,980.417,0.437562,85.0748
7,9,2.82053,0.88174,2.32434,5.00877,20.3009,982.015,0.437955,85.2492
8,9,2.81465,0.899099,2.35952,4.96797,19.5756,981.984,0.438411,85.1781
9,9,2.81644,0.875024,2.33917,4.98962,19.863,985.02,0.436716,85.1035
10,9,2.82278,0.923551,2.3473,4.96019,19.9354,979.474,0.439502,85.0611
1,10,2.81396,0.911639,2.34443,4.94913,19.821,979.264,0.434943,85.0441
2,10,2.81801,0.927703,2.33833,4.78699,19.9895,983.996,0.433598,85.2743
3,10,2.8102,0.913088,2.30923,4.86372,19.8557,984.132,0.439435,84.8963
4,10,2.81741,0.934362,2.34657,4.90899,19.526,986.503,0.439507,85.0308
5,10,2.82091,0.904049,2.35055,4.88303,19.3608,980.286,0.434802,84.7039
6,10,2.81639,0.959375,2.3467,4.97173,19.9054,981.597,0.436448,85.1825
7,10,2.81553,0.899289,2.3516,4.90856,19.8378,984.703,0.437714,85.1482
8,10,2.80233,0.892432,2.34349,4.97901,19.7786,983.582,0.435454,85.1472
9,10,2.81961,0.910606,2.32499,4.89472,19.6031,984.852,0.434385,85.1451
10,10,2.80683,0.930259,2.34432,4.88582,19.9182,985.674,0.43706,85.0415
1,11,2.81142,1.2987,2.3507,4.9431,20.0925,986.49,0.438651,85.1321
2,11,2.79119,1.34698,2.34556,5.06688,20.0724,981.389,0.436227,85.367
3,11,2.80794,1.38855,2.34634,4.97811,20.0042,981.352,0.440024,85.2662
4,11,2.82506,1.37676,2.32875,4.91491,20.0924,981.09,0.442221,84.8605
5,11,2.81761,1.36396,2.35625,5.00225,20.0248,980.329,0.434452,85.0756
6,11,2.80266,1.32745,2.32867,5.00812,19.8216,981.006,0.437928,85.2052
7,11,2.81387,1.21428,2.3488,4.91618,19.9269,981.22,0.438622,85.0001
8,11,2.81351,1.27467,2.33548,4.96285,20.1259,981.022,0.437805,85.0684
9,11,2.80329,1.31784,2.3542,4.90169,19.8474,984.878,0.4362,84.7626
10,11,2.82471,1.35169,2.33594,5.03066,20.263,985.714,0.438759,85.2939
1,12,2.81372,0.552021,2.33495,4.97163,19.8911,985.751,0.439246,85.0321
2,12,2.7949,0.561701,2.35409,4.9422,19.6542,985.726,0.438446,85.1052
3,12,2.80935,0.546326,2.31958,4.92071,20.1297,985.33,0.43815,85.1675
4,12,2.81261,0.584329,2.34255,4.98465,20.2556,981.967,0.438004,85.1064
5,12,2.81937,0.554026,2.33623,4.88818,20.0776,983.255,0.443458,84.9373
6,12,2.82467,0.592346,2.35566,4.90879,19.7106,981.298,0.438332,84.8526
7,12,2.81206,0.59779,2.35887,5.00332,20.0388,981.171,0.437207,85.0101
8,12,2.81803,0.562527,2.3346,4.87416,20.2962,983.632,0.439502,85.1979
9,12,2.81558,0.557014,2.3756,4.96461,19.8679,984.806,0.439243,84.9265
10,12,2.80434,0.590275,2.34045,4.92053,20.0216,987.614,0.43623,85.1477
1,13,2.80885,0.581489,2.34224,5.01009,20.0046,981.389,0.438533,85.1786
2,13,2.80017,0.575321,2.33628,4.93578,20.4092,983.688,0.437405,85.1621
3,13,2.82093,0.567185,2.34388,5.05255,20.0879,982.455,0.438788,85.3623
4,13,2.81506,0.595786,2.33123,4.95244,20.138,984.246,0.43421,85.1472
5,13,2.8344,0.581157,2.34855,4.97575,19.9313,984.541,0.440563,85.165
6,13,2.81784,0.561038,2.35176,4.89603,20.08,981.817,0.433599,85.0707
7,13,2.80791,0.605317,2.35735,5.04506,19.5693,984.846,0.436212,84.9454
8,13,2.80633,0.606459,2.34523,5.02324,19.9491,979.399,0.437177,85.2765
9,13,2.81612,0.531244,2.37923,5.03071,20.4641,985.608,0.439109,85.4827
10,13,2.81524,0.590196,2.34509,4.97925,20.243,984.795,0.438419,85.2713
1,14,2.80989,0.620161,2.31957,4.95177,19.9296,986.239,0.435637,84.8658
2,14,2.81832,0.655624,2.35182,4.94055,19.7549,984.319,0.43626,85.2208
3,14,2.80481,0.639091,2.35617,4.98577,19.8004,979.95,0.441077,84.9701
4,14,2.81792,0.688913,2.31788,4.97283,19.5582,982.647,0.433958,85.2624
5,14,2.81341,0.628653,2.35018,4.9856,19.8135,984.643,0.438062,85.1348
6,14,2.80508,0.668923,2.31681,4.96575,19.9783,985.145,0.437655,85.0341
7,14,2.80918,0.651404,2.35306,4.94742,19.912,983.49,0.433385,85.0146
8,14,2.8138,0.631888,2.35777,4.95039,20.1298,984.371,0.439127,85.4142
9,14,2.82573,0.621139,2.32711,4.88212,19.9697,982.939,0.437747,85.2382
10,14,2.80694,0.64697,2.32958,4.97898,20.1176,984.434,0.434328,85.0728
1,15,2.81284,0.648552,2.34807,5.03093,19.8285,981.414,0.437048,85.3699
2,15,2.81017,0.663147,2.31882,4.96656,20.3681,984.914,0.436948,84.9153
3,15,2.80914,0.608094,2.34072,4.87698,19.9383,982.971,0.43651,85.0323
4,15,2.81746,0.653838,2.37342,4.83447,19.42,985.398,0.443888,85.2226
5,15,2.81714,0.633182,2.33123,4.90595,19.9053,980.558,0.439086,85.3404
6,15,2.81009,0.607491,2.35572,4.93962,19.8508,983.615,0.438313,84.7597
7,15,2.82114,0.631454,2.33131,4.87612,19.5332,984.412,0.437553,85.2287
8,15,2.80676,0.678174,2.3238,4.97758,20.1189,983.92,0.435721,85.2452
9,15,2.80211,0.63668,2.35895,4.99145,20.4198,984.01,0.43735,85.1333
10,15,2.81419,0.650609,2.33059,4.86667,19.5199,980.61,0.44238,85.1577
1,16,2.82465,0.617881,2.36909,4.89347,20.1515,983.327,0.435841,85.2461
2,16,2.81291,0.594724,2.33307,5.04288,19.9981,981.009,0.43671,85.1574
3,16,2.80743,0.607348,2.30847,4.88552,20.1669,985.172,0.435466,84.951
4,16,2.82024,0.615792,2.35433,4.98217,19.9611,982.089,0.43475,85.2424
5,16,2.81594,0.616116,2.34453,4.95522,19.9101,982.519,0.434913,85.238
6,16,2.81557,0.59915,2.36701,4.92627,19.9902,985.52,0.437655,85.403
7,16,2.81291,0.633797,2.33858,4.96612,19.9632,983.758,0.439036,85.3089
8,16,2.82586,0.603752,2.35868,4.97335,20.2051,985.484,0.437062,85.1953
9,16,2.80596,0.604357,2.31989,5.02463,19.7948,985.294,0.437413,85.1136
10,16,2.80857,0.595829,2.33993,5.0598,19.7725,981.779,0.440195,85.1864
1,17,2.81556,0.490882,2.33295,4.91889,19.9573,979.29,0.438063,85.0085
2,17,2.81179,0.494704,2.32707,4.86451,20.0729,981.262,0.437508,85.279
3,17,2.81314,0.522926,2.37673,4.95156,19.7776,984.088,0.435959,85.0208
4,17,2.81501,0.47951,2.3382,4.8587,20.0766,983.843,0.436719,85.0901
5,17,2.804,0.493822,2.32894,4.75415,19.9394,984.707,0.436953,84.9312
6,17,2.80233,0.512659,2.33399,4.88346,20.0848,983.383,0.437324,84.9635
7,17,2.8157,0.500237,2.34979,4.85679,20.2916,983.82,0.434715,85.1681
8,17,2.8064,0.478332,2.31658,4.95517,20.0126,982.646,0.437719,84.9604
9,17,2.80946,0.498296,2.33898,4.96884,19.777,982.672,0.44094,85.0435
10,17,2.81178,0.480153,2.34771,4.94528,20.023,981.968,0.439712,85.0887
1,18,2.81235,0.639121,2.35986,4.93278,20.2704,978.694,0.437115,85.1524
2,18,2.81223,0.62889,2.33704,5.02347,20.45,982.512,0.437447,85.157
3,18,2.80332,0.606986,2.34279,4.91454,20.2039,982.618,0.437101,85.1984
4,18,2.80585,0.675656,2.34393,4.94949,19.7336,981.698,0.437599,85.5042
5,18,2.81881,0.610177,2.36173,4.9743,19.9061,983.762,0.435533,84.9442
6,18,2.7997,0.613801,2.35481,4.95271,20.0723,983.215,0.437845,85.1705
7,18,2.82546,0.6261,2.34277,4.85858,20.2052,980.133,0.438951,85.335
8,18,2.82224,0.634626,2.35521,4.97141,20.5855,980.339,0.434834,85.2891
9,18,2.81729,0.606674,2.33729,4.81274,19.902,983.996,0.435002,85.0129
10,18,2.81653,0.622767,2.34904,4.90396,20.023,981.821,0.436882,85.0733
1,19,2.81999,0.974427,2.35582,4.98455,19.8666,982.129,0.435921,85.5513
2,19,2.82384,0.940592,2.30768,5.0371,19.5005,981.338,0.436381,85.3413
3,19,2.81778,0.965641,2.33929,4.82108,20.0012,981.752,0.436714,85.4032
4,19,2.82099,0.953776,2.34534,5.00752,19.9598,979.567,0.434807,84.8791
5,19,2.81761,0.998021,2.34179,5.00069,20.1192,983.735,0.438441,85.1404
6,19,2.8256,0.923904,2.34745,4.88764,19.7748,981.857,0.433013,85.371
7,19,2.81697,0.940288,2.33173,4.89382,19.9335,982.027,0.433729,85.1967
8,19,2.81496,0.968351,2.33342,4.88813,19.8358,981.019,0.435008,85.406
9,19,2.83353,0.933528,2.36148,4.84604,19.8661,977.078,0.435013,85.5225
10,19,2.80916,0.961001,2.32709,4.87572,19.8386,981.802,0.435581,85.0759
1,20,2.80354,0.474641,2.33521,5.03814,20.2817,982.751,0.436819,85.2233
2,20,2.8186,0.507078,2.34161,4.94085,20.2561,983.654,0.437959,85.2231
3,20,2.80556,0.475375,2.33263,5.00391,20.252,979.344,0.439488,84.8875
4,20,2.81632,0.50786,2.35612,5.11719,19.9097,979.351,0.437688,85.402
5,20,2.816,0.482932,2.35058,4.98552,20.0061,981.74,0.436669,84.9838
6,20,2.8162,0.485619,2.36893,5.05315,20.0269,985.114,0.436095,85.2385
7,20,2.81155,0.479481,2.33665,4.94504,19.9876,983.772,0.436781,85.0416
8,20,2.80215,0.460925,2.33686,5.02965,20.2295,980.179,0.440221,84.9713
9,20,2.81422,0.473661,2.35809,4.89595,20.0212,982.475,0.436317,85.1146
10,20,2.81259,0.470251,2.3478,4.90725,19.8608,981.539,0.436865,84.9407
1,21,2.82663,0.741758,2.33257,4.97349,20.1715,984.619,0.439188,84.9849
2,21,2.81436,0.766872,2.34356,4.95757,19.866,983.55,0.431395,85.2959
3,21,2.81179,0.782241,2.327,4.92661,19.9768,983.93,0.439174,85.2553
4,21,2.83487,0.757266,2.34295,4.85003,20.016,984.664,0.436498,85.2397
5,21,2.81967,0.774862,2.34043,4.99316,19.9495,982.204,0.440482,85.1111
6,21,2.8153,0.746664,2.34327,5.01076,19.9684,983.3,0.4374,85.2781
7,21,2.8176,0.781809,2.34448,4.94102,20.0681,982.716,0.438234,85.348
8,21,2.81373,0.710938,2.32648,4.89425,19.7869,985.71,0.436592,85.226
9,21,2.82874,0.787079,2.32817,4.95981,19.8089,985.327,0.430448,84.89
10,21,2.81606,0.774472,2.34677,4.99895,19.9266,985.573,0.437676,85.1076
1,22,2.81414,0.46513,2.34443,4.92775,19.6552,981.617,0.44068,85.2033
2,22,2.81193,0.484155,2.34373,4.99912,19.9753,985.752,0.437687,85.4447
3,22,2.82723,0.519317,2.35207,4.93747,20.103,985.34,0.442489,85.2987
4,22,2.81405,0.470789,2.32792,4.94066,20.3555,984.161,0.435501,85.1384
5,22,2.80597,0.48426,2.32561,4.95355,20.1076,980.115,0.437644,85.0621
6,22,2.81203,0.462726,2.33315,5.00833,20.0283,982.685,0.438732,85.189
7,22,2.82424,0.491096,2.35835,4.94624,19.4487,984.336,0.439179,85.3769
8,22,2.8111,0.488097,2.34289,4.90581,20.0244,984.054,0.43858,85.0769
9,22,2.80902,0.479074,2.35498,4.94166,19.7593,983.149,0.439079,85.0885
10,22,2.81352,0.48261,2.3346,4.95834,19.8336,981.838,0.436962,84.9962
1,23,2.82507,1.25489,2.34838,4.94883,19.5992,980.595,0.437944,85.0412
2,23,2.81939,1.23835,2.3592,4.87608,20.3403,981.915,0.442001,85.0344
3,23,2.82849,1.22357,2.35231,4.89757,20.1762,980.321,0.437111,85.15
4,23,2.83084,1.19748,2.33396,4.95655,19.6047,981.085,0.437898,85.0684
5,23,2.81702,1.21665,2.35566,4.95464,19.9365,981.018,0.439651,84.968
6,23,2.81041,1.20586,2.32913,4.9653,20.2765,981.638,0.441328,85.0341
7,23,2.80232,1.11375,2.37682,4.97973,19.794,984.694,0.441168,84.8439
8,23,2.82409,1.19022,2.34809,5.01688,20.0602,983.369,0.436446,85.1372
9,23,2.81656,1.25504,2.33285,4.92269,20.2408,982.606,0.439194,85.0825
10,23,2.8197,1.16478,2.3315,4.98967,20.3237,980.776,0.438438,85.0674
1,24,2.81695,0.764373,2.36054,4.936,19.6166,981.124,0.440444,84.9092
2,24,2.80068,0.749414,2.32401,4.95404,20.0569,985.466,0.437891,84.8001
3,24,2.81695,0.742804,2.33045,4.95727,20.1951,983.881,0.437956,85.0565
4,24,2.80775,0.749576,2.32168,4.94762,20.0346,982.691,0.437704,85.4645
5,24,2.81415,0.724245,2.3609,4.89047,20.5602,982.081,0.438402,85.3393
6,24,2.81126,0.73915,2.32792,4.86809,20.0971,982.739,0.436477,84.9039
7,24,2.82125,0.734156,2.32461,4.91357,19.7381,980.37,0.438557,85.0167
8,24,2.81499,0.764424,2.32297,5.01761,19.9937,984.495,0.435517,85.0121
9,24,2.81998,0.761614,2.33199,5.01944,19.6428,981.127,0.439122,85.024
10,24,2.81801,0.747119,2.34032,4.89845,19.6056,985.041,0.437383,84.8291
1,25,2.81339,0.673764,2.32883,4.95164,20.3268,982.378,0.437218,85.3842
2,25,2.81651,0.643745,2.34759,4.98093,20.2304,981.826,0.441044,85.2287
3,25,2.81601,0.663034,2.29934,4.95594,19.9175,985.557,0.437663,84.7996
4,25,2.81632,0.643041,2.33587,4.88731,20.5209,981.454,0.442928,85.192
5,25,2.81527,0.653427,2.34037,5.07427,19.9322,981.823,0.436218,85.1619
6,25,2.81971,0.637359,2.34821,4.95822,20.1832,981.647,0.439336,85.2606
7,25,2.82298,0.635757,2.32211,4.92414,19.8363,983.058,0.440353,84.9242
8,25,2.8194,0.714301,2.34504,4.97148,20.0262,985.892,0.438336,85.2667
9,25,2.82533,0.656545,2.32526,4.94329,20.4158,986.162,0.439464,85.1158
10,25,2.82324,0.637623,2.32605,4.91713,20.021,981.125,0.435063,84.8903
1,26,2.81749,0.579282,2.3116,4.99406,20.1365,981.786,0.439415,85.2506
2,26,2.81691,0.516629,2.35447,4.98072,20.3019,981.902,0.434758,84.9151
3,26,2.81058,0.52281,2.34844,4.91898,19.8299,984.87,0.438253,85.1703
4,26,2.80496,0.538277,2.339,4.98486,20.1991,983.098,0.439439,85.1317
5,26,2.81538,0.513581,2.32022,4.92855,20.2129,982.762,0.43087,84.8503
6,26,2.81059,0.537618,2.33338,4.95647,19.6682,983.431,0.436891,85.3248
7,26,2.81846,0.559373,2.35995,4.96667,19.9792,983.932,0.436668,85.1968
8,26,2.80538,0.515128,2.34584,4.92372,20.3977,982.244,0.436482,84.8319
9,26,2.81551,0.558998,2.35582,5.04881,20.219,984.68,0.432796,85.1169
10,26,2.81429,0.553592,2.33165,5.01643,19.8565,982.77,0.435846,84.902
1,27,2.82319,0.594498,2.35285,5.01787,19.921,981.473,0.440153,84.9987
2,27,2.81123,0.567027,2.32725,4.99005,19.8784,978.731,0.436977,85.2935
3,27,2.81187,0.614847,2.31637,5.02848,19.9531,983.449,0.437531,85.2391
4,27,2.82554,0.590459,2.33437,4.96439,19.7544,984.285,0.436117,85.1099
5,27,2.806,0.592916,2.33663,4.90089,19.9963,982.803,0.436839,85.1404
6,27,2.81565,0.619372,2.31034,5.02786,19.8772,979.828,0.438696,85.2248
7,27,2.836,0.586451,2.37775,5.02375,19.8307,983.037,0.437596,85.0624
8,27,2.82716,0.576763,2.34087,4.98881,20.1092,982.975,0.434766,85.3213
9,27,2.81959,0.59067,2.33409,4.9694,20.1682,980.649,0.43562,85.3017
10,27,2.82387,0.628086,2.31601,4.97408,20.1716,982.367,0.436996,84.9467
1,28,2.80913,0.90993,2.33585,4.99986,20.0323,986.787,0.435094,85.1342
2,28,2.82815,0.973589,2.31169,4.93741,19.757,984.073,0.434575,85.1994
3,28,2.8277,0.964663,2.33956,4.99776,20.2127,983.853,0.434786,85.4549
4,28,2.82181,0.945488,2.32174,4.96356,19.7712,982.443,0.436418,85.1732
5,28,2.81363,0.95815,2.34511,5.16588,19.8447,981.824,0.43517,85.169
6,28,2.81485,0.956689,2.34574,5.0562,19.9717,983.65,0.435015,85.1498
7,28,2.8259,0.936814,2.35842,5.03958,20.1432,981.212,0.439256,85.1772
8,28,2.82276,1.00144,2.31054,4.90834,19.9654,986.033,0.436999,85.0984
9,28,2.8059,0.90313,2.3418,4.95902,19.9547,982.41,0.434841,85.1023
10,28,2.82844,0.948758,2.30718,4.99637,20.0549,982.317,0.437756,85.3905
1,29,2.81564,0.601568,2.3283,4.90343,19.633,985.755,0.438762,84.5738
2,29,2.82863,0.679212,2.32808,4.96579,19.5124,983.082,0.439984,85.2664
3,29,2.8132,0.62878,2.32967,4.91605,19.8393,983.497,0.438339,84.9571
4,29,2.81624,0.63888,2.32701,4.93912,20.1032,982.548,0.438049,85.1317
5,29,2.8195,0.655288,2.34014,5.04421,20.0206,984.902,0.439874,85.3339
6,29,2.81526,0.653095,2.33732,4.96132,20.3411,982.097,0.435748,84.9738
7,29,2.81347,0.659424,2.35079,4.85931,20.0708,983.995,0.438497,85.0574
8,29,2.81377,0.605351,2.36311,5.01617,19.8301,984.26,0.43905,84.936
9,29,2.81762,0.614007,2.32109,4.9342,19.7227,984.212,0.439184,84.8937
10,29,2.82825,0.6345,2.3475,4.93741,19.9917,984.566,0.442045,85.0683
1,30,2.8214,1.04904,2.32737,4.8984,19.9762,981.716,0.436494,85.0574
2,30,2.81151,1.05604,2.3151,4.97192,19.9636,983.375,0.437645,85.0999
3,30,2.83352,1.08791,2.36198,4.96462,19.5172,986.146,0.437888,85.2026
4,30,2.83112,1.08029,2.3512,4.87941,19.7886,985.583,0.436083,85.1124
5,30,2.81256,1.09042,2.31475,4.99282,20.0888,983.601,0.436118,84.9717
6,30,2.82964,1.01783,2.35341,4.79299,19.9204,979.731,0.436099,84.9743
7,30,2.81757,1.13777,2.32813,4.97857,19.6518,984.427,0.43612,85.2458
8,30,2.82327,1.10366,2.35878,4.94318,19.749,985.128,0.436888,85.1621
9,30,2.81504,1.14395,2.31195,4.96487,20.2026,985.344,0.437699,85.2263
10,30,2.82617,1.06931,2.32845,4.8401,19.819,980.937,0.43983,85.5718
1,31,2.81606,0.780418,2.34245,4.8759,20.1123,983.683,0.437416,85.3764
2,31,2.81599,0.799064,2.33437,5.02132,20.1335,981.108,0.436153,84.8758
3,31,2.80317,0.803165,2.32554,4.96893,19.8721,980.769,0.438053,85.1418
4,31,2.82482,0.839094,2.33474,4.99841,20.1693,982.319,0.434132,85.0547
5,31,2.81506,0.802404,2.33802,5.09904,20.1641,983.281,0.436082,85.2884
6,31,2.81374,0.815191,2.33734,5.03757,19.6037,982.71,0.440152,85.3291
7,31,2.82292,0.810267,2.34471,4.93697,19.886,983.614,0.438552,85.2562
8,31,2.81653,0.764888,2.34909,5.04977,19.7226,981.804,0.436242,85.0204
9,31,2.82092,0.83542,2.32916,5.07418,19.8593,983.635,0.437455,85.0839
10,31,2.81013,0.803149,2.32382,5.08385,20.4365,980.736,0.436456,85.1093
1,32,2.80895,0.317014,2.34893,4.92967,20.2086,982.659,0.437335,85.017
2,32,2.8127,0.316216,2.34496,5.0256,19.8276,983.521,0.437416,85.3604
3,32,2.81262,0.330896,2.37438,4.98936,19.7487,983.489,0.439365,85.2778
4,32,2.81405,0.341692,2.3448,5.00734,19.8004,982.526,0.435429,85.1395
5,32,2.81122,0.314649,2.30026,4.93382,20.2191,982.591,0.440161,84.8237
6,32,2.8068,0.311424,2.34033,4.87333,20.1329,981.023,0.436192,85.4167
7,32,2.82339,0.329384,2.34173,5.00888,20.3869,980.603,0.435399,84.9155
8,32,2.81341,0.311884,2.31244,4.9281,19.9696,982.785,0.437949,84.989
9,32,2.81496,0.318383,2.33752,4.93451,19.6019,982.927,0.436447,85.1095
10,32,2.82154,0.329177,2.32438,4.9464,19.7667,981.289,0.435034,85.2886
1,33,2.80559,0.778011,2.34808,5.03532,19.6502,981.25,0.441957,85.1458
2,33,2.82408,0.851162,2.35208,4.95516,20.3284,981.468,0.437895,85.2202
3,33,2.79401,0.776272,2.34401,4.93505,19.9448,986.17,0.437275,85.0581
4,33,2.82092,0.753761,2.32854,4.81189,20.0712,983.315,0.438902,85.3249
5,33,2.80209,0.758375,2.32147,4.91161,20.0492,982.829,0.44149,84.9728
6,33,2.82168,0.738996,2.3494,4.9739,20.0049,984.649,0.439684,84.9953
7,33,2.80463,0.754958,2.35775,4.85956,19.9238,983.243,0.438324,84.9658
8,33,2.81524,0.799368,2.35353,4.94259,20.3655,984.141,0.436117,85.3365
9,33,2.81082,0.79401,2.35458,4.9887,19.8706,983.751,0.436556,84.9066
10,33,2.8116,0.813972,2.34331,4.96153,19.8597,981.525,0.441283,85.3054
1,34,2.81422,0.916796,2.346,4.98368,20.0186,981.906,0.43755,85.2975
2,34,2.81408,0.935653,2.31823,4.80701,20.028,983.973,0.437905,84.9239
3,34,2.82268,0.924123,2.3515,5.01472,19.9459,982.878,0.438771,85.1433
4,34,2.80826,0.893292,2.32934,4.94875,20.0774,985.082,0.435618,85.2296
5,34,2.80873,0.892427,2.32942,4.88343,20.058,981.131,0.438749,85.1734
6,34,2.80726,0.982989,2.31984,4.97328,20.8346,979.514,0.436637,85.1924
7,34,2.82803,0.998405,2.32276,5.03623,20.2395,982.602,0.438527,85.1671
8,34,2.80989,0.901764,2.32855,4.91789,20.0694,984.024,0.43858,84.9384
9,34,2.81086,0.969022,2.32878,4.9786,20.128,982.744,0.440263,85.1888
10,34,2.81837,0.977198,2.33126,4.97911,20.2284,983.282,0.440379,85.4104
1,35,2.80844,0.484417,2.3535,4.91818,19.6326,984.942,0.44055,85.6412
2,35,2.81415,0.539872,2.34371,5.02576,19.7325,987.131,0.437444,85.3689
3,35,2.81479,0.482542,2.34855,4.99704,20.2239,984.806,0.439024,85.0898
4,35,2.81689,0.489538,2.33299,4.94071,20.4326,981.679,0.438428,85.08
5,35,2.81513,0.474705,2.33407,4.91653,20.2962,983.527,0.435955,84.8216
6,35,2.83035,0.482133,2.34606,4.91805,19.5991,981.722,0.439566,85.1764
7,35,2.81176,0.515278,2.32517,4.9665,19.6121,981.041,0.439781,85.6831
8,35,2.81247,0.489638,2.32611,4.98296,20.2098,985.707,0.434797,84.9568
9,35,2.81882,0.503108,2.32574,5.00652,19.9855,981.89,0.438211,85.3092
10,35,2.81222,0.496822,2.33553,4.89427,19.9717,983.897,0.438103,85.1416
1,36,2.80605,0.417828,2.34306,4.85536,19.8739,982.446,0.4337,85.2667
2,36,2.81762,0.414452,2.35937,4.87432,19.6305,978.094,0.436986,85.3847
3,36,2.80623,0.429663,2.36996,4.94601,20.108,983.053,0.435253,85.3419
4,36,2.81062,0.429428,2.3318,4.94578,19.8769,982.385,0.438295,85.5151
5,36,2.80836,0.417407,2.34689,4.98643,19.7169,980.335,0.436457,85.6528
6,36,2.81297,0.432168,2.35418,4.99509,19.8686,979.864,0.43632,85.2639
7,36,2.81623,0.413673,2.35306,4.95816,19.7163,980.817,0.43694,85.0644
8,36,2.79976,0.411624,2.31852,4.89505,19.8821,982.278,0.434703,85.249
9,36,2.8269,0.452208,2.33976,5.01617,19.5856,980.593,0.436117,85.2803
10,36,2.80777,0.430482,2.36613,4.96559,19.8407,980.582,0.435496,85.3552
1,37,2.82424,0.576546,2.33207,4.85297,20.0854,982.645,0.442103,85.0765
2,37,2.82906,0.580996,2.34596,4.9704,20.0474,984.442,0.439978,84.981
3,37,2.81451,0.580816,2.35998,4.94288,20.2253,982.451,0.440109,85.0713
4,37,2.81116,0.614426,2.34614,4.86624,19.8204,981.901,0.435776,85.1254
5,37,2.82638,0.56326,2.3442,4.9767,20.2528,980.491,0.437251,85.3055
6,37,2.81883,0.545275,2.34532,4.97445,20.1095,979.931,0.440755,84.8954
7,37,2.80975,0.561273,2.36926,4.96561,20.1655,985.3,0.440342,84.986
8,37,2.80581,0.571923,2.32779,4.87262,20.0911,983.128,0.435825,84.891
9,37,2.80924,0.573735,2.35114,4.95914,20.04,983.235,0.436129,85.1267
10,37,2.80899,0.536712,2.32994,4.89339,20.0601,983.606,0.438995,85.1574
1,38,2.79949,0.503381,2.33613,5.02014,20.2151,981.1,0.438049,85.152
2,38,2.8068,0.48933,2.36143,4.88078,19.8235,981.564,0.43843,85.1155
3,38,2.80669,0.53351,2.35659,4.88486,19.8951,984.521,0.437053,84.9424
4,38,2.81085,0.496386,2.3283,4.87077,19.7309,981.4,0.437053,85.2023
5,38,2.79869,0.511693,2.38862,4.92573,19.77,981.03,0.439036,84.9282
6,38,2.81374,0.493956,2.34248,4.9874,19.6455,982.825,0.436202,84.9208
7,38,2.82104,0.527762,2.36042,4.8605,20.0988,983.571,0.434093,85.0249
8,38,2.81102,0.4716,2.34119,4.87619,20.3037,982.126,0.439462,84.8058
9,38,2.81723,0.500283,2.37357,4.82702,19.9221,981.158,0.438273,85.1681
10,38,2.81621,0.555522,2.33376,4.84762,20.3861,983.615,0.440268,85.1626
1,39,2.82198,0.613119,2.33802,4.90294,19.8195,986.239,0.436729,85.0813
2,39,2.83336,0.581487,2.33761,5.03439,20.3778,983.984,0.436526,85.353
3,39,2.81892,0.589396,2.3445,4.99131,20.0924,981.386,0.434305,85.4917
4,39,2.80598,0.592366,2.33142,5.0024,20.1248,980.99,0.441529,85.3099
5,39,2.82563,0.570616,2.34043,4.94782,19.969,986.385,0.438064,85.1802
6,39,2.81134,0.554022,2.33843,4.95999,19.6086,983.658,0.435415,85.0626
7,39,2.81851,0.593164,2.29976,4.9854,19.7768,983.269,0.4403,85.3339
8,39,2.83322,0.551137,2.33454,5.06403,19.6547,985.493,0.436682,85.2836
9,39,2.81093,0.606428,2.32392,5.09485,19.9668,982.897,0.435772,85.3683
10,39,2.83167,0.553712,2.31961,4.87121,19.6729,983.633,0.438603,85.2278
1,40,2.80313,1.06992,2.33611,5.03507,20.09,982.299,0.43744,84.9099
2,40,2.82376,1.12686,2.33167,4.9054,20.2887,984.156,0.438181,85.3304
3,40,2.8002,1.09451,2.36349,5.01076,19.9142,985.162,0.438613,85.1554
4,40,2.8172,1.09431,2.36627,4.99688,20.0654,983.445,0.436061,85.1625
5,40,2.81078,1.12279,2.32929,4.83499,19.8505,980.928,0.442089,85.1735
6,40,2.81791,1.05098,2.36222,4.99868,19.8313,984.243,0.439803,85.07
7,40,2.803,1.07115,2.34567,4.93307,20.2158,983.567,0.436847,85.1927
8,40,2.80495,1.09185,2.37181,4.91679,20.0129,983.245,0.437122,85.2552
9,40,2.82184,1.0961,2.33697,4.95219,20.1552,986.182,0.437032,85.0218
10,40,2.81204,1.07437,2.31653,4.97306,19.7981,985.531,0.438215,85.1497
1,41,2.82024,0.782513,2.35474,5.00096,20.3476,985.325,0.43474,85.294
2,41,2.82533,0.75749,2.35278,5.02919,20.4209,983.613,0.438321,85.1926
3,41,2.81442,0.730792,2.37812,4.90531,20.2286,985.003,0.437545,85.2337
4,41,2.81074,0.711242,2.3244,4.84929,20.4178,984.785,0.440459,85.2044
5,41,2.80823,0.707171,2.3485,5.02471,20.1608,981.238,0.437333,85.235
6,41,2.81285,0.732524,2.34399,4.89381,19.9749,982.988,0.441523,85.0546
7,41,2.80551,0.733966,2.33821,4.92442,19.9862,982.009,0.437387,84.8981
8,41,2.81465,0.770499,2.36722,4.92143,20.5962,984.037,0.438821,85.3054
9,41,2.81113,0.790285,2.36749,5.08235,20.2695,981.59,0.436001,84.9259
10,41,2.81202,0.746556,2.34531,4.93816,20.2046,979.109,0.440487,85.3629
1,42,2.81553,0.743684,2.34618,4.94997,19.5734,983.56,0.436731,85.0571
2,42,2.81705,0.804046,2.33505,4.89282,19.7109,982.645,0.436089,85.0915
3,42,2.81508,0.805013,2.333,4.99851,19.9027,982.674,0.436397,85.2309
4,42,2.81107,0.76369,2.30746,4.81303,20.0324,984.8,0.435997,85.2088
5,42,2.81119,0.814092,2.33143,4.94677,19.6875,981.279,0.439002,85.132
6,42,2.81397,0.81053,2.32215,4.9544,20.0305,984.211,0.438262,85.0646
7,42,2.81678,0.753675,2.37033,4.91529,20.2469,980.777,0.437569,85.0587
8,42,2.81773,0.747819,2.32516,4.83321,19.6576,982.881,0.437145,85.257
9,42,2.80814,0.769352,2.35957,4.9487,19.7644,982.743,0.435814,85.2668
10,42,2.82378,0.7798,2.34331,4.88181,19.7518,982.055,0.436729,85.2452
1,43,2.80664,0.544952,2.31205,5.01167,20.132,981.367,0.438809,85.1553
2,43,2.80523,0.587886,2.35186,4.89381,19.9054,983.69,0.437771,85.1966
3,43,2.80843,0.536409,2.32524,4.96006,20.1868,984.779,0.438976,84.8478
4,43,2.81811,0.547276,2.35476,4.88228,20.0943,980.73,0.43674,85.2811
5,43,2.8105,0.595568,2.3459,5.02828,20.1813,982.828,0.436328,85.4343
6,43,2.79445,0.542946,2.33402,4.84583,19.9931,984.471,0.436362,84.9918
7,43,2.82448,0.558736,2.33783,4.94886,20.0959,981.386,0.438789,84.9737
8,43,2.81824,0.566853,2.35462,4.8876,19.7088,984.682,0.439025,85.0698
9,43,2.81449,0.589045,2.33316,4.88307,20.5418,980.629,0.439988,85.065
10,43,2.81435,0.550069,2.35366,4.9083,20.2185,981.32,0.438689,85.0586
1,44,2.81309,0.732204,2.33548,4.90171,20.0209,985.443,0.435907,84.9562
2,44,2.82137,0.711783,2.36913,5.00491,20.4228,983.421,0.436018,85.2099
3,44,2.80855,0.769061,2.33585,4.92599,19.6956,984.085,0.43481,85.5641
4,44,2.82092,0.784376,2.35188,4.99359,19.9534,982.821,0.436376,85.2909
5,44,2.8104,0.785426,2.34609,4.88066,20.0703,982.528,0.438398,85.2337
6,44,2.80473,0.767161,2.31779,4.99828,20.1233,984.972,0.43352,85.1902
7,44,2.80626,0.769441,2.34012,4.9438,19.8197,982.716,0.433489,85.266
8,44,2.81538,0.749866,2.37165,4.97226,19.6107,984.467,0.438142,85.3072
9,44,2.81961,0.743728,2.33461,4.96302,19.7884,983.702,0.4347,85.3481
10,44,2.80992,0.781861,2.33138,4.8924,20.1967,983.482,0.434555,85.3604
1,45,2.80448,0.456834,2.35536,4.9127,20.4146,982.807,0.443232,85.3409
2,45,2.82018,0.479521,2.34966,4.92206,20.1959,984.068,0.437502,84.9556
3,45,2.82477,0.494769,2.31313,4.88965,19.8263,982.288,0.435355,84.9985
4,45,2.81239,0.453966,2.351,4.84528,20.1529,985.652,0.438974,85.0146
5,45,2.80598,0.467187,2.33452,5.0083,19.5792,979.783,0.442009,85.4013
6,45,2.81926,0.501985,2.35046,5.0442,19.8163,979.21,0.438493,85.2799
7,45,2.81849,0.509675,2.3536,4.97431,19.9661,983.893,0.436674,85.0225
8,45,2.81865,0.471473,2.36184,4.94316,19.7735,982.409,0.438815,84.9675
9,45,2.82344,0.492081,2.3776,4.89908,20.0715,979.838,0.437811,85.0687
10,45,2.80913,0.474739,2.34133,4.92271,19.7391,980.537,0.44086,84.985
