rep,id,eta_Cl,eta_V1,eta_Q,eta_V2,eta_S,eta_R0,eta_gamma,eta_MTT
1,1,-0.00184489,-0.505624,-0.00548207,0.00799117,0.00722216,0.00289957,0.00303856,0.000391646
2,1,0.000658387,-0.540852,-0.000936846,-0.0172737,0.0143533,0.000308173,-0.00192545,-0.00199389
3,1,0.0034708,-0.616895,-0.00408796,-0.00695057,-0.00276731,-0.000549594,0.0019615,-0.00199434
4,1,-0.00134652,-0.587336,-0.00315203,0.0199445,0.00896632,0.000534396,-0.0106473,-0.000853678
5,1,0.00232716,-0.612172,-0.00342178,0.0110497,-0.00471549,-0.000760733,0.00137351,-0.00029833
6,1,-0.00426874,-0.542024,-0.0068343,-0.00177138,0.0179378,3.69808e-05,-0.00270817,-0.00354026
7,1,-0.00548772,-0.58276,-0.00715642,-0.0123257,0.00369569,-0.000335527,0.00118608,-0.00690174
8,1,-0.00209118,-0.557271,-0.00103355,0.00131644,0.0207595,-0.00177681,-0.0092776,-0.00425218
9,1,-0.00499814,-0.519988,-0.00395431,-0.00124534,0.0128943,-0.000958884,0.00260423,-0.00265837
10,1,-0.00192348,-0.556515,0.00338508,0.0168691,-0.00605363,0.000781195,9.19669e-05,-0.00300055
1,2,0.00205778,-0.282558,-0.00561391,-0.0104112,0.00805446,0.00149227,-0.00102844,0.00435768
2,2,-0.00025828,-0.36591,-0.00759502,-0.00210041,-0.0107797,0.00244344,0.00584105,0.00286781
3,2,-0.00133324,-0.309793,-0.0031319,-0.0072791,0.011348,-0.00123366,-0.00328925,0.00349614
4,2,0.00408817,-0.220491,0.000304446,-0.0190765,-0.00195532,-0.00264615,0.00439602,-7.52387e-05
5,2,0.00180961,-0.248631,0.00852095,-0.0148633,0.0113965,-0.00199416,2.81662e-05,0.00262426
6,2,-0.000410237,-0.205361,-0.000202683,0.0296414,0.00931213,-0.000724331,-0.0046388,-0.00165321
7,2,0.000553776,-0.215938,0.0129718,0.00528721,0.0134793,-0.000551679,-0.00900624,-0.0017848
8,2,-0.00231217,-0.262084,-0.00594296,0.00815106,-0.012122,0.000567724,0.00111561,0.00182534
9,2,0.00509421,-0.314735,0.00678557,0.020031,0.0056541,0.00246332,-0.00157291,0.000322109
10,2,0.000540761,-0.324057,0.00453604,0.00133912,-0.0188092,0.000426016,-0.00196075,0.000789457
1,3,0.0039517,0.296895,-0.00720799,0.00786531,-0.00427013,2.71656e-05,-0.000257497,0.00255918
2,3,0.00133576,0.346105,-0.0071909,-0.0103651,0.0112117,0.00332479,0.00155273,0.00201622
3,3,0.00127652,0.36051,-0.00346244,0.00284263,-0.0118582,0.00097381,-0.00106499,-0.00333041
4,3,-0.00164799,0.311976,0.000742548,-0.0109635,-0.0107324,0.000416523,-0.00220469,-0.00154569
5,3,-0.000649476,0.36284,0.000348643,0.0152401,-0.000955915,-0.00295697,-0.00592539,-0.000873855
6,3,-0.00159161,0.376803,-0.00572213,0.0122112,-0.0186602,-0.00186739,0.000193863,0.00103962
7,3,-0.00131097,0.310949,-0.00124839,0.00515312,-0.00983068,-0.000824295,-0.00893187,0.00200554
8,3,0.00416792,0.289684,0.00415542,-0.0215724,-0.00662107,-0.00147713,-0.00595624,0.0015441
9,3,-0.003815,0.348696,0.0061223,-0.00470979,2.7095e-05,-0.00273208,-0.00654593,0.00261768
10,3,-0.00339484,0.269392,0.000303666,0.0188602,0.0034069,-0.00269344,-0.000609964,0.00424323
1,4,0.00212337,0.0672779,0.000447928,-0.00528966,-0.0105245,0.000626649,-0.01223,-0.00102557
2,4,-0.00338769,0.0567612,-0.00323523,0.0315543,0.0172009,0.000686318,0.000711932,-6.89008e-05
3,4,-0.000919222,0.0078733,0.0108376,-0.0126231,0.00151041,0.00229259,-0.000562526,-0.0012785
4,4,0.000939179,0.0510135,0.012006,-0.0024445,-0.00764475,0.00210652,-0.00750078,-0.000573801
5,4,0.00416727,-0.000302049,-0.0065145,0.0109058,0.00819942,-0.000923732,-0.000466638,0.000652099
6,4,0.0010977,-0.0233289,0.00740385,-0.00450768,0.0143192,-0.00195512,0.00773239,0.00343071
7,4,-0.0010996,0.0300965,-0.00234711,0.0128079,0.00808815,0.00120614,0.00392035,0.00120742
8,4,-0.00174553,-0.0147409,-0.000476664,-0.00283983,0.0105858,-0.000900006,-0.00751447,-0.00242231
9,4,-0.00477519,0.0262563,-0.00539545,-0.00241732,0.0187954,-0.0019255,-0.003284,-0.000183179
10,4,-0.000915288,0.0129414,-0.00305435,-0.00621599,-0.0173785,0.00121877,-0.000258022,-0.00261743
1,5,0.00114921,0.554954,-0.00152827,-0.0328055,0.0118457,0.000295267,0.00259067,-0.00103916
2,5,0.00196759,0.498209,-0.00597943,-0.0077001,0.00525312,0.00340672,0.00321285,-0.000232565
3,5,0.00263353,0.503865,-0.0103074,0.00618676,-0.000816699,0.00325622,0.00761149,0.000904291
4,5,-0.00265798,0.474918,-0.00114238,0.00870559,-0.00457648,0.000745303,0.00294285,-0.00151371
5,5,0.00552723,0.501261,0.0021495,-0.0207063,-0.00754818,-0.00313665,0.00554526,0.000414949
6,5,-0.00207857,0.510358,0.00591453,-0.00736248,0.0112343,0.000771986,-0.00049829,-0.000457553
7,5,0.0017694,0.570525,-0.00580679,-0.0157255,0.0071119,0.000515461,-0.00500243,0.00067553
8,5,0.00465141,0.506504,-0.00321131,-0.00384574,0.0149739,0.00294169,-0.00377435,-0.000424061
9,5,-0.00268316,0.496977,0.00567632,0.0112395,0.0155163,0.00161939,0.00447388,0.00358078
10,5,-0.00163497,0.530157,0.00415813,0.00600061,-0.0055608,0.000865514,-0.00846466,0.00240752
1,6,0.0011282,0.386108,0.00728793,-0.00100095,0.00975213,0.00158953,-0.00175295,-0.000826309
2,6,-0.00155168,0.387809,0.00649931,-0.0203985,0.0031392,-9.23463e-05,-0.00284727,-0.00354129
3,6,-0.000468343,0.368,-0.0010009,0.00550029,0.00546577,-0.0023115,0.00198954,0.00230211
4,6,0.000388767,0.358438,0.0139432,0.00804168,-0.0294568,0.00121225,-0.00501494,0.00237563
5,6,0.00115771,0.419942,0.000972329,-0.010069,-0.00435642,-0.00122255,0.00839434,-0.000727518
6,6,-0.00292691,0.413141,-0.00229562,-0.00400712,-0.00790615,-0.000768114,0.00151252,-0.00392104
7,6,-0.00161739,0.26775,0.00300173,-0.0218907,-0.00801834,0.00054344,-0.00374718,-0.000549575
8,6,-0.000179671,0.435288,-0.00313528,0.0108694,-0.0331606,-0.000684465,-0.00158017,0.00130469
9,6,0.00129352,0.377618,-0.00440069,0.0140657,-0.0156561,0.00134161,0.000768788,-0.00419399
10,6,-0.00203752,0.378384,0.00157977,-0.00653633,-0.00684823,-0.00250908,-0.00176183,0.00127332
1,7,0.00311497,0.0639787,-0.00230217,0.00945232,0.0192742,0.00246835,0.00276518,-0.000198468
2,7,-0.0010528,0.0536345,-0.0109684,0.00504554,0.012978,-0.00109247,0.00358601,0.00260229
3,7,0.00647173,0.0768371,-0.00937757,0.0120301,-0.0120334,0.00198538,-0.00735729,-0.00272183
4,7,0.00249402,0.0020659,0.00705628,-0.0111395,0.0225596,0.000974139,-0.00209263,-0.00231275
5,7,0.00254809,0.0950888,-0.0107183,0.0260932,0.00378488,-0.000489923,-0.00571183,0.000445633
6,7,-0.000498466,0.0985263,0.000845277,0.00668187,0.00604605,0.000900034,0.00422323,0.00130382
7,7,0.00254673,0.10068,-0.00116908,-0.00287261,-0.0201968,0.00312063,0.000808014,0.00209965
8,7,-0.00228365,0.0611871,-0.012258,0.0133244,0.00148533,-0.000590327,7.6926e-05,0.000740263
9,7,-0.00410747,0.134645,-0.0173265,0.0163316,-0.0140325,-0.00193052,0.00375473,-0.000110325
10,7,-0.00077136,0.0616957,-0.011318,0.0110605,-0.00226252,0.00058381,0.00395113,-0.000424439
1,8,-0.000696028,0.375813,0.00514073,0.00770634,-0.00623131,-6.67532e-05,-0.00249584,0.00244262
2,8,-0.000863541,0.324493,-0.00367774,-0.0134245,-0.0151438,-0.00150823,-0.00191175,0.0012813
3,8,0.001347,0.397802,0.0042921,0.008678,0.00531748,-0.000273558,0.00278796,-0.00129454
4,8,-0.00359418,0.380226,0.00113714,-0.00637676,-0.0108622,-0.000533794,0.00279171,0.00057092
5,8,-0.00128317,0.389355,0.00109967,0.00254287,-0.00731304,-0.000375071,0.00230246,0.00146971
6,8,-0.00128382,0.391982,-6.43106e-05,-0.00126679,0.029181,-1.69931e-05,-0.00370467,-0.000727499
7,8,-0.000465073,0.394932,0.00793457,-0.000966673,-0.0201669,-1.25177e-05,0.002521,-0.00383143
8,8,0.00379941,0.388653,-0.00377792,0.00680373,-0.0135934,0.000736304,-0.00605485,0.00122483
9,8,-0.00252595,0.345794,-0.0023009,0.00217764,-0.00383265,0.00151543,-0.00460856,-0.00338814
10,8,0.002285,0.426802,-0.00255609,0.0039971,-0.0019331,0.00141833,-0.00417027,-0.000273945
1,9,-0.000347263,0.255282,-0.00779071,-0.00766518,0.00197339,-0.00203994,-0.00144011,-0.00176151
2,9,0.000488243,0.218797,0.00248421,0.0071947,0.0262316,-0.0010046,0.000587401,0.00088362
3,9,0.00275953,0.283329,-0.00134122,-0.0303156,-0.00811521,0.000617112,-0.00456509,0.00117298
4,9,0.0011199,0.296854,0.000188589,-0.00481137,0.0209962,0.0017549,0.00404861,0.0031103
5,9,0.00284113,0.172457,7.99917e-05,-0.0191301,-0.000797642,-0.00164802,-0.00160685,0.00184345
6,9,0.000973289,0.263761,0.00373422,-0.00796844,0.00109258,-0.00260836,0.00015793,-0.000570669
7,9,0.00212043,0.244538,-0.00717187,0.0117451,0.0163219,-0.000980482,0.00105482,0.00147669
8,9,3.5003e-05,0.264035,0.00785123,0.00356476,-0.0200581,-0.00101137,0.00209704,0.000642725
9,9,0.000670234,0.236893,-0.000811294,0.00791354,-0.0054826,0.00207557,-0.00177793,-0.00023363
10,9,0.00291769,0.290867,0.00265946,0.00199883,-0.00184621,-0.00357133,0.00458127,-0.000732208
1,10,-0.0002119,0.277886,0.00143475,-0.000234173,-0.00760114,-0.00378537,-0.00584653,-0.00093173
2,10,0.00122548,0.295353,-0.00117203,-0.0335438,0.000862296,0.00103515,-0.00894212,0.0017709
3,10,-0.0015469,0.279474,-0.0136957,-0.017643,-0.00585405,0.00117344,0.00442933,-0.00267112
4,10,0.00101394,0.302505,0.0023472,-0.00837693,-0.0225969,0.00357924,0.00459407,-0.00108891
5,10,0.00225579,0.269525,0.00404151,-0.0136802,-0.0310939,-0.00274221,-0.00617075,-0.00494037
6,10,0.000651672,0.328923,0.0024028,0.00432108,-0.00335353,-0.00140591,-0.00239027,0.000693652
7,10,0.00034657,0.264245,0.00448696,-0.00846583,-0.00675481,0.00175309,0.00050593,0.00029145
8,10,-0.00435332,0.256592,0.00103206,0.00578553,-0.0097457,0.000614122,-0.00467247,0.000279981
9,10,0.00179317,0.276752,-0.00689301,-0.0112899,-0.0186583,0.00190483,-0.00712929,0.000254463
10,10,-0.00274964,0.298104,0.00138797,-0.0131084,-0.00271229,0.00273882,-0.000990776,-0.000962567
1,11,-0.00111538,0.631759,0.00410441,-0.00145384,0.00600464,0.00356632,0.00264374,0.000102489
2,11,-0.00833572,0.668264,0.00191691,0.0232785,0.00500201,-0.00161754,-0.0028986,0.00285744
3,11,-0.00235225,0.698655,0.00224751,0.00560402,0.00160083,-0.00165568,0.00576928,0.00167545
4,11,0.00372402,0.690132,-0.00527807,-0.00717175,0.00599813,-0.00192277,0.0107493,-0.00309323
5,11,0.00108585,0.680788,0.00646247,0.0104423,0.00262808,-0.00269799,-0.00697543,-0.000562051
6,11,-0.00423572,0.653655,-0.00531002,0.0116138,-0.00756976,-0.00200832,0.000993932,0.000960568
7,11,-0.000244768,0.56455,0.003296,-0.0069136,-0.00227521,-0.0017899,0.00257811,-0.00144916
8,11,-0.000373058,0.613085,-0.00238888,0.00253411,0.00766558,-0.00199225,0.00071343,-0.000646995
9,11,-0.0040098,0.646389,0.00559458,-0.00986574,-0.00627089,0.00193065,-0.0029605,-0.00424713
10,11,0.00360083,0.671751,-0.0021941,0.0161054,0.0144518,0.00277988,0.00288897,0.00200048
1,12,-0.000297263,-0.223772,-0.00261948,0.00430139,-0.00407072,0.00281676,0.00399904,-0.00107281
2,12,-0.00700761,-0.206389,0.00554415,-0.00163513,-0.0160509,0.00279208,0.00217605,-0.000214499
3,12,-0.00185276,-0.234143,-0.00922077,-0.00599427,0.00785373,0.00238942,0.00150094,0.000518165
4,12,-0.000689853,-0.166895,0.000630862,0.00691776,0.0140883,-0.00102907,0.00116655,-0.000199353
5,12,0.00170872,-0.220147,-0.0020707,-0.0126254,0.00526138,0.000282222,0.0135422,-0.00218874
6,12,0.00358637,-0.153267,0.00621334,-0.00841792,-0.0131869,-0.00171061,0.00191588,-0.00318674
7,12,-0.000885403,-0.14412,0.00757533,0.0106546,0.00332748,-0.00184042,-0.000654263,-0.00133209
8,12,0.00123336,-0.204919,-0.00276954,-0.0154974,0.0160884,0.000665511,0.00458222,0.000875119
9,12,0.000365451,-0.214768,0.0146432,0.00288891,-0.00523815,0.00185785,0.00399114,-0.00231572
10,12,-0.00363724,-0.15677,-0.00026569,-0.00603027,0.00246659,0.00470518,-0.00289146,0.000285831
1,13,-0.00202933,-0.171766,0.000498388,0.0120068,0.00161632,-0.00161753,0.00237503,0.000647785
2,13,-0.00512256,-0.182431,-0.0020491,-0.00293463,0.0216405,0.000721923,-0.000200334,0.000454668
3,13,0.00226263,-0.196673,0.00120096,0.020446,0.00577397,-0.000531993,0.00295643,0.00280187
4,13,0.000180591,-0.147476,-0.00421391,0.000435083,0.00826345,0.0012895,-0.00753146,0.000279548
5,13,0.00702552,-0.172338,0.00319212,0.00512954,-0.00205195,0.00158919,0.00699395,0.000488069
6,13,0.00116724,-0.207571,0.00455679,-0.0110214,0.00538033,-0.00118157,-0.00894034,-0.000619048
7,13,-0.00236263,-0.131606,0.00692904,0.0189628,-0.0203842,0.00189813,-0.00293141,-0.00209353
8,13,-0.00292613,-0.129721,0.00177339,0.0146281,-0.00116196,-0.00364798,-0.00072145,0.00179728
9,13,0.000555831,-0.262138,0.0161689,0.0161154,0.0243303,0.00267185,0.00368785,0.00421157
10,13,0.000244266,-0.156903,0.00171621,0.00583221,0.013465,0.00184652,0.00211454,0.00173578
1,14,-0.00165789,-0.10738,-0.00922722,0.000297998,-0.00213687,0.00331231,-0.00425126,-0.00303046
2,14,0.0013352,-0.0517714,0.00458298,-0.00197039,-0.0109432,0.00136319,-0.00282188,0.00114369
3,14,-0.00346996,-0.0773124,0.00642958,0.00714196,-0.00863925,-0.00308559,0.00815937,-0.00180254
4,14,0.00119583,-0.00224401,-0.00995646,0.00454301,-0.0209496,-0.000336645,-0.0081117,0.0016312
5,14,-0.000406886,-0.0937785,0.00388532,0.00710813,-0.00798212,0.00169204,0.00130003,0.000134289
6,14,-0.00337322,-0.0316891,-0.0104181,0.00311905,0.000303151,0.00220224,0.000369886,-0.0010499
7,14,-0.00191346,-0.0582282,0.0051102,-0.000579397,-0.00301962,0.000520327,-0.00943353,-0.00127861
8,14,-0.000267986,-0.0886467,0.00710818,2.05277e-05,0.00785582,0.00141641,0.0037287,0.00341029
9,14,0.00396146,-0.105803,-0.00598285,-0.0138675,-0.000128732,-3.96196e-05,0.000580122,0.00134783
10,14,-0.00271039,-0.0650587,-0.0049199,0.00577842,0.00724991,0.00148011,-0.00725967,-0.000594544
1,15,-0.000610331,-0.0626164,0.00298407,0.0161589,-0.00722552,-0.00159245,-0.00101748,0.00289151
2,15,-0.00155968,-0.040362,-0.00954951,0.0032803,0.0196254,0.00196723,-0.0012464,-0.00244831
3,15,-0.00192648,-0.127029,-0.000147434,-0.0149199,-0.00170298,-6.78225e-06,-0.00224911,-0.00107066
4,15,0.00103145,-0.0544997,0.0137253,-0.0236752,-0.0280413,0.0024589,0.0145127,0.00116417
5,15,0.000917888,-0.0866012,-0.00421223,-0.0089977,-0.00335557,-0.00246506,0.00363512,0.00254612
6,15,-0.00158824,-0.128021,0.00623947,-0.0021575,-0.0061009,0.000647537,0.00187254,-0.00428193
7,15,0.00233516,-0.0893332,-0.00417965,-0.0150955,-0.0222299,0.00145794,0.000136737,0.0012361
8,15,-0.00277505,-0.0179547,-0.0074064,0.00549686,0.0073183,0.000957721,-0.00405929,0.00143005
9,15,-0.00443219,-0.081091,0.00760819,0.00828113,0.0221604,0.00104903,-0.000326687,0.000115756
10,15,-0.000130955,-0.0594502,-0.00448557,-0.0170357,-0.0229068,-0.00241186,0.0111097,0.000402346
1,16,0.00357849,-0.111063,0.0118969,-0.0115444,0.00893439,0.000354754,-0.00378279,0.00144064
2,16,-0.000584478,-0.149262,-0.00342108,0.0185312,0.00129353,-0.00200552,-0.00179224,0.000399552
3,16,-0.0025362,-0.128257,-0.014024,-0.0131708,0.00969741,0.0022296,-0.00464337,-0.00202728
4,16,0.00201875,-0.11445,0.00565008,0.00642007,-0.000558553,-0.000905275,-0.00628988,0.00139704
5,16,0.000492054,-0.113923,0.00147876,0.000994544,-0.00311851,-0.00046753,-0.00591466,0.00134511
6,16,0.00035891,-0.141847,0.0110185,-0.00486506,0.000896647,0.00258243,0.000369661,0.00327957
7,16,-0.000585337,-0.0856302,-0.00106235,0.00319351,-0.00045202,0.000792703,0.00352024,0.00217666
8,16,0.00400698,-0.134195,0.00749425,0.00464656,0.0115897,0.00254588,-0.000985934,0.000843608
9,16,-0.00305693,-0.133194,-0.00908623,0.0149059,-0.0089252,0.00235294,-0.000183566,-0.00011497
10,16,-0.00213022,-0.147405,-0.00048528,0.0218815,-0.0100519,-0.00122069,0.00615766,0.000739183
1,17,0.000355344,-0.341155,-0.00347512,-0.00636308,-0.000746848,-0.00375873,0.00130134,-0.0013509
2,17,-0.000984417,-0.333398,-0.00599974,-0.0174794,0.00502877,-0.00174673,3.45325e-05,0.00182606
3,17,-0.000501734,-0.277919,0.0151195,0.000255584,-0.00979243,0.0011288,-0.00351231,-0.00120603
4,17,0.000160339,-0.364594,-0.00122824,-0.0186758,0.00521004,0.000879273,-0.00177102,-0.000391788
5,17,-0.00375777,-0.335183,-0.00519668,-0.0404291,-0.00164786,0.00175787,-0.00123541,-0.00226086
6,17,-0.00435471,-0.297747,-0.0030291,-0.0135913,0.00562012,0.000411831,-0.000386004,-0.00188046
7,17,0.000407484,-0.322277,0.00371626,-0.019069,0.0158649,0.000855814,-0.00637048,0.000525212
8,17,-0.00290269,-0.367054,-0.0105142,0.000984961,0.00201849,-0.000337334,0.000516835,-0.00191659
9,17,-0.00181344,-0.326165,-0.000891804,0.00374016,-0.00982218,-0.000311327,0.00784742,-0.000939155
10,17,-0.000985372,-0.363254,0.00283243,-0.00101202,0.00253981,-0.00102804,0.0050598,-0.000408434
1,18,-0.000782929,-0.0772652,0.00799529,-0.00354391,0.014816,-0.00436738,-0.000865321,0.000340454
2,18,-0.000826518,-0.0934025,-0.00172468,0.0146752,0.0236373,-0.000474148,-0.000105032,0.00039456
3,18,-0.00399908,-0.128853,0.000735542,-0.00724759,0.0115327,-0.000366179,-0.000896983,0.000880952
4,18,-0.0030993,-0.021675,0.00121897,-0.000160977,-0.0120193,-0.001303,0.000243074,0.0044629
5,18,0.00150989,-0.12361,0.00878737,0.00483836,-0.00331584,0.000797319,-0.00449094,-0.00210762
6,18,-0.00529298,-0.117688,0.00585367,0.000487751,0.00499669,0.000241034,0.000803331,0.000553548
7,18,0.0038674,-0.0978493,0.000727423,-0.0187007,0.0115958,-0.00289888,0.00332672,0.002482
8,18,0.00272601,-0.0843225,0.00602054,0.00425834,0.0302428,-0.0026878,-0.00609659,0.001944
9,18,0.000972859,-0.129367,-0.00161554,-0.028179,-0.00352245,0.00103486,-0.00570999,-0.00129863
10,18,0.000702717,-0.103185,0.00339822,-0.00940364,0.00253829,-0.00117737,-0.00139754,-0.000589302
1,19,0.00192809,0.344491,0.00628016,0.0068963,-0.00530151,-0.000863908,-0.00360064,0.00501423
2,19,0.00329291,0.309151,-0.0143675,0.0173844,-0.023904,-0.00166989,-0.00254581,0.00255664
3,19,0.00114558,0.335434,-0.000759493,-0.0264477,0.0014493,-0.00124806,-0.00178316,0.00328138
4,19,0.00228455,0.323071,0.00182066,0.0114942,-0.000623533,-0.00347599,-0.00615776,-0.00287439
5,19,0.00108341,0.368415,0.000309619,0.01013,0.0073305,0.000770307,0.00216465,0.00019906
6,19,0.00391661,0.29125,0.00272074,-0.0127375,-0.00993453,-0.00114077,-0.0102922,0.00290406
7,19,0.000857415,0.308827,-0.0039972,-0.011473,-0.00194095,-0.000967579,-0.00863986,0.000861096
8,19,0.000142728,0.338236,-0.0032732,-0.0126355,-0.00685708,-0.00199485,-0.00569713,0.00331419
9,19,0.00671752,0.301612,0.00868142,-0.021285,-0.00532931,-0.0060207,-0.00568546,0.00467719
10,19,-0.00191993,0.330617,-0.00598956,-0.015179,-0.0067151,-0.0011966,-0.0043792,-0.000558518
1,20,-0.00392249,-0.3748,-0.00250437,0.0175901,0.0153763,-0.000230539,-0.00154239,0.00117259
2,20,0.00143557,-0.308694,0.000229413,-0.00190929,0.0141105,0.00068747,0.00106416,0.00116986
3,20,-0.00319988,-0.373255,-0.00361362,0.010774,0.0139122,-0.00370388,0.00454898,-0.00277575
4,20,0.000625133,-0.307152,0.00640704,0.033159,-0.00313717,-0.0036962,0.000445481,0.00326765
5,20,0.00051417,-0.357482,0.00405253,0.00709223,0.00169169,-0.00126036,-0.00188524,-0.00164185
6,20,0.000585757,-0.351934,0.0118302,0.020566,0.00273175,0.00217095,-0.00320128,0.00135103
7,20,-0.00106664,-0.364654,-0.00189188,-0.00106065,0.000770433,0.000807767,-0.00162831,-0.000961331
8,20,-0.00441857,-0.404124,-0.00179932,0.0159047,0.0127987,-0.00285197,0.00621552,-0.00178817
9,20,-0.00011776,-0.376867,0.00724198,-0.0110384,0.00244939,-0.000511986,-0.00269164,-0.000103059
10,20,-0.000698502,-0.384092,0.00287086,-0.00873191,-0.00559783,-0.00146461,-0.00143601,-0.00214916
1,21,0.00428061,0.0716648,-0.00363731,0.0046751,0.0099278,0.00166793,0.00386621,-0.00162829
2,21,-6.92869e-05,0.104961,0.00106124,0.00146963,-0.0053365,0.000582148,-0.0140376,0.002024
3,21,-0.000982862,0.124804,-0.00602922,-0.00479562,0.000227271,0.000968441,0.00383421,0.00154773
4,21,0.00719278,0.0923555,0.000804323,-0.0204614,0.00218729,0.0017135,-0.00227678,0.00136568
5,21,0.00181538,0.115326,-0.000275286,0.00862365,-0.00114094,-0.000787856,0.00680833,-0.000144408
6,21,0.000265748,0.0782572,0.000938507,0.0121416,-0.000193238,0.000327954,-0.000213544,0.00181604
7,21,0.00108291,0.124252,0.00145598,-0.00187382,0.00478884,-0.000266792,0.00169206,0.00263451
8,21,-0.000293671,0.0292264,-0.0062527,-0.0113855,-0.00932332,0.00277533,-0.00206132,0.00120446
9,21,0.00502814,0.13097,-0.00552678,0.00192029,-0.00821026,0.00238733,-0.016235,-0.00274592
10,21,0.000534029,0.114823,0.0024299,0.0097821,-0.00228652,0.00263678,0.000418207,-0.000185322
1,22,-0.000148485,-0.395042,0.00143456,-0.00456466,-0.0160039,-0.00138558,0.00725737,0.000938008
2,22,-0.00093239,-0.354953,0.00113456,0.00981509,0.000151755,0.00281848,0.000444547,0.00376699
3,22,0.00449145,-0.284844,0.00468792,-0.00259303,0.00652322,0.00240031,0.0113557,0.00205725
4,22,-0.000179376,-0.382948,-0.00563301,-0.00194634,0.0190098,0.00120267,-0.0045629,0.000175813
5,22,-0.0030537,-0.354737,-0.00662725,0.000658913,0.00675524,-0.00291648,0.000345002,-0.000720785
6,22,-0.000896138,-0.400224,-0.00339067,0.0116555,0.00280409,-0.000298116,0.00282898,0.000770219
7,22,0.00343479,-0.340719,0.00735592,-0.00081755,-0.0265611,0.00138031,0.00384685,0.00297335
8,22,-0.00122887,-0.346845,0.000778163,-0.00902562,0.00260981,0.0010941,0.00248133,-0.000546794
9,22,-0.00196776,-0.365503,0.00592519,-0.00174437,-0.0107173,0.000173958,0.00361836,-0.00041008
10,22,-0.000368305,-0.358149,-0.00276695,0.00162561,-0.00696499,-0.00116018,-0.00121325,-0.00149576
1,23,0.00372856,0.597447,0.00311661,-0.000295385,-0.0188568,-0.00242732,0.00103139,-0.000966348
2,23,0.00171694,0.58418,0.00771323,-0.0151041,0.0182581,-0.00108181,0.0102509,-0.00104615
3,23,0.00494039,0.572166,0.00478957,-0.0107067,0.0101577,-0.00270635,-0.000874546,0.00031231
4,23,0.00576842,0.550616,-0.003041,0.00126367,-0.0185747,-0.0019278,0.000926215,-0.000646844
5,23,0.000875455,0.566499,0.00621269,0.000878171,-0.00178929,-0.00199603,0.00492026,-0.00182685
6,23,-0.00147449,0.557586,-0.00511434,0.00302732,0.0151207,-0.00136456,0.00872717,-0.00104921
7,23,-0.00435597,0.478127,0.0151574,0.00592886,-0.00896323,0.00174457,0.00836555,-0.00328903
8,23,0.00338229,0.544533,0.00299269,0.0133613,0.00439245,0.000397313,-0.00239623,0.000161619
9,23,0.00071359,0.597564,-0.00351775,-0.00559018,0.0133581,-0.000378858,0.00388135,-0.000480458
10,23,0.00182672,0.522925,-0.00409437,0.00792293,0.0174429,-0.00224239,0.00215829,-0.00065798
1,24,0.000850113,0.101698,0.0082818,-0.00289123,-0.0179681,-0.00188752,0.00672234,-0.00251993
2,24,-0.00494093,0.0819324,-0.00731217,0.000756393,0.00423137,0.00252834,0.000910276,-0.00380562
3,24,0.000852087,0.0730739,-0.00454643,0.00140913,0.0110983,0.000918122,0.00105724,-0.000786522
4,24,-0.00242216,0.0821493,-0.00831542,-0.000539154,0.00311611,-0.000291803,0.000481502,0.00399858
5,24,-0.000144813,0.0477705,0.00843692,-0.0121586,0.0290116,-0.000913229,0.0020768,0.00253291
6,24,-0.00117276,0.0681421,-0.0056341,-0.0167436,0.00623088,-0.000242705,-0.00232485,-0.0025815
7,24,0.00237477,0.0613631,-0.00705549,-0.00744541,-0.0117941,-0.00265619,0.00242961,-0.00125442
8,24,0.000153142,0.101764,-0.00776114,0.0135082,0.00107494,0.0015423,-0.00452624,-0.00130819
9,24,0.00192567,0.0980813,-0.00388661,0.0138726,-0.0166325,-0.00188503,0.00371762,-0.00116832
10,24,0.00122687,0.0788654,-0.000321659,-0.0105269,-0.0185289,0.00209689,-0.00025239,-0.00346398
1,25,-0.000415054,-0.0244793,-0.00524129,0.000273053,0.0175971,-0.000610864,-0.000628085,0.00305858
2,25,0.000695576,-0.0700558,0.00278001,0.00617084,0.0128441,-0.00117311,0.00808433,0.00123617
3,25,0.000514938,-0.0405329,-0.0179869,0.00114133,-0.00274401,0.00262067,0.000388351,-0.0038117
4,25,0.000625234,-0.0711504,-0.0022228,-0.0128049,0.0270995,-0.0015511,0.0123463,0.000804849
5,25,0.000254409,-0.0551272,-0.000300455,0.0247365,-0.00200705,-0.00117547,-0.00291835,0.000451567
6,25,0.00183038,-0.0800255,0.00304377,0.00160099,0.0105079,-0.00135488,0.00420375,0.00161077
7,25,0.00298933,-0.0825426,-0.00813064,-0.00529661,-0.0068289,8.14021e-05,0.00651518,-0.00234265
8,25,0.00171983,0.0339456,0.00169391,0.00427097,0.00269564,0.0029597,0.00192435,0.00168145
9,25,0.00382145,-0.0503673,-0.00677806,-0.00141455,0.0219677,0.00323347,0.00449545,-8.95009e-05
10,25,0.00308259,-0.0796108,-0.00643461,-0.00672049,0.00243763,-0.00188665,-0.00556952,-0.00274195
1,26,0.00104097,-0.17557,-0.0126691,0.00880351,0.0081896,-0.00121294,0.00438479,0.0014928
2,26,0.000837137,-0.290033,0.00570952,0.00612899,0.0163722,-0.00109543,-0.00627206,-0.00244989
3,26,-0.00141304,-0.278141,0.00314122,-0.00634513,-0.00715521,0.00192339,0.00173485,0.000550668
4,26,-0.00341446,-0.248984,-0.000886365,0.00695876,0.0112965,0.00012185,0.00443739,9.71616e-05
5,26,0.000294503,-0.295951,-0.0089462,-0.00440113,0.0119771,-0.000219966,-0.0152545,-0.003214
6,26,-0.00140874,-0.25021,-0.00329154,0.00124848,-0.0153386,0.000460818,-0.0013769,0.00236271
7,26,0.00138802,-0.210542,0.00803252,0.00330427,0.000345676,0.000970115,-0.00188705,0.000861845
8,26,-0.00326405,-0.292943,0.00203413,-0.00538265,0.0210798,-0.000746698,-0.00231377,-0.00342998
9,26,0.000338202,-0.211213,0.0062806,0.0197073,0.0122781,0.00173007,-0.0107938,-7.70741e-05
10,26,-9.47918e-05,-0.220931,-0.00403377,0.013272,-0.00581357,-0.000211363,-0.00377117,-0.00260395
1,27,0.00306397,-0.149641,0.00501767,0.0135589,-0.00256693,-0.00153225,0.00606079,-0.00146592
2,27,-0.00118092,-0.196951,-0.00592157,0.00799922,-0.004711,-0.00432984,-0.00117938,0.00199651
3,27,-0.000953017,-0.115986,-0.010608,0.0156712,-0.000957792,0.000479455,8.67453e-05,0.00135849
4,27,0.00389499,-0.156459,-0.00286477,0.0028448,-0.0109675,0.00132908,-0.00315055,-0.000158413
5,27,-0.00304498,-0.152305,-0.00189984,-0.010029,0.00120257,-0.000178189,-0.00149614,0.000199875
6,27,0.000389676,-0.108653,-0.0132141,0.0155489,-0.0047716,-0.00320942,0.00274584,0.00119048
7,27,0.00759164,-0.16327,0.0155475,0.0147311,-0.00711019,6.01574e-05,0.000234566,-0.000717346
8,27,0.00446891,-0.179926,-8.65748e-05,0.00775155,0.00683537,-2.82107e-06,-0.00625286,0.00232222
9,27,0.0017872,-0.156102,-0.00298679,0.00385275,0.00976157,-0.00237205,-0.00429052,0.00209226
10,27,0.00330319,-0.0946815,-0.0107617,0.00479459,0.00993041,-0.000621671,-0.00113568,-0.00207823
1,28,-0.00193039,0.276009,-0.00223421,0.00996414,0.00300367,0.00386784,-0.00549818,0.000126568
2,28,0.00482014,0.343631,-0.0126292,-0.00260608,-0.0108342,0.00111384,-0.00669175,0.000892335
3,28,0.00466099,0.33442,-0.000646078,0.00954418,0.011968,0.000889889,-0.00620696,0.00388665
4,28,0.00257497,0.314342,-0.00829145,0.00267627,-0.0101175,-0.000544228,-0.00245908,0.000585136
5,28,-0.000330204,0.327645,0.00172518,0.0426297,-0.00640511,-0.00117455,-0.00532383,0.000535661
6,28,0.000104325,0.32612,0.00199466,0.02117,-2.89021e-05,0.000683742,-0.00568043,0.000309802
7,28,0.00402363,0.305126,0.00738575,0.0178758,0.00852279,-0.00179817,0.00402166,0.000632004
8,28,0.00291099,0.371835,-0.0131274,-0.00850955,-0.000342481,0.00310269,-0.00113035,-0.000294156
9,28,-0.00308094,0.268507,0.000311604,0.00176278,-0.000879548,-0.00057835,-0.00608128,-0.000247641
10,28,0.00492024,0.317795,-0.0145811,0.00926504,0.00413039,-0.00067316,0.00060162,0.00313221
1,29,0.000384077,-0.137818,-0.00546912,-0.00951183,-0.0171334,0.00282067,0.00289734,-0.00647798
2,29,0.00498772,-0.0164248,-0.00556334,0.00312667,-0.0232943,0.000105312,0.0056785,0.00167849
3,29,-0.000480526,-0.0935776,-0.00488131,-0.0069404,-0.00667852,0.000528041,0.00193162,-0.00195558
4,29,0.000599649,-0.0776423,-0.00602209,-0.00225964,0.00653703,-0.000437512,0.00127042,9.78183e-05
5,29,0.00175507,-0.0522835,-0.000395349,0.0187942,0.00241805,0.00195555,0.00542839,0.00247018
6,29,0.000249994,-0.0556365,-0.00160376,0.00222576,0.0182985,-0.000896468,-0.00399743,-0.00175925
7,29,-0.000386374,-0.0459912,0.00414297,-0.0185507,0.00492044,0.00103427,0.00229162,-0.000775867
8,29,-0.00027853,-0.13155,0.00937255,0.0132211,-0.00714071,0.00130359,0.00355357,-0.00220386
9,29,0.00108971,-0.117352,-0.00857224,-0.00325638,-0.0125756,0.00125498,0.00385775,-0.00270276
10,29,0.00485425,-0.0845213,0.00274418,-0.00260516,0.000975339,0.00161387,0.0103522,-0.000647397
1,30,0.00242837,0.418276,-0.00586961,-0.0105382,0.000196633,-0.00128418,-0.0022857,-0.000775855
2,30,-0.00108437,0.424925,-0.0111553,0.00435963,-0.000432948,0.000403639,0.000346846,-0.000276353
3,30,0.00671496,0.454657,0.00889331,0.00289156,-0.0230455,0.00321747,0.000903256,0.000929484
4,30,0.00586874,0.447628,0.00431854,-0.0144215,-0.00923691,0.00264642,-0.00322787,-0.000129125
5,30,-0.000707549,0.456963,-0.0113072,0.00855422,0.00581722,0.0006337,-0.00314733,-0.0017835
6,30,0.0053468,0.388067,0.00525877,-0.0322921,-0.00259737,-0.00330899,-0.00319071,-0.001753
7,30,0.00106929,0.499468,-0.00554477,0.00569703,-0.0161755,0.00147274,-0.00314302,0.00143717
8,30,0.00309117,0.469032,0.00753684,-0.00143694,-0.0112428,0.00218466,-0.00138479,0.00045493
9,30,0.000173751,0.504885,-0.0125158,0.00294036,0.0114681,0.00240446,0.000471464,0.00120745
10,30,0.00411758,0.437414,-0.00540336,-0.0225101,-0.00770074,-0.00207837,0.00532724,0.00525415
1,31,0.000535681,0.122471,0.000588365,-0.0151419,0.00698821,0.000716757,-0.000176167,0.002968
2,31,0.000508982,0.146082,-0.00286485,0.014246,0.0080405,-0.00190442,-0.00306812,-0.00291317
3,31,-0.00405406,0.151202,-0.00665406,0.00375896,-0.00502692,-0.00225017,0.00128013,0.000215927
4,31,0.00364141,0.194964,-0.00270952,0.00967286,0.00981826,-0.000670551,-0.00771092,-0.000807769
5,31,0.000179245,0.150254,-0.0013053,0.0296068,0.00955984,0.00030795,-0.0032299,0.00193638
6,31,-0.000289902,0.166063,-0.00159367,0.0174773,-0.018627,-0.000272487,0.00606032,0.00241369
7,31,0.0029678,0.160006,0.00155399,-0.00269514,-0.00432745,0.000646694,0.00241785,0.00155859
8,31,0.000701921,0.102371,0.0034179,0.0198968,-0.01258,-0.00119494,-0.00286395,-0.00121066
9,31,0.00225976,0.190576,-0.00510077,0.0247178,-0.00567182,0.000668101,-8.74892e-05,-0.000464617
10,31,-0.00157337,0.151181,-0.00739449,0.0266228,0.022981,-0.00228351,-0.00237202,-0.000166367
1,32,-0.0019945,-0.778412,0.00335313,-0.00417332,0.0117661,-0.000324493,-0.000361277,-0.00125076
2,32,-0.000660741,-0.780934,0.00165995,0.015098,-0.00726708,0.00055189,-0.000175671,0.00277969
3,32,-0.000689505,-0.735554,0.0141301,0.00786167,-0.0112565,0.000520127,0.00427052,0.00181218
4,32,-0.000180549,-0.703449,0.00159018,0.0114579,-0.0086428,-0.000459994,-0.00472828,0.000189143
5,32,-0.001186,-0.7859,-0.0175848,-0.00333352,0.0122852,-0.000394048,0.00608032,-0.00352749
6,32,-0.00275884,-0.796203,-0.000316097,-0.0156696,0.00801354,-0.0019907,-0.00297736,0.00343964
7,32,0.00313514,-0.740134,0.000282445,0.0117655,0.0205481,-0.0024192,-0.00479737,-0.00244549
8,32,-0.000408671,-0.794726,-0.0123038,-0.00449205,-0.000131417,-0.000196381,0.00104123,-0.0015797
9,32,0.000145329,-0.774104,-0.00151591,-0.00319305,-0.0187154,-5.21067e-05,-0.00239411,-0.000163008
10,32,0.00247802,-0.740762,-0.00715589,-0.000785313,-0.0103469,-0.00171983,-0.00563657,0.00193841
1,33,-0.00319045,0.119382,0.00298897,0.017031,-0.0162538,-0.00175941,0.0101525,0.000262915
2,33,0.00337981,0.209244,0.00469101,0.000982566,0.017674,-0.00153772,0.000918875,0.0011366
3,33,-0.00732668,0.117144,0.00125334,-0.00308301,-0.00137554,0.00324213,-0.000498095,-0.000767156
4,33,0.00225699,0.0877173,-0.00536628,-0.0283571,0.00494269,0.000342536,0.00321521,0.00236455
5,33,-0.00443807,0.0938194,-0.00840942,-0.00784431,0.00384573,-0.000151405,0.00909542,-0.00177061
6,33,0.00252794,0.0679342,0.00355343,0.0047587,0.00163574,0.00169885,0.00499466,-0.00150561
7,33,-0.0035339,0.0893036,0.00710171,-0.0184984,-0.0024297,0.000269724,0.00189854,-0.00185318
8,33,0.000244488,0.146463,0.00530894,-0.00155678,0.019501,0.00118248,-0.00315078,0.00249984
9,33,-0.00132815,0.139737,0.00575636,0.00772963,-0.0051021,0.000786418,-0.00214473,-0.00254982
10,33,-0.0010522,0.164567,0.000956742,0.00226726,-0.00565234,-0.00147945,0.00862593,0.00213555
1,34,-0.000120116,0.283526,0.0021024,0.00672319,0.00232019,-0.00109065,0.000129294,0.0020427
2,34,-0.000167861,0.303886,-0.00980616,-0.0293713,0.00278619,0.00101135,0.000941121,-0.00234647
3,34,0.00288364,0.291486,0.00444431,0.0129313,-0.00132016,-0.000101744,0.00291739,0.000233533
4,34,-0.00223813,0.257555,-0.00502519,-0.000311605,0.00525262,0.00213774,-0.00429475,0.00124642
5,34,-0.00207336,0.256586,-0.00498947,-0.0135989,0.00428544,-0.00188104,0.00286622,0.000586864
6,34,-0.00259654,0.35324,-0.00910962,0.00463349,0.042272,-0.00353041,-0.00195924,0.000810096
7,34,0.00477731,0.3688,-0.00785158,0.0172112,0.0132904,-0.000382835,0.00236134,0.000513161
8,34,-0.00165723,0.266994,-0.00536358,-0.00656587,0.00485182,0.00106332,0.00248221,-0.00217588
9,34,-0.00131328,0.338929,-0.00526465,0.00570173,0.00776992,-0.000238236,0.00631207,0.000768257
10,34,0.00135308,0.347331,-0.00419709,0.00580443,0.0127453,0.000309694,0.00657592,0.00336531
1,35,-0.00217547,-0.354413,0.00529603,-0.00650771,-0.0171499,0.00199616,0.00696377,0.00606416
2,35,-0.000143702,-0.246027,0.00112723,0.0151296,-0.0120782,0.00421584,-0.000111739,0.00287967
3,35,8.35241e-05,-0.35829,0.00318795,0.00939865,0.0125225,0.00185832,0.00349386,-0.000395425
4,35,0.000830648,-0.343896,-0.00345559,-0.00193701,0.0227904,-0.00132278,0.00213484,-0.000510302
5,35,0.000203936,-0.374664,-0.00299615,-0.00684296,0.0160908,0.00055873,-0.00352246,-0.00355152
6,35,0.00559566,-0.359138,0.00212941,-0.00653452,-0.0188618,-0.00127824,0.00472812,0.000622083
7,35,-0.000992906,-0.292653,-0.00681677,0.00326852,-0.0181967,-0.00197279,0.00521551,0.00655354
8,35,-0.000742598,-0.343693,-0.00641099,0.00657856,0.0118225,0.0027725,-0.00618082,-0.00195947
9,35,0.00151529,-0.316554,-0.00656992,0.0112958,0.000665137,-0.00110739,0.00164053,0.00217965
10,35,-0.000829326,-0.329128,-0.00237037,-0.0113813,-2.76956e-05,0.000934424,0.00139339,0.000213547
1,36,-0.00302579,-0.502289,0.000849948,-0.0193627,-0.00493575,-0.000541146,-0.00870658,0.00168222
2,36,0.00108679,-0.5104,0.0077862,-0.0154651,-0.017259,-0.0049807,-0.00115848,0.00306494
3,36,-0.00296409,-0.474358,0.0122648,-0.000865502,0.00677339,7.66319e-05,-0.00513307,0.00256339
4,36,-0.00139958,-0.474905,-0.00396742,-0.000911881,-0.00478421,-0.000603081,0.00183051,0.00459127
5,36,-0.00220311,-0.503297,0.00248462,0.00727484,-0.0128696,-0.00269253,-0.00237186,0.00619946
6,36,-0.000562625,-0.468545,0.00558594,0.00900998,-0.00520274,-0.00317282,-0.00268373,0.00164878
7,36,0.000595543,-0.512282,0.00510745,0.00158842,-0.0128972,-0.00220079,-0.00126451,-0.000693427
8,36,-0.00527196,-0.517249,-0.00967897,-0.0112221,-0.00452533,-0.000712819,-0.0063969,0.00147478
9,36,0.00437516,-0.423217,-0.000558044,0.0132213,-0.0195512,-0.00242879,-0.00315066,0.00184148
10,36,-0.00241538,-0.472454,0.0106494,0.00308675,-0.00660729,-0.00244059,-0.004574,0.00271936
1,37,0.00343481,-0.180304,-0.00385049,-0.0198551,0.00564919,-0.000338536,0.0104818,-0.00055136
2,37,0.00513898,-0.172616,0.00208844,0.00405443,0.00375457,0.00148791,0.00566454,-0.00167453
3,37,-1.5348e-05,-0.172924,0.00804481,-0.00149734,0.0125885,-0.000535844,0.00596169,-0.000612043
4,37,-0.00120751,-0.11667,0.00216122,-0.0171247,-0.00763254,-0.00109647,-0.00393319,2.34739e-05
5,37,0.00419327,-0.203617,0.00133623,0.00532137,0.0139477,-0.00253354,-0.000552723,0.00213715
6,37,0.00151867,-0.236069,0.00181354,0.00486958,0.0068462,-0.00310504,0.00742901,-0.0026824
7,37,-0.00170991,-0.20715,0.0119713,0.00308915,0.00963056,0.00235959,0.00649219,-0.00161569
8,37,-0.00311272,-0.188355,-0.00568742,-0.0158136,0.00593539,0.00015302,-0.00381936,-0.0027336
9,37,-0.0018892,-0.185191,0.00429399,0.00178656,0.00338475,0.000261319,-0.00312214,3.85735e-05
10,37,-0.00198023,-0.251898,-0.00476644,-0.0115617,0.00438659,0.000639102,0.00342848,0.000399171
1,38,-0.00536733,-0.316011,-0.00211211,0.0140111,0.0120852,-0.00191185,0.00127105,0.000335933
2,38,-0.00275765,-0.344321,0.00865998,-0.0141401,-0.00747364,-0.00143907,0.0021404,-9.30671e-05
3,38,-0.00280003,-0.25788,0.00660641,-0.0133065,-0.00387164,0.00156889,-0.00100627,-0.00212881
4,38,-0.00131587,-0.330004,-0.00547133,-0.0161937,-0.0121562,-0.00160702,-0.00100594,0.000926632
5,38,-0.00565189,-0.299634,0.0201065,-0.00497459,-0.0101772,-0.00198405,0.00352061,-0.00229629
6,38,-0.00028984,-0.334913,0.000601508,0.00746768,-0.0164975,-0.000156132,-0.00295618,-0.00238246
7,38,0.00230003,-0.268714,0.00823206,-0.0183043,0.0063181,0.000603517,-0.00780117,-0.0011584
8,38,-0.00125837,-0.381228,5.06208e-05,-0.0150819,0.0164611,-0.000867184,0.00448969,-0.00373876
9,38,0.000949544,-0.322186,0.0137875,-0.0252166,-0.00251586,-0.00185344,0.00178066,0.000525262
10,38,0.000589396,-0.217451,-0.00312912,-0.0209573,0.0205087,0.000648134,0.00632366,0.000460407
1,39,0.00263316,-0.118799,-0.00130544,-0.00961168,-0.0076762,0.00331218,-0.00174756,-0.000494683
2,39,0.00665978,-0.171769,-0.00147771,0.0168469,0.0201026,0.00102333,-0.00221304,0.00269398
3,39,0.00154985,-0.15826,0.00146318,0.00825294,0.00599655,-0.00162056,-0.00731346,0.0043169
4,39,-0.00305072,-0.153234,-0.00412971,0.0104718,0.00760918,-0.00202476,0.00918389,0.00218827
5,39,0.00392646,-0.190642,-0.00027158,-0.000498857,-0.000163262,0.00345974,0.00130476,0.000666474
6,39,-0.00114431,-0.220155,-0.00112678,0.0019576,-0.018376,0.000691243,-0.00476077,-0.0007146
7,39,0.00140396,-0.151889,-0.0178047,0.00706723,-0.00983179,0.0002961,0.00639556,0.00246976
8,39,0.00661004,-0.225376,-0.00279232,0.0227162,-0.0160254,0.0025556,-0.00185512,0.00187982
9,39,-0.00128855,-0.129773,-0.00735342,0.0287841,-0.000270714,-8.26172e-05,-0.00394037,0.00287272
10,39,0.00606195,-0.220715,-0.00920969,-0.0161045,-0.0150999,0.000665658,0.00253469,0.00122584
1,40,-0.00406868,0.437979,-0.00211934,0.0169819,0.00587659,-0.000691451,-0.000121889,-0.00251192
2,40,0.00326458,0.489828,-0.00402461,-0.00910965,0.0157204,0.00119767,0.00157084,0.00242818
3,40,-0.00511412,0.460707,0.00952929,0.0121408,-0.0029098,0.00221913,0.00255799,0.000375254
4,40,0.000940282,0.460519,0.0107054,0.00936747,0.00465142,0.000474857,-0.00327936,0.000458581
5,40,-0.0013422,0.486214,-0.00504612,-0.0235661,-0.00611394,-0.00208773,0.0104498,0.000588091
6,40,0.00119213,0.420122,0.00899295,0.00972744,-0.00708183,0.00128642,0.00526518,-0.000627279
7,40,-0.00411432,0.439127,0.00196493,-0.00348558,0.0121195,0.0005994,-0.00147794,0.000814076
8,40,-0.00341794,0.458272,0.0130449,-0.00679029,0.00203083,0.000271778,-0.000849197,0.00154713
9,40,0.00258435,0.462155,-0.00175418,0.000384297,0.00911946,0.0032544,-0.00105444,-0.00119404
10,40,-0.000892579,0.442132,-0.0105379,0.00458826,-0.00875805,0.00259429,0.00164879,0.000308547
1,41,0.00201644,0.125152,0.0058234,0.0101838,0.0186177,0.00238451,-0.0063133,0.00200242
2,41,0.00381977,0.0926518,0.00498821,0.0158127,0.0222163,0.000645537,0.00189158,0.000812555
3,41,-4.97368e-05,0.0567708,0.0157023,-0.00912835,0.0127558,0.00205793,0.000118197,0.00129524
4,41,-0.00135778,0.0296535,-0.00714687,-0.0206134,0.0220622,0.00183677,0.00675605,0.000950738
5,41,-0.00224932,0.0239144,0.00316662,0.0149206,0.0093955,-0.00177143,-0.000366278,0.00130957
6,41,-0.000604886,0.0591378,0.00124741,-0.0114752,0.000135162,1.02446e-05,0.00917052,-0.000808507
7,41,-0.00321856,0.0611047,-0.00122083,-0.00523895,0.000695821,-0.000986203,-0.000242547,-0.00265053
8,41,3.34735e-05,0.109679,0.0111073,-0.00584751,0.0307606,0.00107707,0.00303189,0.00213535
9,41,-0.00121927,0.135035,0.0112213,0.0263273,0.0147745,-0.00141293,-0.00341582,-0.00232281
10,41,-0.000902841,0.0781123,0.00181017,-0.00245265,0.0115674,-0.00394415,0.00682028,0.00280964
1,42,0.000346084,0.0742571,0.00218127,-6.41286e-05,-0.0201721,0.000591568,-0.00174334,-0.00077954
2,42,0.000884584,0.152298,-0.00257658,-0.0116775,-0.013174,-0.000338579,-0.00321466,-0.00037515
3,42,0.000184989,0.1535,-0.0034536,0.00969364,-0.00348647,-0.000309372,-0.00250854,0.00126183
4,42,-0.00123887,0.100803,-0.0144597,-0.0281183,0.00300683,0.00185154,-0.00342624,0.00100277
5,42,-0.00119597,0.164714,-0.00412628,-0.000711481,-0.0143582,-0.00172964,0.00344273,0.000101203
6,42,-0.000209091,0.16033,-0.00811629,0.00082951,0.0029122,0.00125346,0.00175557,-0.00069082
7,42,0.000791715,0.0876027,0.0124229,-0.00709508,0.013658,-0.00224166,0.000173034,-0.000760266
8,42,0.00112838,0.0798026,-0.0068184,-0.023936,-0.01588,-9.88773e-05,-0.000795439,0.00156766
9,42,-0.00228373,0.10819,0.00787335,-0.000321929,-0.0104611,-0.000238896,-0.00384519,0.00168334
10,42,0.00327079,0.121679,0.000955452,-0.0139304,-0.0110974,-0.000939619,-0.00174754,0.00143002
1,43,-0.00281783,-0.23666,-0.0124718,0.0123226,0.00796881,-0.00164058,0.00300351,0.000374229
2,43,-0.00331988,-0.160825,0.00459701,-0.0114751,-0.00335515,0.0007242,0.000635785,0.00085989
3,43,-0.00218013,-0.252463,-0.0067863,0.00197105,0.0106874,0.00183018,0.00338307,-0.00324302
4,43,0.0012622,-0.232405,0.00582958,-0.0138339,0.00609473,-0.00228942,-0.00172298,0.00185095
5,43,-0.00144154,-0.147844,0.00206037,0.0156312,0.010415,-0.000152277,-0.00266526,0.00364611
6,43,-0.00716731,-0.240348,-0.00301462,-0.0213266,0.0010415,0.00151767,-0.00258833,-0.0015471
7,43,0.0035203,-0.211682,-0.00138382,-0.000289408,0.00617209,-0.00162067,0.00295819,-0.00175978
8,43,0.00130673,-0.197259,0.00576967,-0.0127457,-0.0132799,0.00173223,0.00349561,-0.000630241
9,43,-2.41993e-05,-0.158857,-0.00338576,-0.0136715,0.0281174,-0.00239268,0.00568635,-0.000686686
10,43,-7.46986e-05,-0.227315,0.00536506,-0.00851815,0.0122551,-0.00168845,0.00272971,-0.000762248
1,44,-0.000521504,0.0587012,-0.00239089,-0.00986219,0.00243203,0.00250409,-0.00363279,-0.0019665
2,44,0.0024198,0.0304142,0.0119145,0.0109738,0.0223099,0.000451087,-0.00337708,0.00101581
3,44,-0.00213688,0.107812,-0.00223192,-0.00491992,-0.013947,0.00112582,-0.00615238,0.00516373
4,44,0.00225876,0.127529,0.00460648,0.00870941,-0.000944586,-0.000159461,-0.0025572,0.00196623
5,44,-0.00147789,0.128868,0.00214309,-0.014166,0.00489947,-0.000457898,0.00206626,0.00129473
6,44,-0.00349639,0.105337,-0.00999563,0.00964804,0.00753367,0.00202627,-0.00912287,0.000783863
7,44,-0.00295014,0.108306,-0.00040581,-0.00131191,-0.00766622,-0.000266203,-0.00919472,0.00167385
8,44,0.000292028,0.0825353,0.0129775,0.00442756,-0.0182667,0.00151377,0.00148258,0.0021568
9,44,0.00179465,0.0743174,-0.00276512,0.00256799,-0.00924979,0.00073632,-0.00640365,0.00263581
10,44,-0.00164975,0.124319,-0.00414687,-0.0117641,0.0111755,0.000512118,-0.00673906,0.00278039
1,45,-0.00358777,-0.413038,0.00608423,-0.00762213,0.0219073,-0.000173468,0.0130323,0.00255217
2,45,0.0019968,-0.36457,0.00366443,-0.00571961,0.0111356,0.00110876,2.13996e-05,-0.00197391
3,45,0.00362192,-0.333267,-0.0120052,-0.012326,-0.00733301,-0.000702237,-0.00489924,-0.0014684
4,45,-0.000768106,-0.419337,0.00423332,-0.0214412,0.00900598,0.00271711,0.00337902,-0.00127948
5,45,-0.00305252,-0.390628,-0.00280205,0.0116494,-0.0198743,-0.00325523,0.0102699,0.00325979
6,45,0.00166963,-0.318788,0.0040047,0.0187931,-0.00784134,-0.00384047,0.00228296,0.00183674
7,45,0.00139519,-0.303586,0.00533707,0.00484079,-0.000308664,0.000930578,-0.00187296,-0.00118597
8,45,0.00145514,-0.381497,0.00883106,-0.00144114,-0.00999984,-0.000579114,0.00301836,-0.00183353
9,45,0.00315116,-0.338715,0.0154837,-0.0103995,0.00495518,-0.00319946,0.000726388,-0.00064337
10,45,-0.00192863,-0.374593,0.00011277,-0.00558709,-0.0117422,-0.0024868,0.00766661,-0.00162725
