rep,id,eta_V,eta_Cl
1,1,0.147271,-0.148806
2,1,0.0526794,-0.198781
3,1,0.0774474,-0.185128
4,1,0.0807244,-0.177426
5,1,0.131814,-0.208256
6,1,0.0725163,-0.212564
7,1,0.130077,-0.170155
8,1,0.11856,-0.173677
9,1,0.0847604,-0.195974
10,1,0.113456,-0.177374
1,2,-0.186386,0.224124
2,2,-0.22909,0.191547
3,2,-0.213951,0.195676
4,2,-0.230778,0.195076
5,2,-0.227396,0.182403
6,2,-0.21167,0.191
7,2,-0.236078,0.189917
8,2,-0.229965,0.179506
9,2,-0.238074,0.191791
10,2,-0.204386,0.202877
1,3,-0.209476,-0.216805
2,3,-0.22351,-0.224319
3,3,-0.216887,-0.231624
4,3,-0.222591,-0.207982
5,3,-0.220462,-0.226416
6,3,-0.177174,-0.212942
7,3,-0.229246,-0.215404
8,3,-0.194077,-0.199906
9,3,-0.220174,-0.207991
10,3,-0.205358,-0.199934
1,4,-0.149062,0.0169691
2,4,-0.217682,-0.00477763
3,4,-0.126198,0.037757
4,4,-0.201462,-0.0144755
5,4,-0.187676,-0.00412126
6,4,-0.23003,-0.0187062
7,4,-0.177387,0.00484606
8,4,-0.244353,-0.0288279
9,4,-0.225092,-0.0286782
10,4,-0.17432,0.0058705
1,5,0.190336,0.2575
2,5,0.133689,0.262376
3,5,0.169511,0.253072
4,5,0.122594,0.241581
5,5,0.147656,0.249642
6,5,0.211186,0.270127
7,5,0.101545,0.237217
8,5,0.137277,0.242091
9,5,0.107186,0.232984
10,5,0.165022,0.271734
1,6,0.0765477,0.33618
2,6,0.0765298,0.327557
3,6,0.0890956,0.34167
4,6,0.0321184,0.313712
5,6,0.0966798,0.339665
6,6,0.123104,0.35743
7,6,0.0470149,0.324221
8,6,0.0728091,0.325852
9,6,0.0596394,0.317184
10,6,0.0653295,0.335018
1,7,-0.00827911,0.0156031
2,7,-0.00394352,0.0154939
3,7,-0.0201192,0.00372285
4,7,-0.0202264,0.0159095
5,7,0.0253387,0.0312289
6,7,0.00769172,0.0174899
7,7,-0.00135696,0.0117262
8,7,-0.00645603,0.0295275
9,7,0.00532773,0.0437198
10,7,-0.00413856,0.0301136
1,8,0.169284,-0.25007
2,8,0.222459,-0.229948
3,8,0.170741,-0.25757
4,8,0.189837,-0.236372
5,8,0.173536,-0.215486
6,8,0.200391,-0.239692
7,8,0.167466,-0.248674
8,8,0.231468,-0.239656
9,8,0.227776,-0.226104
10,8,0.215135,-0.269986
1,9,0.128295,0.0313904
2,9,0.126862,0.0270004
3,9,0.147899,0.0254986
4,9,0.121201,0.0435135
5,9,0.125479,0.0493211
6,9,0.102163,0.0293057
7,9,0.142823,0.0402014
8,9,0.108388,0.0282848
9,9,0.117544,0.0271703
10,9,0.0807078,0.0145793
1,10,-0.290162,-0.0988283
2,10,-0.335616,-0.152608
3,10,-0.272685,-0.0904917
4,10,-0.307566,-0.112641
5,10,-0.356076,-0.151433
6,10,-0.331379,-0.131589
7,10,-0.271746,-0.104346
8,10,-0.315753,-0.124802
9,10,-0.346854,-0.151606
10,10,-0.295677,-0.11524
1,11,0.117655,-0.112858
2,11,0.100164,-0.115492
3,11,0.110159,-0.119515
4,11,0.13135,-0.111821
5,11,0.108784,-0.119184
6,11,0.142238,-0.123427
7,11,0.0994172,-0.103139
8,11,0.122549,-0.0916903
9,11,0.122891,-0.120149
10,11,0.09495,-0.109186
1,12,-0.692663,0.218322
2,12,-0.680652,0.228429
3,12,-0.708055,0.201428
4,12,-0.724754,0.197532
5,12,-0.683097,0.226959
6,12,-0.718397,0.196209
7,12,-0.723664,0.203283
8,12,-0.70673,0.215386
9,12,-0.723273,0.196802
10,12,-0.675122,0.232608
1,13,0.00235274,-0.13471
2,13,-0.0441889,-0.152285
3,13,-0.0136921,-0.143365
4,13,0.00653203,-0.147019
5,13,-0.0356391,-0.15353
6,13,0.0244946,-0.152112
7,13,-0.0178228,-0.149296
8,13,0.0122227,-0.11766
9,13,-0.00153118,-0.155251
10,13,0.00313162,-0.180525
1,14,0.469226,-0.424766
2,14,0.436862,-0.438679
3,14,0.433298,-0.430112
4,14,0.393723,-0.422892
5,14,0.475724,-0.433582
6,14,0.414168,-0.437473
7,14,0.367288,-0.424002
8,14,0.404678,-0.429923
9,14,0.444204,-0.409878
10,14,0.40299,-0.483607
1,15,0.560119,0.192207
2,15,0.531783,0.217908
3,15,0.498311,0.195837
4,15,0.510696,0.195185
5,15,0.496308,0.207673
6,15,0.541161,0.257624
7,15,0.562453,0.202085
8,15,0.532286,0.219757
9,15,0.518324,0.193265
10,15,0.517792,0.223637
1,16,-0.204211,0.195232
2,16,-0.198049,0.204455
3,16,-0.21902,0.187096
4,16,-0.211947,0.192554
5,16,-0.218467,0.184143
6,16,-0.183806,0.201233
7,16,-0.206777,0.189969
8,16,-0.218058,0.18359
9,16,-0.16934,0.217556
10,16,-0.219507,0.188858
1,17,-0.218848,-0.180628
2,17,-0.241017,-0.205723
3,17,-0.17155,-0.162499
4,17,-0.257443,-0.220463
5,17,-0.192977,-0.159666
6,17,-0.202939,-0.175292
7,17,-0.21525,-0.200912
8,17,-0.200206,-0.195762
9,17,-0.213369,-0.190348
10,17,-0.219286,-0.194577
1,18,-0.121848,0.0399139
2,18,-0.0973132,0.0586896
3,18,-0.134807,0.032532
4,18,-0.157414,0.0295097
5,18,-0.140334,0.0303065
6,18,-0.145672,0.0307732
7,18,-0.180635,0.0147355
8,18,-0.155747,0.0211606
9,18,-0.11677,0.0320386
10,18,-0.138778,0.023065
1,19,0.108826,0.243978
2,19,0.118241,0.238061
3,19,0.171689,0.278364
4,19,0.0994173,0.240913
5,19,0.104663,0.239372
6,19,0.134482,0.255007
7,19,0.133045,0.245646
8,19,0.123964,0.256001
9,19,0.117087,0.238168
10,19,0.102895,0.240188
1,20,0.0507483,0.334993
2,20,0.122213,0.364098
3,20,0.0955272,0.35136
4,20,0.112067,0.36276
5,20,0.0628466,0.322991
6,20,0.0652193,0.331356
7,20,0.0595175,0.33583
8,20,0.0412453,0.319006
9,20,0.0968227,0.358632
10,20,0.0940728,0.349416
1,21,0.00760299,0.0263026
2,21,-0.0325396,0.00946258
3,21,0.0208618,0.0366994
4,21,-0.0161872,0.0067699
5,21,0.0574133,0.0493905
6,21,0.0180085,0.0229418
7,21,0.00118779,0.0246989
8,21,0.00630194,0.0250671
9,21,0.0230679,0.037493
10,21,-0.0158609,0.00943823
1,22,0.242912,-0.29532
2,22,0.248536,-0.280006
3,22,0.200984,-0.264471
4,22,0.241653,-0.271304
5,22,0.246266,-0.280103
6,22,0.241792,-0.285739
7,22,0.202417,-0.281843
8,22,0.152759,-0.277535
9,22,0.221061,-0.261807
10,22,0.217841,-0.278983
1,23,0.118854,0.0269441
2,23,0.162664,0.0431618
3,23,0.123164,0.0276883
4,23,0.147771,0.0425669
5,23,0.14705,0.0441617
6,23,0.0955745,0.0205894
7,23,0.157823,0.053982
8,23,0.131938,0.0217109
9,23,0.160643,0.0489699
10,23,0.139862,0.0456789
1,24,-0.319725,-0.144545
2,24,-0.313057,-0.128981
3,24,-0.279581,-0.109607
4,24,-0.300114,-0.12422
5,24,-0.278831,-0.115423
6,24,-0.348729,-0.138331
7,24,-0.324222,-0.120998
8,24,-0.325007,-0.144684
9,24,-0.333747,-0.136613
10,24,-0.326155,-0.144412
1,25,0.175303,-0.101502
2,25,0.201485,-0.092666
3,25,0.152522,-0.120054
4,25,0.123183,-0.126558
5,25,0.173891,-0.0857577
6,25,0.19489,-0.099891
7,25,0.137135,-0.121968
8,25,0.121325,-0.111939
9,25,0.158629,-0.113022
10,25,0.110785,-0.110583
1,26,-0.680251,0.224629
2,26,-0.755512,0.168711
3,26,-0.719387,0.196145
4,26,-0.785289,0.145266
5,26,-0.719778,0.196632
6,26,-0.757785,0.170539
7,26,-0.765629,0.162075
8,26,-0.748767,0.174778
9,26,-0.730285,0.189383
10,26,-0.714062,0.197183
1,27,-0.0323483,-0.171443
2,27,-0.00208003,-0.156784
3,27,-0.0387848,-0.162589
4,27,-0.0801196,-0.176552
5,27,-0.0794033,-0.169659
6,27,-0.0471331,-0.16771
7,27,-0.054615,-0.168729
8,27,-0.0547958,-0.186169
9,27,-0.0820813,-0.173732
10,27,-0.0725034,-0.177669
1,28,0.349392,-0.44706
2,28,0.342276,-0.442497
3,28,0.399729,-0.46054
4,28,0.374733,-0.471107
5,28,0.336185,-0.432557
6,28,0.389051,-0.455385
7,28,0.344131,-0.430984
8,28,0.335729,-0.414482
9,28,0.399032,-0.435119
10,28,0.362794,-0.443788
1,29,0.45049,0.187722
2,29,0.463582,0.16714
3,29,0.507287,0.176841
4,29,0.453781,0.186896
5,29,0.442395,0.174176
6,29,0.496077,0.205572
7,29,0.513602,0.201835
8,29,0.4746,0.188831
9,29,0.513383,0.207188
10,29,0.4826,0.1546
1,30,-0.104729,0.311686
2,30,-0.113717,0.326293
3,30,-0.095134,0.318926
4,30,-0.0847768,0.320551
5,30,-0.100154,0.3209
6,30,-0.10113,0.32474
7,30,-0.101766,0.314378
8,30,-0.107184,0.321607
9,30,-0.102967,0.305358
10,30,-0.0987402,0.313513
1,31,-0.258095,-0.205233
2,31,-0.211586,-0.195012
3,31,-0.185299,-0.185925
4,31,-0.184996,-0.165608
5,31,-0.192975,-0.177455
6,31,-0.221938,-0.19335
7,31,-0.210273,-0.184533
8,31,-0.169414,-0.165477
9,31,-0.138641,-0.168914
10,31,-0.230885,-0.192534
1,32,-0.170033,0.00493857
2,32,-0.156322,0.0221601
3,32,-0.136678,0.0367995
4,32,-0.160676,0.0328233
5,32,-0.183115,0.00842263
6,32,-0.146592,0.0165138
7,32,-0.173952,0.0103945
8,32,-0.167338,0.0124058
9,32,-0.183188,-0.00317298
10,32,-0.181282,0.00484695
1,33,0.148219,0.255171
2,33,0.141235,0.226797
3,33,0.142177,0.236307
4,33,0.145174,0.246697
5,33,0.142704,0.238067
6,33,0.132934,0.246076
7,33,0.182991,0.245855
8,33,0.196542,0.268468
9,33,0.134035,0.233591
10,33,0.119804,0.232733
1,34,0.0642336,0.338187
2,34,0.0718543,0.341968
3,34,0.00702008,0.303181
4,34,0.0857163,0.353727
5,34,0.098249,0.361425
6,34,0.0905227,0.34656
7,34,0.0565614,0.333753
8,34,0.0911805,0.354135
9,34,0.0725353,0.345231
10,34,0.0694256,0.337608
1,35,-0.0159102,0.0210021
2,35,-0.0102929,0.0245678
3,35,0.00642878,0.0345141
4,35,0.0166969,0.0407638
5,35,-0.00281014,0.0284233
6,35,0.0120843,0.0217547
7,35,0.0346149,0.0176556
8,35,0.0181678,0.0199579
9,35,0.0309023,0.055136
10,35,0.0556034,0.0349607
1,36,0.199572,-0.235831
2,36,0.225751,-0.220864
3,36,0.263511,-0.219318
4,36,0.226996,-0.21711
5,36,0.224694,-0.25649
6,36,0.283784,-0.251707
7,36,0.216153,-0.22348
8,36,0.195603,-0.240975
9,36,0.263811,-0.234516
10,36,0.239975,-0.25841
1,37,0.12686,0.0254153
2,37,0.131584,0.0185213
3,37,0.108354,0.0048798
4,37,0.159895,0.0326681
5,37,0.0896711,0.0178563
6,37,0.108486,0.0290371
7,37,0.108835,0.00649689
8,37,0.0756693,-0.00247139
9,37,0.113044,0.0133535
10,37,0.0467017,-0.00539343
1,38,-0.339032,-0.150676
2,38,-0.351641,-0.154535
3,38,-0.360021,-0.153311
4,38,-0.410682,-0.185174
5,38,-0.34901,-0.145556
6,38,-0.336916,-0.135471
7,38,-0.337921,-0.13824
8,38,-0.393054,-0.171715
9,38,-0.34842,-0.136939
10,38,-0.305354,-0.139061
1,39,0.0684947,-0.167628
2,39,0.0802953,-0.166739
3,39,0.122782,-0.156009
4,39,0.116957,-0.115164
5,39,0.11595,-0.144528
6,39,0.128079,-0.144603
7,39,0.143755,-0.150674
8,39,0.0551466,-0.170061
9,39,0.0835136,-0.152863
10,39,0.0899202,-0.169448
1,40,-0.810609,0.140121
2,40,-0.798355,0.149246
3,40,-0.774862,0.16498
4,40,-0.801334,0.147062
5,40,-0.749878,0.180571
6,40,-0.806133,0.132509
7,40,-0.765508,0.174015
8,40,-0.792964,0.139553
9,40,-0.740094,0.195183
10,40,-0.81364,0.13039
1,41,-0.0456066,-0.176871
2,41,-0.0554907,-0.168141
3,41,-0.0179223,-0.184093
4,41,-0.0147366,-0.164703
5,41,-0.039428,-0.168872
6,41,-0.038333,-0.161622
7,41,0.00462774,-0.167335
8,41,-0.0421662,-0.171424
9,41,-0.00783176,-0.161067
10,41,0.028758,-0.1588
1,42,0.376957,-0.444631
2,42,0.345689,-0.436415
3,42,0.363704,-0.443577
4,42,0.388753,-0.433536
5,42,0.419368,-0.434751
6,42,0.38268,-0.470237
7,42,0.391273,-0.466212
8,42,0.294503,-0.403728
9,42,0.369356,-0.430789
10,42,0.356475,-0.414512
1,43,0.588886,0.226109
2,43,0.532388,0.198621
3,43,0.565702,0.209037
4,43,0.53941,0.220578
5,43,0.590574,0.231883
6,43,0.586182,0.210715
7,43,0.637818,0.190494
8,43,0.535953,0.197993
9,43,0.574757,0.229288
10,43,0.561699,0.21311
1,44,-0.0900118,0.322044
2,44,-0.121883,0.294696
3,44,-0.0884341,0.320538
4,44,-0.103019,0.31467
5,44,-0.0987861,0.320103
6,44,-0.0613542,0.328561
7,44,-0.138382,0.29478
8,44,-0.110567,0.313379
9,44,-0.128754,0.299276
10,44,-0.147058,0.295181
1,45,0.182927,-0.0431196
2,45,0.200827,-0.0394222
3,45,0.171556,-0.0503355
4,45,0.168234,-0.0331807
5,45,0.183674,-0.0390893
6,45,0.175964,-0.0492226
7,45,0.172169,-0.0273219
8,45,0.153841,-0.0275133
9,45,0.181873,-0.0303931
10,45,0.190048,-0.0471292
