rep,id,eta_V,eta_Cl
1,1,-0.0254281,0
2,1,-0.0131902,0
3,1,0.000936438,0
4,1,-0.0155604,0
5,1,-0.0244123,0
6,1,-0.0261654,0
7,1,-0.0224199,0
8,1,-0.0237726,0
9,1,-0.0184768,0
10,1,-0.0184688,0
1,2,0.0909115,0
2,2,0.0440064,0
3,2,0.0634532,0
4,2,0.0618408,0
5,2,0.0593103,0
6,2,0.0712067,0
7,2,0.0908858,0
8,2,0.0387874,0
9,2,0.0173348,0
10,2,0.0588506,0
1,3,0.32921,0
2,3,0.337498,0
3,3,0.347154,0
4,3,0.314833,0
5,3,0.336074,0
6,3,0.327756,0
7,3,0.360149,0
8,3,0.33551,0
9,3,0.338275,0
10,3,0.350696,0
1,4,-0.159657,0
2,4,-0.198137,0
3,4,-0.187533,0
4,4,-0.199602,0
5,4,-0.194974,0
6,4,-0.163966,0
7,4,-0.189519,0
8,4,-0.17073,0
9,4,-0.163405,0
10,4,-0.17125,0
1,5,-0.395222,0
2,5,-0.397012,0
3,5,-0.399137,0
4,5,-0.394155,0
5,5,-0.407666,0
6,5,-0.397428,0
7,5,-0.380473,0
8,5,-0.411658,0
9,5,-0.406919,0
10,5,-0.368349,0
1,6,-0.0528941,0
2,6,-0.0600097,0
3,6,-0.0669461,0
4,6,-0.0624006,0
5,6,-0.0654569,0
6,6,-0.041584,0
7,6,-0.0388489,0
8,6,-0.035708,0
9,6,-0.0579246,0
10,6,-0.0259658,0
1,7,0.146214,0
2,7,0.154451,0
3,7,0.142165,0
4,7,0.140069,0
5,7,0.11868,0
6,7,0.107031,0
7,7,0.148524,0
8,7,0.127724,0
9,7,0.137905,0
10,7,0.138901,0
1,8,0.486945,0
2,8,0.428058,0
3,8,0.4118,0
4,8,0.461256,0
5,8,0.446904,0
6,8,0.417868,0
7,8,0.462825,0
8,8,0.427439,0
9,8,0.435921,0
10,8,0.424856,0
1,9,-0.51726,0
2,9,-0.519804,0
3,9,-0.494041,0
4,9,-0.518453,0
5,9,-0.519088,0
6,9,-0.533738,0
7,9,-0.523774,0
8,9,-0.512671,0
9,9,-0.515113,0
10,9,-0.525106,0
1,10,-0.0111536,0
2,10,-0.0142604,0
3,10,-0.0196103,0
4,10,-0.0511204,0
5,10,8.42574e-05,0
6,10,-0.0315867,0
7,10,0.0103316,0
8,10,-0.0151812,0
9,10,-0.0183123,0
10,10,-0.0454205,0
1,11,-0.303041,0
2,11,-0.286356,0
3,11,-0.30337,0
4,11,-0.298406,0
5,11,-0.305743,0
6,11,-0.299749,0
7,11,-0.308419,0
8,11,-0.312565,0
9,11,-0.312039,0
10,11,-0.30075,0
1,12,0.392792,0
2,12,0.427676,0
3,12,0.39114,0
4,12,0.471876,0
5,12,0.441346,0
6,12,0.421851,0
7,12,0.436987,0
8,12,0.402732,0
9,12,0.457422,0
10,12,0.440373,0
1,13,0.259165,0
2,13,0.293766,0
3,13,0.281542,0
4,13,0.245618,0
5,13,0.267065,0
6,13,0.294657,0
7,13,0.294724,0
8,13,0.263994,0
9,13,0.259798,0
10,13,0.291741,0
1,14,0.0893975,0
2,14,0.0570681,0
3,14,0.0589715,0
4,14,0.056709,0
5,14,0.0451764,0
6,14,0.076947,0
7,14,0.11815,0
8,14,0.0593089,0
9,14,0.0934789,0
10,14,0.0561127,0
1,15,-0.191702,0
2,15,-0.20842,0
3,15,-0.211732,0
4,15,-0.179097,0
5,15,-0.211388,0
6,15,-0.179746,0
7,15,-0.186093,0
8,15,-0.19425,0
9,15,-0.21512,0
10,15,-0.185176,0
1,16,0.050013,0
2,16,0.0637043,0
3,16,0.0668101,0
4,16,0.0398568,0
5,16,0.0753799,0
6,16,0.0571553,0
7,16,0.0477873,0
8,16,0.035784,0
9,16,0.052481,0
10,16,0.0396025,0
1,17,0.313136,0
2,17,0.367316,0
3,17,0.319071,0
4,17,0.327098,0
5,17,0.346915,0
6,17,0.307564,0
7,17,0.370394,0
8,17,0.348444,0
9,17,0.343946,0
10,17,0.332597,0
1,18,-0.174088,0
2,18,-0.161586,0
3,18,-0.162069,0
4,18,-0.210101,0
5,18,-0.202885,0
6,18,-0.191429,0
7,18,-0.187098,0
8,18,-0.177795,0
9,18,-0.173139,0
10,18,-0.176933,0
1,19,-0.410328,0
2,19,-0.427473,0
3,19,-0.389123,0
4,19,-0.415674,0
5,19,-0.43391,0
6,19,-0.419652,0
7,19,-0.433392,0
8,19,-0.427166,0
9,19,-0.415685,0
10,19,-0.417883,0
1,20,-0.0460382,0
2,20,-0.0723672,0
3,20,-0.0678715,0
4,20,-0.0590473,0
5,20,-0.0528087,0
6,20,-0.0482629,0
7,20,-0.0734033,0
8,20,-0.0624676,0
9,20,-0.0787323,0
10,20,-0.0524802,0
1,21,0.124314,0
2,21,0.187834,0
3,21,0.182537,0
4,21,0.121624,0
5,21,0.163762,0
6,21,0.127056,0
7,21,0.183983,0
8,21,0.182084,0
9,21,0.146989,0
10,21,0.14059,0
1,22,0.459905,0
2,22,0.410565,0
3,22,0.471332,0
4,22,0.411681,0
5,22,0.493498,0
6,22,0.411818,0
7,22,0.407468,0
8,22,0.452946,0
9,22,0.418759,0
10,22,0.477882,0
1,23,-0.500224,0
2,23,-0.496739,0
3,23,-0.503437,0
4,23,-0.506776,0
5,23,-0.488425,0
6,23,-0.505857,0
7,23,-0.488425,0
8,23,-0.498889,0
9,23,-0.487885,0
10,23,-0.498889,0
1,24,-0.0818848,0
2,24,-0.0591116,0
3,24,-0.0650814,0
4,24,-0.0520533,0
5,24,-0.0421525,0
6,24,-0.0859416,0
7,24,-0.0390528,0
8,24,-0.0890557,0
9,24,-0.0710113,0
10,24,-0.0490772,0
1,25,-0.301366,0
2,25,-0.331197,0
3,25,-0.327631,0
4,25,-0.315986,0
5,25,-0.316802,0
6,25,-0.311604,0
7,25,-0.311359,0
8,25,-0.316323,0
9,25,-0.318357,0
10,25,-0.321617,0
1,26,0.3513,0
2,26,0.292956,0
3,26,0.360596,0
4,26,0.34158,0
5,26,0.317113,0
6,26,0.369485,0
7,26,0.33137,0
8,26,0.306297,0
9,26,0.380657,0
10,26,0.368462,0
1,27,0.293849,0
2,27,0.276719,0
3,27,0.288498,0
4,27,0.248312,0
5,27,0.248553,0
6,27,0.255775,0
7,27,0.280264,0
8,27,0.244688,0
9,27,0.314402,0
10,27,0.330457,0
1,28,0.0650786,0
2,28,0.0724774,0
3,28,0.0780561,0
4,28,0.0985134,0
5,28,0.0737876,0
6,28,0.106652,0
7,28,0.0708846,0
8,28,0.0815522,0
9,28,0.0611055,0
10,28,0.0562747,0
1,29,-0.173884,0
2,29,-0.168345,0
3,29,-0.179102,0
4,29,-0.178435,0
5,29,-0.18232,0
6,29,-0.186142,0
7,29,-0.170738,0
8,29,-0.190951,0
9,29,-0.188207,0
10,29,-0.16856,0
1,30,0.227975,0
2,30,0.20142,0
3,30,0.215429,0
4,30,0.196351,0
5,30,0.195173,0
6,30,0.182135,0
7,30,0.17568,0
8,30,0.206694,0
9,30,0.196561,0
10,30,0.150161,0
1,31,0.309364,0
2,31,0.340522,0
3,31,0.367259,0
4,31,0.340072,0
5,31,0.278326,0
6,31,0.347882,0
7,31,0.325566,0
8,31,0.347608,0
9,31,0.384807,0
10,31,0.326699,0
1,32,-0.219783,0
2,32,-0.219264,0
3,32,-0.19132,0
4,32,-0.200944,0
5,32,-0.233593,0
6,32,-0.221619,0
7,32,-0.231362,0
8,32,-0.203065,0
9,32,-0.234416,0
10,32,-0.228563,0
1,33,-0.431554,0
2,33,-0.425341,0
3,33,-0.425289,0
4,33,-0.428365,0
5,33,-0.422779,0
6,33,-0.430216,0
7,33,-0.41831,0
8,33,-0.435757,0
9,33,-0.424591,0
10,33,-0.398297,0
1,34,-0.031688,0
2,34,-0.0445124,0
3,34,-0.0551901,0
4,34,-0.0604071,0
5,34,-0.0360853,0
6,34,-0.0715782,0
7,34,-0.0886445,0
8,34,-0.0320396,0
9,34,-0.0364515,0
10,34,-0.0779962,0
1,35,0.14374,0
2,35,0.133901,0
3,35,0.12604,0
4,35,0.14231,0
5,35,0.148903,0
6,35,0.169996,0
7,35,0.160833,0
8,35,0.12816,0
9,35,0.166526,0
10,35,0.170987,0
1,36,0.449612,0
2,36,0.396634,0
3,36,0.428749,0
4,36,0.447823,0
5,36,0.417906,0
6,36,0.454714,0
7,36,0.430694,0
8,36,0.433677,0
9,36,0.409022,0
10,36,0.423334,0
1,37,-0.507174,0
2,37,-0.513836,0
3,37,-0.507174,0
4,37,-0.525925,0
5,37,-0.507527,0
6,37,-0.511981,0
7,37,-0.516237,0
8,37,-0.504173,0
9,37,-0.516237,0
10,37,-0.503751,0
1,38,-0.0916496,0
2,38,-0.0921314,0
3,38,-0.0764732,0
4,38,-0.103576,0
5,38,-0.0918867,0
6,38,-0.0897711,0
7,38,-0.109297,0
8,38,-0.0796456,0
9,38,-0.0872875,0
10,38,-0.10965,0
1,39,-0.317405,0
2,39,-0.325505,0
3,39,-0.330116,0
4,39,-0.321825,0
5,39,-0.324436,0
6,39,-0.324454,0
7,39,-0.300955,0
8,39,-0.312391,0
9,39,-0.314759,0
10,39,-0.330132,0
1,40,0.387665,0
2,40,0.390259,0
3,40,0.41206,0
4,40,0.38893,0
5,40,0.373281,0
6,40,0.374279,0
7,40,0.437892,0
8,40,0.383491,0
9,40,0.364174,0
10,40,0.380764,0
1,41,0.254372,0
2,41,0.204733,0
3,41,0.192679,0
4,41,0.208376,0
5,41,0.230177,0
6,41,0.183002,0
7,41,0.224028,0
8,41,0.231996,0
9,41,0.205746,0
10,41,0.205141,0
1,42,0.0753572,0
2,42,0.109194,0
3,42,0.0753801,0
4,42,0.10356,0
5,42,0.0537866,0
6,42,0.0958851,0
7,42,0.0697676,0
8,42,0.0838083,0
9,42,0.0571665,0
10,42,0.075955,0
1,43,-0.157247,0
2,43,-0.197295,0
3,43,-0.210541,0
4,43,-0.17452,0
5,43,-0.193121,0
6,43,-0.193315,0
7,43,-0.192097,0
8,43,-0.192564,0
9,43,-0.178261,0
10,43,-0.197262,0
1,44,0.151865,0
2,44,0.144184,0
3,44,0.195892,0
4,44,0.158199,0
5,44,0.166108,0
6,44,0.170025,0
7,44,0.191313,0
8,44,0.20797,0
9,44,0.187569,0
10,44,0.185208,0
1,45,-0.219346,0
2,45,-0.204321,0
3,45,-0.197308,0
4,45,-0.211859,0
5,45,-0.19725,0
6,45,-0.225832,0
7,45,-0.220303,0
8,45,-0.197897,0
9,45,-0.201508,0
10,45,-0.218549,0
