TIME,OBS
-48.0,931.0833333333334
-12.0,852.4166666666667
24.0,773.75
36.0,725.125
48.0,676.5
60.0,694.125
72.0,711.75
84.0,676.875
96.0,642.0
108.0,725.0
120.0,808.0
132.0,794.375
144.0,780.75
156.0,746.0
168.0,711.25
180.0,733.625
192.0,756.0
204.0,876.75
216.0,997.5
228.0,1060.0
240.0,1122.5
252.0,1346.4166666666665
264.0,1570.3333333333333
276.0,1331.4166666666665
288.0,1092.5
300.0,1268.0833333333335
312.0,1443.6666666666667
324.0,1425.3333333333335
336.0,1407.0
348.0,1228.6666666666665
360.0,1050.3333333333333
372.0,1070.5416666666665
384.0,1090.75
408.0,1069.0
432.0,1047.25
456.0,936.75
480.0,826.25
516.0,886.125
552.0,946.0
