rep,id,eta_Cl,eta_V1,eta_Q,eta_V2,eta_S,eta_R0,eta_gamma,eta_MTT
1,1,0,-0.531729,0,0,0,0,0,0
2,1,0,-0.554847,0,0,0,0,0,0
3,1,0,-0.514413,0,0,0,0,0,0
4,1,0,-0.641056,0,0,0,0,0,0
5,1,0,-0.568025,0,0,0,0,0,0
6,1,0,-0.560021,0,0,0,0,0,0
7,1,0,-0.569577,0,0,0,0,0,0
8,1,0,-0.547942,0,0,0,0,0,0
9,1,0,-0.591123,0,0,0,0,0,0
10,1,0,-0.511209,0,0,0,0,0,0
1,2,0,-0.274948,0,0,0,0,0,0
2,2,0,-0.278918,0,0,0,0,0,0
3,2,0,-0.286106,0,0,0,0,0,0
4,2,0,-0.289006,0,0,0,0,0,0
5,2,0,-0.281983,0,0,0,0,0,0
6,2,0,-0.257654,0,0,0,0,0,0
7,2,0,-0.267452,0,0,0,0,0,0
8,2,0,-0.280379,0,0,0,0,0,0
9,2,0,-0.288264,0,0,0,0,0,0
10,2,0,-0.273762,0,0,0,0,0,0
1,3,0,0.317995,0,0,0,0,0,0
2,3,0,0.325461,0,0,0,0,0,0
3,3,0,0.328003,0,0,0,0,0,0
4,3,0,0.283117,0,0,0,0,0,0
5,3,0,0.341351,0,0,0,0,0,0
6,3,0,0.306244,0,0,0,0,0,0
7,3,0,0.338711,0,0,0,0,0,0
8,3,0,0.350614,0,0,0,0,0,0
9,3,0,0.30881,0,0,0,0,0,0
10,3,0,0.293216,0,0,0,0,0,0
1,4,0,0.0548928,0,0,0,0,0,0
2,4,0,-0.0519228,0,0,0,0,0,0
3,4,0,0.0445973,0,0,0,0,0,0
4,4,0,0.0142024,0,0,0,0,0,0
5,4,0,0.0194451,0,0,0,0,0,0
6,4,0,0.0569565,0,0,0,0,0,0
7,4,0,0.0761902,0,0,0,0,0,0
8,4,0,0.0897697,0,0,0,0,0,0
9,4,0,0.0696465,0,0,0,0,0,0
10,4,0,0.0217469,0,0,0,0,0,0
1,5,0,0.495389,0,0,0,0,0,0
2,5,0,0.528435,0,0,0,0,0,0
3,5,0,0.544006,0,0,0,0,0,0
4,5,0,0.500248,0,0,0,0,0,0
5,5,0,0.504449,0,0,0,0,0,0
6,5,0,0.465094,0,0,0,0,0,0
7,5,0,0.503191,0,0,0,0,0,0
8,5,0,0.511066,0,0,0,0,0,0
9,5,0,0.503969,0,0,0,0,0,0
10,5,0,0.518359,0,0,0,0,0,0
1,6,0,0.397805,0,0,0,0,0,0
2,6,0,0.418388,0,0,0,0,0,0
3,6,0,0.3485,0,0,0,0,0,0
4,6,0,0.379419,0,0,0,0,0,0
5,6,0,0.354774,0,0,0,0,0,0
6,6,0,0.363152,0,0,0,0,0,0
7,6,0,0.427662,0,0,0,0,0,0
8,6,0,0.411012,0,0,0,0,0,0
9,6,0,0.38561,0,0,0,0,0,0
10,6,0,0.385343,0,0,0,0,0,0
1,7,0,0.0390658,0,0,0,0,0,0
2,7,0,0.104655,0,0,0,0,0,0
3,7,0,0.0340991,0,0,0,0,0,0
4,7,0,0.0490275,0,0,0,0,0,0
5,7,0,0.0572061,0,0,0,0,0,0
6,7,0,0.0125442,0,0,0,0,0,0
7,7,0,0.0915758,0,0,0,0,0,0
8,7,0,0.0463848,0,0,0,0,0,0
9,7,0,0.0506218,0,0,0,0,0,0
10,7,0,0.0392701,0,0,0,0,0,0
1,8,0,0.458845,0,0,0,0,0,0
2,8,0,0.360682,0,0,0,0,0,0
3,8,0,0.349482,0,0,0,0,0,0
4,8,0,0.440907,0,0,0,0,0,0
5,8,0,0.440561,0,0,0,0,0,0
6,8,0,0.411964,0,0,0,0,0,0
7,8,0,0.419506,0,0,0,0,0,0
8,8,0,0.360411,0,0,0,0,0,0
9,8,0,0.366875,0,0,0,0,0,0
10,8,0,0.394178,0,0,0,0,0,0
1,9,0,0.205524,0,0,0,0,0,0
2,9,0,0.226302,0,0,0,0,0,0
3,9,0,0.225063,0,0,0,0,0,0
4,9,0,0.205184,0,0,0,0,0,0
5,9,0,0.179924,0,0,0,0,0,0
6,9,0,0.227974,0,0,0,0,0,0
7,9,0,0.261629,0,0,0,0,0,0
8,9,0,0.262963,0,0,0,0,0,0
9,9,0,0.309371,0,0,0,0,0,0
10,9,0,0.159922,0,0,0,0,0,0
1,10,0,0.303658,0,0,0,0,0,0
2,10,0,0.267188,0,0,0,0,0,0
3,10,0,0.280915,0,0,0,0,0,0
4,10,0,0.313736,0,0,0,0,0,0
5,10,0,0.316185,0,0,0,0,0,0
6,10,0,0.314831,0,0,0,0,0,0
7,10,0,0.335689,0,0,0,0,0,0
8,10,0,0.246841,0,0,0,0,0,0
9,10,0,0.30608,0,0,0,0,0,0
10,10,0,0.304744,0,0,0,0,0,0
1,11,0,0.633791,0,0,0,0,0,0
2,11,0,0.634192,0,0,0,0,0,0
3,11,0,0.654145,0,0,0,0,0,0
4,11,0,0.672649,0,0,0,0,0,0
5,11,0,0.66022,0,0,0,0,0,0
6,11,0,0.609475,0,0,0,0,0,0
7,11,0,0.620371,0,0,0,0,0,0
8,11,0,0.613829,0,0,0,0,0,0
9,11,0,0.607148,0,0,0,0,0,0
10,11,0,0.665169,0,0,0,0,0,0
1,12,0,-0.136112,0,0,0,0,0,0
2,12,0,-0.186879,0,0,0,0,0,0
3,12,0,-0.228884,0,0,0,0,0,0
4,12,0,-0.116414,0,0,0,0,0,0
5,12,0,-0.141152,0,0,0,0,0,0
6,12,0,-0.138528,0,0,0,0,0,0
7,12,0,-0.156903,0,0,0,0,0,0
8,12,0,-0.153841,0,0,0,0,0,0
9,12,0,-0.118019,0,0,0,0,0,0
10,12,0,-0.126037,0,0,0,0,0,0
1,13,0,-0.171527,0,0,0,0,0,0
2,13,0,-0.187046,0,0,0,0,0,0
3,13,0,-0.149481,0,0,0,0,0,0
4,13,0,-0.216361,0,0,0,0,0,0
5,13,0,-0.188828,0,0,0,0,0,0
6,13,0,-0.167896,0,0,0,0,0,0
7,13,0,-0.174609,0,0,0,0,0,0
8,13,0,-0.168903,0,0,0,0,0,0
9,13,0,-0.205398,0,0,0,0,0,0
10,13,0,-0.24883,0,0,0,0,0,0
1,14,0,-0.0485977,0,0,0,0,0,0
2,14,0,-0.0691712,0,0,0,0,0,0
3,14,0,-0.119666,0,0,0,0,0,0
4,14,0,-0.0568562,0,0,0,0,0,0
5,14,0,-0.108311,0,0,0,0,0,0
6,14,0,-0.0125537,0,0,0,0,0,0
7,14,0,-0.0234971,0,0,0,0,0,0
8,14,0,-0.0663567,0,0,0,0,0,0
9,14,0,-0.0109685,0,0,0,0,0,0
10,14,0,-0.0646291,0,0,0,0,0,0
1,15,0,-0.0578888,0,0,0,0,0,0
2,15,0,-0.0797359,0,0,0,0,0,0
3,15,0,-0.0705206,0,0,0,0,0,0
4,15,0,-0.0744363,0,0,0,0,0,0
5,15,0,-0.0971502,0,0,0,0,0,0
6,15,0,-0.0326238,0,0,0,0,0,0
7,15,0,0.0182567,0,0,0,0,0,0
8,15,0,-0.105159,0,0,0,0,0,0
9,15,0,-0.0180209,0,0,0,0,0,0
10,15,0,-0.0386748,0,0,0,0,0,0
1,16,0,-0.146386,0,0,0,0,0,0
2,16,0,-0.14957,0,0,0,0,0,0
3,16,0,-0.090534,0,0,0,0,0,0
4,16,0,-0.174147,0,0,0,0,0,0
5,16,0,-0.12844,0,0,0,0,0,0
6,16,0,-0.113648,0,0,0,0,0,0
7,16,0,-0.103554,0,0,0,0,0,0
8,16,0,-0.10124,0,0,0,0,0,0
9,16,0,-0.118743,0,0,0,0,0,0
10,16,0,-0.149673,0,0,0,0,0,0
1,17,0,-0.330733,0,0,0,0,0,0
2,17,0,-0.314581,0,0,0,0,0,0
3,17,0,-0.361211,0,0,0,0,0,0
4,17,0,-0.382446,0,0,0,0,0,0
5,17,0,-0.345379,0,0,0,0,0,0
6,17,0,-0.362858,0,0,0,0,0,0
7,17,0,-0.330415,0,0,0,0,0,0
8,17,0,-0.327705,0,0,0,0,0,0
9,17,0,-0.343644,0,0,0,0,0,0
10,17,0,-0.374808,0,0,0,0,0,0
1,18,0,-0.0191781,0,0,0,0,0,0
2,18,0,-0.118302,0,0,0,0,0,0
3,18,0,-0.104868,0,0,0,0,0,0
4,18,0,-0.0961986,0,0,0,0,0,0
5,18,0,-0.0955292,0,0,0,0,0,0
6,18,0,-0.125621,0,0,0,0,0,0
7,18,0,-0.0983742,0,0,0,0,0,0
8,18,0,-0.104293,0,0,0,0,0,0
9,18,0,-0.0229619,0,0,0,0,0,0
10,18,0,-0.0931584,0,0,0,0,0,0
1,19,0,0.276064,0,0,0,0,0,0
2,19,0,0.272704,0,0,0,0,0,0
3,19,0,0.338788,0,0,0,0,0,0
4,19,0,0.341534,0,0,0,0,0,0
5,19,0,0.346641,0,0,0,0,0,0
6,19,0,0.2769,0,0,0,0,0,0
7,19,0,0.270462,0,0,0,0,0,0
8,19,0,0.274649,0,0,0,0,0,0
9,19,0,0.339737,0,0,0,0,0,0
10,19,0,0.275497,0,0,0,0,0,0
1,20,0,-0.383853,0,0,0,0,0,0
2,20,0,-0.360178,0,0,0,0,0,0
3,20,0,-0.354754,0,0,0,0,0,0
4,20,0,-0.301436,0,0,0,0,0,0
5,20,0,-0.317755,0,0,0,0,0,0
6,20,0,-0.407364,0,0,0,0,0,0
7,20,0,-0.357216,0,0,0,0,0,0
8,20,0,-0.372961,0,0,0,0,0,0
9,20,0,-0.367801,0,0,0,0,0,0
10,20,0,-0.309042,0,0,0,0,0,0
1,21,0,0.0565183,0,0,0,0,0,0
2,21,0,0.148332,0,0,0,0,0,0
3,21,0,0.0743546,0,0,0,0,0,0
4,21,0,0.0455786,0,0,0,0,0,0
5,21,0,0.111699,0,0,0,0,0,0
6,21,0,0.123306,0,0,0,0,0,0
7,21,0,0.164046,0,0,0,0,0,0
8,21,0,0.139678,0,0,0,0,0,0
9,21,0,0.107144,0,0,0,0,0,0
10,21,0,0.0600582,0,0,0,0,0,0
1,22,0,-0.365492,0,0,0,0,0,0
2,22,0,-0.37799,0,0,0,0,0,0
3,22,0,-0.390182,0,0,0,0,0,0
4,22,0,-0.41582,0,0,0,0,0,0
5,22,0,-0.407402,0,0,0,0,0,0
6,22,0,-0.410511,0,0,0,0,0,0
7,22,0,-0.450397,0,0,0,0,0,0
8,22,0,-0.410511,0,0,0,0,0,0
9,22,0,-0.441387,0,0,0,0,0,0
10,22,0,-0.380652,0,0,0,0,0,0
1,23,0,0.595712,0,0,0,0,0,0
2,23,0,0.589747,0,0,0,0,0,0
3,23,0,0.533049,0,0,0,0,0,0
4,23,0,0.543522,0,0,0,0,0,0
5,23,0,0.512374,0,0,0,0,0,0
6,23,0,0.576379,0,0,0,0,0,0
7,23,0,0.551585,0,0,0,0,0,0
8,23,0,0.570502,0,0,0,0,0,0
9,23,0,0.548923,0,0,0,0,0,0
10,23,0,0.55964,0,0,0,0,0,0
1,24,0,0.11242,0,0,0,0,0,0
2,24,0,0.0499127,0,0,0,0,0,0
3,24,0,0.100965,0,0,0,0,0,0
4,24,0,0.0458916,0,0,0,0,0,0
5,24,0,0.101349,0,0,0,0,0,0
6,24,0,0.0448611,0,0,0,0,0,0
7,24,0,0.110008,0,0,0,0,0,0
8,24,0,0.0553032,0,0,0,0,0,0
9,24,0,0.116357,0,0,0,0,0,0
10,24,0,0.130822,0,0,0,0,0,0
1,25,0,-0.0535671,0,0,0,0,0,0
2,25,0,-0.0750272,0,0,0,0,0,0
3,25,0,-0.102379,0,0,0,0,0,0
4,25,0,-0.108069,0,0,0,0,0,0
5,25,0,-0.063638,0,0,0,0,0,0
6,25,0,-0.0530814,0,0,0,0,0,0
7,25,0,-0.0742378,0,0,0,0,0,0
8,25,0,-0.0663479,0,0,0,0,0,0
9,25,0,-0.0938493,0,0,0,0,0,0
10,25,0,-0.163289,0,0,0,0,0,0
1,26,0,-0.259628,0,0,0,0,0,0
2,26,0,-0.26002,0,0,0,0,0,0
3,26,0,-0.274547,0,0,0,0,0,0
4,26,0,-0.287569,0,0,0,0,0,0
5,26,0,-0.254591,0,0,0,0,0,0
6,26,0,-0.215701,0,0,0,0,0,0
7,26,0,-0.217297,0,0,0,0,0,0
8,26,0,-0.274526,0,0,0,0,0,0
9,26,0,-0.209423,0,0,0,0,0,0
10,26,0,-0.305181,0,0,0,0,0,0
1,27,0,-0.134117,0,0,0,0,0,0
2,27,0,-0.170724,0,0,0,0,0,0
3,27,0,-0.1476,0,0,0,0,0,0
4,27,0,-0.158214,0,0,0,0,0,0
5,27,0,-0.180431,0,0,0,0,0,0
6,27,0,-0.192598,0,0,0,0,0,0
7,27,0,-0.195141,0,0,0,0,0,0
8,27,0,-0.12365,0,0,0,0,0,0
9,27,0,-0.197179,0,0,0,0,0,0
10,27,0,-0.118612,0,0,0,0,0,0
1,28,0,0.379456,0,0,0,0,0,0
2,28,0,0.344518,0,0,0,0,0,0
3,28,0,0.264916,0,0,0,0,0,0
4,28,0,0.352694,0,0,0,0,0,0
5,28,0,0.351287,0,0,0,0,0,0
6,28,0,0.287698,0,0,0,0,0,0
7,28,0,0.295021,0,0,0,0,0,0
8,28,0,0.269946,0,0,0,0,0,0
9,28,0,0.37082,0,0,0,0,0,0
10,28,0,0.390036,0,0,0,0,0,0
1,29,0,-0.102814,0,0,0,0,0,0
2,29,0,-0.0484319,0,0,0,0,0,0
3,29,0,-0.0585831,0,0,0,0,0,0
4,29,0,-0.134285,0,0,0,0,0,0
5,29,0,-0.092583,0,0,0,0,0,0
6,29,0,-0.0622843,0,0,0,0,0,0
7,29,0,-0.112029,0,0,0,0,0,0
8,29,0,-0.0770217,0,0,0,0,0,0
9,29,0,-0.0729116,0,0,0,0,0,0
10,29,0,-0.121178,0,0,0,0,0,0
1,30,0,0.481351,0,0,0,0,0,0
2,30,0,0.466778,0,0,0,0,0,0
3,30,0,0.43813,0,0,0,0,0,0
4,30,0,0.470425,0,0,0,0,0,0
5,30,0,0.449958,0,0,0,0,0,0
6,30,0,0.449624,0,0,0,0,0,0
7,30,0,0.487136,0,0,0,0,0,0
8,30,0,0.514895,0,0,0,0,0,0
9,30,0,0.469561,0,0,0,0,0,0
10,30,0,0.401009,0,0,0,0,0,0
1,31,0,0.106612,0,0,0,0,0,0
2,31,0,0.144454,0,0,0,0,0,0
3,31,0,0.197675,0,0,0,0,0,0
4,31,0,0.146691,0,0,0,0,0,0
5,31,0,0.130513,0,0,0,0,0,0
6,31,0,0.166684,0,0,0,0,0,0
7,31,0,0.152436,0,0,0,0,0,0
8,31,0,0.114064,0,0,0,0,0,0
9,31,0,0.173815,0,0,0,0,0,0
10,31,0,0.172504,0,0,0,0,0,0
1,32,0,-0.684194,0,0,0,0,0,0
2,32,0,-0.733363,0,0,0,0,0,0
3,32,0,-0.716958,0,0,0,0,0,0
4,32,0,-0.750217,0,0,0,0,0,0
5,32,0,-0.805047,0,0,0,0,0,0
6,32,0,-0.772341,0,0,0,0,0,0
7,32,0,-0.750685,0,0,0,0,0,0
8,32,0,-0.720646,0,0,0,0,0,0
9,32,0,-0.78448,0,0,0,0,0,0
10,32,0,-0.773979,0,0,0,0,0,0
1,33,0,0.130637,0,0,0,0,0,0
2,33,0,0.100469,0,0,0,0,0,0
3,33,0,0.098213,0,0,0,0,0,0
4,33,0,0.170601,0,0,0,0,0,0
5,33,0,0.0844623,0,0,0,0,0,0
6,33,0,0.112955,0,0,0,0,0,0
7,33,0,0.0832711,0,0,0,0,0,0
8,33,0,0.207941,0,0,0,0,0,0
9,33,0,0.0862593,0,0,0,0,0,0
10,33,0,0.155416,0,0,0,0,0,0
1,34,0,0.27675,0,0,0,0,0,0
2,34,0,0.281885,0,0,0,0,0,0
3,34,0,0.273482,0,0,0,0,0,0
4,34,0,0.308409,0,0,0,0,0,0
5,34,0,0.326584,0,0,0,0,0,0
6,34,0,0.255316,0,0,0,0,0,0
7,34,0,0.237671,0,0,0,0,0,0
8,34,0,0.388542,0,0,0,0,0,0
9,34,0,0.301694,0,0,0,0,0,0
10,34,0,0.287475,0,0,0,0,0,0
1,35,0,-0.338907,0,0,0,0,0,0
2,35,0,-0.373224,0,0,0,0,0,0
3,35,0,-0.385468,0,0,0,0,0,0
4,35,0,-0.377433,0,0,0,0,0,0
5,35,0,-0.347719,0,0,0,0,0,0
6,35,0,-0.32626,0,0,0,0,0,0
7,35,0,-0.353098,0,0,0,0,0,0
8,35,0,-0.357276,0,0,0,0,0,0
9,35,0,-0.282897,0,0,0,0,0,0
10,35,0,-0.339364,0,0,0,0,0,0
1,36,0,-0.483446,0,0,0,0,0,0
2,36,0,-0.455659,0,0,0,0,0,0
3,36,0,-0.442567,0,0,0,0,0,0
4,36,0,-0.455726,0,0,0,0,0,0
5,36,0,-0.451359,0,0,0,0,0,0
6,36,0,-0.43044,0,0,0,0,0,0
7,36,0,-0.480344,0,0,0,0,0,0
8,36,0,-0.456909,0,0,0,0,0,0
9,36,0,-0.488152,0,0,0,0,0,0
10,36,0,-0.477379,0,0,0,0,0,0
1,37,0,-0.189475,0,0,0,0,0,0
2,37,0,-0.253206,0,0,0,0,0,0
3,37,0,-0.189475,0,0,0,0,0,0
4,37,0,-0.176837,0,0,0,0,0,0
5,37,0,-0.206003,0,0,0,0,0,0
6,37,0,-0.18688,0,0,0,0,0,0
7,37,0,-0.200423,0,0,0,0,0,0
8,37,0,-0.183024,0,0,0,0,0,0
9,37,0,-0.20709,0,0,0,0,0,0
10,37,0,-0.186131,0,0,0,0,0,0
1,38,0,-0.329513,0,0,0,0,0,0
2,38,0,-0.311206,0,0,0,0,0,0
3,38,0,-0.221153,0,0,0,0,0,0
4,38,0,-0.242,0,0,0,0,0,0
5,38,0,-0.285775,0,0,0,0,0,0
6,38,0,-0.254665,0,0,0,0,0,0
7,38,0,-0.325948,0,0,0,0,0,0
8,38,0,-0.247614,0,0,0,0,0,0
9,38,0,-0.32034,0,0,0,0,0,0
10,38,0,-0.270121,0,0,0,0,0,0
1,39,0,-0.170684,0,0,0,0,0,0
2,39,0,-0.16624,0,0,0,0,0,0
3,39,0,-0.188123,0,0,0,0,0,0
4,39,0,-0.145717,0,0,0,0,0,0
5,39,0,-0.141753,0,0,0,0,0,0
6,39,0,-0.179785,0,0,0,0,0,0
7,39,0,-0.163798,0,0,0,0,0,0
8,39,0,-0.146222,0,0,0,0,0,0
9,39,0,-0.177858,0,0,0,0,0,0
10,39,0,-0.240687,0,0,0,0,0,0
1,40,0,0.415351,0,0,0,0,0,0
2,40,0,0.448465,0,0,0,0,0,0
3,40,0,0.50749,0,0,0,0,0,0
4,40,0,0.434657,0,0,0,0,0,0
5,40,0,0.466611,0,0,0,0,0,0
6,40,0,0.414392,0,0,0,0,0,0
7,40,0,0.471302,0,0,0,0,0,0
8,40,0,0.426397,0,0,0,0,0,0
9,40,0,0.383468,0,0,0,0,0,0
10,40,0,0.493069,0,0,0,0,0,0
1,41,0,0.0477935,0,0,0,0,0,0
2,41,0,-0.0100011,0,0,0,0,0,0
3,41,0,0.0477935,0,0,0,0,0,0
4,41,0,0.0587262,0,0,0,0,0,0
5,41,0,0.0476828,0,0,0,0,0,0
6,41,0,0.117422,0,0,0,0,0,0
7,41,0,0.0567443,0,0,0,0,0,0
8,41,0,0.0476772,0,0,0,0,0,0
9,41,0,0.0567443,0,0,0,0,0,0
10,41,0,0.121723,0,0,0,0,0,0
1,42,0,0.0982189,0,0,0,0,0,0
2,42,0,0.0833597,0,0,0,0,0,0
3,42,0,0.0887374,0,0,0,0,0,0
4,42,0,0.0833597,0,0,0,0,0,0
5,42,0,0.081057,0,0,0,0,0,0
6,42,0,0.0833597,0,0,0,0,0,0
7,42,0,0.0979403,0,0,0,0,0,0
8,42,0,0.101302,0,0,0,0,0,0
9,42,0,0.115293,0,0,0,0,0,0
10,42,0,0.101302,0,0,0,0,0,0
1,43,0,-0.123266,0,0,0,0,0,0
2,43,0,-0.218524,0,0,0,0,0,0
3,43,0,-0.198738,0,0,0,0,0,0
4,43,0,-0.232333,0,0,0,0,0,0
5,43,0,-0.184516,0,0,0,0,0,0
6,43,0,-0.184018,0,0,0,0,0,0
7,43,0,-0.195925,0,0,0,0,0,0
8,43,0,-0.193417,0,0,0,0,0,0
9,43,0,-0.241747,0,0,0,0,0,0
10,43,0,-0.189524,0,0,0,0,0,0
1,44,0,0.0632258,0,0,0,0,0,0
2,44,0,0.0846471,0,0,0,0,0,0
3,44,0,0.112384,0,0,0,0,0,0
4,44,0,0.0663952,0,0,0,0,0,0
5,44,0,0.112993,0,0,0,0,0,0
6,44,0,0.0867564,0,0,0,0,0,0
7,44,0,0.109586,0,0,0,0,0,0
8,44,0,0.0882137,0,0,0,0,0,0
9,44,0,0.115232,0,0,0,0,0,0
10,44,0,0.108137,0,0,0,0,0,0
1,45,0,-0.402705,0,0,0,0,0,0
2,45,0,-0.328642,0,0,0,0,0,0
3,45,0,-0.331797,0,0,0,0,0,0
4,45,0,-0.373468,0,0,0,0,0,0
5,45,0,-0.300483,0,0,0,0,0,0
6,45,0,-0.378499,0,0,0,0,0,0
7,45,0,-0.316577,0,0,0,0,0,0
8,45,0,-0.308004,0,0,0,0,0,0
9,45,0,-0.362946,0,0,0,0,0,0
10,45,0,-0.319731,0,0,0,0,0,0
