rep,id,eta_V,eta_Cl
1,1,0.766953,-0.626197
2,1,0.756973,-0.643705
3,1,0.794319,-0.659793
4,1,0.800431,-0.698795
5,1,0.756556,-0.605217
6,1,0.760485,-0.624618
7,1,0.738135,-0.638196
8,1,0.784544,-0.655332
9,1,0.698048,-0.569209
10,1,0.764842,-0.657965
1,2,0.610012,-0.0700453
2,2,0.600426,-0.0619471
3,2,0.631105,-0.068919
4,2,0.649566,-0.0419939
5,2,0.601666,-0.0465061
6,2,0.605618,-0.0769573
7,2,0.616189,-0.0538693
8,2,0.624666,-0.0342908
9,2,0.622063,-0.0435299
10,2,0.616987,-0.0553964
1,3,-0.48208,0.00962231
2,3,-0.467246,0.0274374
3,3,-0.476603,0.0202944
4,3,-0.446355,0.0355704
5,3,-0.436822,0.0483756
6,3,-0.507394,0.00041773
7,3,-0.453232,0.0377671
8,3,-0.51682,-0.00116169
9,3,-0.48268,0.0162202
10,3,-0.496386,0.010029
1,4,0.211277,0.169853
2,4,0.186564,0.155261
3,4,0.193065,0.165643
4,4,0.141998,0.146875
5,4,0.229323,0.18095
6,4,0.13776,0.123901
7,4,0.229987,0.172161
8,4,0.222553,0.163947
9,4,0.193036,0.157915
10,4,0.191621,0.16714
1,5,0.0546404,-0.584276
2,5,0.0998905,-0.591867
3,5,0.068866,-0.575012
4,5,0.124128,-0.54587
5,5,0.0593877,-0.58233
6,5,0.103859,-0.573808
7,5,0.0401894,-0.568235
8,5,0.0719249,-0.565787
9,5,0.0617275,-0.557287
10,5,0.0706538,-0.577904
1,6,-0.164194,0.313572
2,6,-0.151035,0.326312
3,6,-0.145845,0.324508
4,6,-0.156369,0.330159
5,6,-0.180667,0.308216
6,6,-0.203243,0.292042
7,6,-0.151551,0.325695
8,6,-0.227139,0.281896
9,6,-0.185194,0.310657
10,6,-0.181169,0.30321
1,7,-0.35231,0.468408
2,7,-0.334733,0.481478
3,7,-0.387717,0.444409
4,7,-0.334217,0.482088
5,7,-0.373086,0.459396
6,7,-0.325275,0.488317
7,7,-0.356879,0.465626
8,7,-0.330416,0.482504
9,7,-0.36413,0.461472
10,7,-0.34918,0.473328
1,8,0.204899,0.554025
2,8,0.205274,0.559236
3,8,0.26208,0.585706
4,8,0.249407,0.58731
5,8,0.252114,0.586798
6,8,0.245709,0.588596
7,8,0.243372,0.590621
8,8,0.234235,0.574059
9,8,0.217629,0.573456
10,8,0.22594,0.565032
1,9,0.0231901,-0.0801112
2,9,0.0318922,-0.0729579
3,9,0.0650417,-0.0551298
4,9,0.014841,-0.0605305
5,9,0.0406257,-0.0698637
6,9,0.0379343,-0.0576053
7,9,0.00772118,-0.0691784
8,9,-0.0123746,-0.0900379
9,9,-0.00450103,-0.0720454
10,9,0.0391922,-0.0672418
1,10,0.157927,-0.153408
2,10,0.135049,-0.171433
3,10,0.134307,-0.178763
4,10,0.119618,-0.187683
5,10,0.126812,-0.192385
6,10,0.141734,-0.152128
7,10,0.109897,-0.182725
8,10,0.129396,-0.155287
9,10,0.140626,-0.16017
10,10,0.156295,-0.167006
1,11,-0.340249,-0.470606
2,11,-0.346953,-0.477022
3,11,-0.357706,-0.478254
4,11,-0.310857,-0.4574
5,11,-0.328108,-0.462898
6,11,-0.318317,-0.445938
7,11,-0.336733,-0.473035
8,11,-0.363436,-0.458841
9,11,-0.358471,-0.461289
10,11,-0.321727,-0.473859
1,12,-0.103519,0.406572
2,12,-0.115813,0.399213
3,12,-0.0972317,0.416756
4,12,-0.127684,0.392458
5,12,-0.0955873,0.422751
6,12,-0.0880098,0.411885
7,12,-0.103109,0.410412
8,12,-0.117415,0.401914
9,12,-0.093505,0.420644
10,12,-0.08837,0.420055
1,13,-0.0752332,-0.519021
2,13,-0.141338,-0.537611
3,13,-0.0797429,-0.50459
4,13,-0.0436463,-0.544227
5,13,-0.079989,-0.509015
6,13,-0.105773,-0.501258
7,13,-0.0996358,-0.525994
8,13,-0.0806208,-0.554109
9,13,-0.0464929,-0.518217
10,13,-0.0739025,-0.540877
1,14,0.122111,-0.314958
2,14,0.103108,-0.342343
3,14,0.119421,-0.31768
4,14,0.105052,-0.346886
5,14,0.074762,-0.338081
6,14,0.0985119,-0.338277
7,14,0.0892445,-0.332553
8,14,0.096594,-0.346941
9,14,0.128904,-0.328189
10,14,0.0378203,-0.332324
1,15,0.182584,0.177411
2,15,0.186179,0.172808
3,15,0.179764,0.16538
4,15,0.217589,0.200676
5,15,0.210257,0.184542
6,15,0.186645,0.1725
7,15,0.187252,0.165403
8,15,0.21587,0.194932
9,15,0.208444,0.185349
10,15,0.202107,0.175038
1,16,0.512336,-0.0638896
2,16,0.50833,-0.0899879
3,16,0.52412,-0.0890786
4,16,0.531858,-0.0733392
5,16,0.487741,-0.0848756
6,16,0.52805,-0.0980001
7,16,0.516222,-0.0570521
8,16,0.53143,-0.0933145
9,16,0.562828,-0.0863006
10,16,0.496624,-0.0514194
1,17,-0.51095,0.0036012
2,17,-0.514529,-0.0104009
3,17,-0.501256,0.00684466
4,17,-0.459613,0.031898
5,17,-0.492347,0.0127964
6,17,-0.474503,0.0142929
7,17,-0.524682,-0.0058745
8,17,-0.48146,0.0110041
9,17,-0.514254,-0.00695275
10,17,-0.493343,0.00586868
1,18,0.190194,0.165369
2,18,0.17227,0.151263
3,18,0.161399,0.145862
4,18,0.14412,0.143597
5,18,0.140337,0.134501
6,18,0.166142,0.155594
7,18,0.18173,0.157726
8,18,0.181284,0.144819
9,18,0.151542,0.162498
10,18,0.11879,0.108722
1,19,0.161796,-0.528977
2,19,0.147305,-0.587497
3,19,0.162867,-0.567025
4,19,0.153446,-0.57515
5,19,0.15667,-0.56708
6,19,0.126849,-0.5826
7,19,0.138457,-0.597618
8,19,0.13006,-0.596312
9,19,0.0970516,-0.577747
10,19,0.159413,-0.617191
1,20,-0.155236,0.316426
2,20,-0.109774,0.346642
3,20,-0.162847,0.309446
4,20,-0.159688,0.304001
5,20,-0.146717,0.316175
6,20,-0.188185,0.294444
7,20,-0.167405,0.309053
8,20,-0.154024,0.320414
9,20,-0.152946,0.315874
10,20,-0.165339,0.314346
1,21,-0.411587,0.422101
2,21,-0.382293,0.44445
3,21,-0.319994,0.491166
4,21,-0.408329,0.428112
5,21,-0.330192,0.4911
6,21,-0.343163,0.471619
7,21,-0.348701,0.474734
8,21,-0.361905,0.460049
9,21,-0.347563,0.477327
10,21,-0.355093,0.474782
1,22,0.232208,0.571888
2,22,0.218364,0.563402
3,22,0.24328,0.576666
4,22,0.162512,0.519195
5,22,0.25441,0.576487
6,22,0.224008,0.564873
7,22,0.256591,0.590699
8,22,0.193215,0.541943
9,22,0.248645,0.581011
10,22,0.204775,0.545876
1,23,0.045498,-0.0755261
2,23,0.0586311,-0.0638509
3,23,0.0612012,-0.0637348
4,23,0.0282626,-0.0828788
5,23,0.0526339,-0.0591867
6,23,0.00419434,-0.0954324
7,23,0.016729,-0.0714698
8,23,0.0342509,-0.0655735
9,23,0.056197,-0.0663423
10,23,0.048644,-0.0648704
1,24,0.21161,-0.116393
2,24,0.244783,-0.112978
3,24,0.208048,-0.13531
4,24,0.156507,-0.146072
5,24,0.180829,-0.121691
6,24,0.190194,-0.106234
7,24,0.165624,-0.128913
8,24,0.187657,-0.13106
9,24,0.18029,-0.138136
10,24,0.169999,-0.14195
1,25,-0.332755,-0.463485
2,25,-0.335959,-0.461096
3,25,-0.295528,-0.424451
4,25,-0.292154,-0.436582
5,25,-0.325726,-0.446498
6,25,-0.370738,-0.460876
7,25,-0.364555,-0.452378
8,25,-0.385036,-0.485187
9,25,-0.366325,-0.464446
10,25,-0.380301,-0.476925
1,26,-0.0904722,0.427445
2,26,-0.0993399,0.41772
3,26,-0.0977937,0.433129
4,26,-0.0609097,0.455289
5,26,-0.067559,0.436054
6,26,-0.0517617,0.457373
7,26,-0.0855699,0.425505
8,26,-0.0721179,0.44413
9,26,-0.0601697,0.445407
10,26,-0.0379846,0.470679
1,27,-0.105826,-0.525779
2,27,-0.0791924,-0.534915
3,27,-0.123134,-0.536403
4,27,-0.0884787,-0.529823
5,27,-0.050929,-0.515374
6,27,-0.0811838,-0.538776
7,27,-0.0459649,-0.534411
8,27,-0.0462866,-0.522055
9,27,-0.0395462,-0.515631
10,27,-0.0900411,-0.501047
1,28,0.138348,-0.298969
2,28,0.117358,-0.316237
3,28,0.0550484,-0.322206
4,28,0.130283,-0.316828
5,28,0.105348,-0.322783
6,28,0.139301,-0.286547
7,28,0.132947,-0.29548
8,28,0.163957,-0.31223
9,28,0.125142,-0.300842
10,28,0.158868,-0.315533
1,29,0.169146,0.201538
2,29,0.160357,0.197047
3,29,0.124984,0.169989
4,29,0.16949,0.203395
5,29,0.18147,0.203638
6,29,0.159371,0.184078
7,29,0.156048,0.190325
8,29,0.142893,0.166492
9,29,0.165245,0.197818
10,29,0.169063,0.195748
1,30,-0.118422,0.252693
2,30,-0.127412,0.255177
3,30,-0.120055,0.253401
4,30,-0.146422,0.245698
5,30,-0.158341,0.236518
6,30,-0.105594,0.259894
7,30,-0.151176,0.229696
8,30,-0.177981,0.21991
9,30,-0.149999,0.244559
10,30,-0.101881,0.27343
1,31,-0.445941,0.0291575
2,31,-0.385817,0.0815075
3,31,-0.424483,0.0449956
4,31,-0.44392,0.0392371
5,31,-0.434784,0.043876
6,31,-0.432415,0.0548014
7,31,-0.390247,0.0740952
8,31,-0.454184,0.0286235
9,31,-0.419465,0.0583671
10,31,-0.439316,0.0473971
1,32,0.221449,0.160337
2,32,0.227869,0.171098
3,32,0.176638,0.150675
4,32,0.222028,0.162935
5,32,0.232341,0.173611
6,32,0.22254,0.151602
7,32,0.256828,0.180435
8,32,0.220045,0.16542
9,32,0.264332,0.194577
10,32,0.248436,0.174792
1,33,0.151048,-0.555241
2,33,0.155274,-0.540056
3,33,0.165278,-0.572656
4,33,0.105332,-0.549178
5,33,0.167256,-0.556831
6,33,0.152207,-0.538556
7,33,0.153784,-0.542303
8,33,0.132428,-0.54732
9,33,0.175357,-0.537598
10,33,0.128532,-0.530948
1,34,-0.261638,0.255969
2,34,-0.227293,0.274988
3,34,-0.20093,0.299366
4,34,-0.238461,0.271151
5,34,-0.197883,0.299859
6,34,-0.218664,0.286472
7,34,-0.221742,0.292922
8,34,-0.219723,0.28602
9,34,-0.242562,0.27271
10,34,-0.19263,0.304136
1,35,-0.343114,0.474259
2,35,-0.290502,0.518864
3,35,-0.31278,0.50066
4,35,-0.288605,0.518949
5,35,-0.309176,0.499811
6,35,-0.309677,0.503995
7,35,-0.295372,0.508796
8,35,-0.338267,0.478846
9,35,-0.317207,0.488731
10,35,-0.348796,0.471628
1,36,0.314888,0.621975
2,36,0.292551,0.606069
3,36,0.311661,0.613709
4,36,0.317301,0.621837
5,36,0.306485,0.622015
6,36,0.293814,0.606212
7,36,0.330227,0.623552
8,36,0.300999,0.60653
9,36,0.347541,0.646399
10,36,0.323968,0.617499
1,37,0.00805621,-0.0930307
2,37,0.074493,-0.0500212
3,37,0.0282535,-0.065188
4,37,0.0490747,-0.0490924
5,37,0.0285925,-0.0738219
6,37,0.000107814,-0.0862675
7,37,0.0273757,-0.0785159
8,37,-0.00513557,-0.0898166
9,37,0.0577625,-0.0698779
10,37,0.0108729,-0.0899606
1,38,0.178773,-0.155731
2,38,0.133109,-0.184656
3,38,0.237388,-0.129403
4,38,0.226579,-0.145644
5,38,0.152159,-0.169488
6,38,0.217466,-0.14134
7,38,0.177541,-0.16038
8,38,0.203275,-0.14573
9,38,0.157335,-0.171511
10,38,0.219487,-0.165323
1,39,-0.287694,-0.434578
2,39,-0.357533,-0.434966
3,39,-0.315695,-0.452951
4,39,-0.29379,-0.426313
5,39,-0.290224,-0.43428
6,39,-0.322149,-0.457818
7,39,-0.313168,-0.453285
8,39,-0.308252,-0.44512
9,39,-0.310274,-0.425105
10,39,-0.325862,-0.43643
1,40,-0.0906743,0.421389
2,40,-0.0884081,0.41456
3,40,-0.105214,0.410238
4,40,-0.0957852,0.412882
5,40,-0.0964441,0.409565
6,40,-0.10685,0.396248
7,40,-0.113789,0.400555
8,40,-0.128022,0.386095
9,40,-0.146677,0.380914
10,40,-0.122307,0.392437
1,41,-0.00211589,-0.525147
2,41,-0.052309,-0.510628
3,41,-0.0399165,-0.516249
4,41,-0.0566442,-0.508548
5,41,-0.0448382,-0.511654
6,41,-0.0371124,-0.518275
7,41,-0.0457062,-0.507191
8,41,0.00240434,-0.501283
9,41,-0.0113348,-0.481613
10,41,-0.0204018,-0.494558
1,42,0.0625056,-0.340936
2,42,0.0816492,-0.333465
3,42,0.0670562,-0.334491
4,42,0.0595912,-0.33557
5,42,0.0509034,-0.348808
6,42,-0.0307522,-0.346948
7,42,0.0188228,-0.338994
8,42,0.0230627,-0.340137
9,42,0.049534,-0.340384
10,42,0.0314575,-0.328696
1,43,0.211708,0.197668
2,43,0.16306,0.174635
3,43,0.241205,0.22249
4,43,0.235029,0.213562
5,43,0.193103,0.173423
6,43,0.197737,0.183353
7,43,0.243693,0.208214
8,43,0.188336,0.186324
9,43,0.225245,0.199272
10,43,0.222864,0.203119
1,44,-0.132208,0.25486
2,44,-0.209328,0.204789
3,44,-0.146908,0.250371
4,44,-0.180538,0.234741
5,44,-0.142959,0.249011
6,44,-0.171881,0.236766
7,44,-0.121553,0.261241
8,44,-0.168975,0.238878
9,44,-0.179045,0.233794
10,44,-0.181453,0.228359
1,45,-0.349914,0.0931554
2,45,-0.294751,0.121661
3,45,-0.322929,0.105555
4,45,-0.305462,0.102353
5,45,-0.314792,0.109021
6,45,-0.302681,0.117489
7,45,-0.303874,0.106021
8,45,-0.342669,0.0869504
9,45,-0.318537,0.112674
10,45,-0.349965,0.0840941
