rep,id,Cl,V1,Q,V2,S,R0,gamma,MTT
1,1,2.819,0.407526,2.34107,4.95029,20.3786,983.404,0.431738,84.7817
2,1,2.819,0.397405,2.34107,4.95029,20.3786,983.404,0.431738,84.7817
3,1,2.819,0.395124,2.34107,4.95029,20.3786,983.404,0.431738,84.7817
4,1,2.819,0.374255,2.34107,4.95029,20.3786,983.404,0.431738,84.7817
5,1,2.819,0.384259,2.34107,4.95029,20.3786,983.404,0.431738,84.7817
6,1,2.819,0.397983,2.34107,4.95029,20.3786,983.404,0.431738,84.7817
7,1,2.819,0.38695,2.34107,4.95029,20.3786,983.404,0.431738,84.7817
8,1,2.819,0.397251,2.34107,4.95029,20.3786,983.404,0.431738,84.7817
9,1,2.819,0.391816,2.34107,4.95029,20.3786,983.404,0.431738,84.7817
10,1,2.819,0.410621,2.34107,4.95029,20.3786,983.404,0.431738,84.7817
1,2,2.819,0.535368,2.34107,4.95029,20.3786,983.404,0.431738,84.7817
2,2,2.819,0.525334,2.34107,4.95029,20.3786,983.404,0.431738,84.7817
3,2,2.819,0.496841,2.34107,4.95029,20.3786,983.404,0.431738,84.7817
4,2,2.819,0.525334,2.34107,4.95029,20.3786,983.404,0.431738,84.7817
5,2,2.819,0.522254,2.34107,4.95029,20.3786,983.404,0.431738,84.7817
6,2,2.819,0.524917,2.34107,4.95029,20.3786,983.404,0.431738,84.7817
7,2,2.819,0.530783,2.34107,4.95029,20.3786,983.404,0.431738,84.7817
8,2,2.819,0.52347,2.34107,4.95029,20.3786,983.404,0.431738,84.7817
9,2,2.819,0.525552,2.34107,4.95029,20.3786,983.404,0.431738,84.7817
10,2,2.819,0.524155,2.34107,4.95029,20.3786,983.404,0.431738,84.7817
1,3,2.819,0.954162,2.34107,4.95029,20.3786,983.404,0.431738,84.7817
2,3,2.819,0.960657,2.34107,4.95029,20.3786,983.404,0.431738,84.7817
3,3,2.819,0.962399,2.34107,4.95029,20.3786,983.404,0.431738,84.7817
4,3,2.819,0.920646,2.34107,4.95029,20.3786,983.404,0.431738,84.7817
5,3,2.819,0.943612,2.34107,4.95029,20.3786,983.404,0.431738,84.7817
6,3,2.819,0.941127,2.34107,4.95029,20.3786,983.404,0.431738,84.7817
7,3,2.819,0.974033,2.34107,4.95029,20.3786,983.404,0.431738,84.7817
8,3,2.819,0.983893,2.34107,4.95029,20.3786,983.404,0.431738,84.7817
9,3,2.819,0.948512,2.34107,4.95029,20.3786,983.404,0.431738,84.7817
10,3,2.819,0.9308,2.34107,4.95029,20.3786,983.404,0.431738,84.7817
1,4,2.819,0.728998,2.34107,4.95029,20.3786,983.404,0.431738,84.7817
2,4,2.819,0.662269,2.34107,4.95029,20.3786,983.404,0.431738,84.7817
3,4,2.819,0.722339,2.34107,4.95029,20.3786,983.404,0.431738,84.7817
4,4,2.819,0.705724,2.34107,4.95029,20.3786,983.404,0.431738,84.7817
5,4,2.819,0.681593,2.34107,4.95029,20.3786,983.404,0.431738,84.7817
6,4,2.819,0.733893,2.34107,4.95029,20.3786,983.404,0.431738,84.7817
7,4,2.819,0.746964,2.34107,4.95029,20.3786,983.404,0.431738,84.7817
8,4,2.819,0.758238,2.34107,4.95029,20.3786,983.404,0.431738,84.7817
9,4,2.819,0.739864,2.34107,4.95029,20.3786,983.404,0.431738,84.7817
10,4,2.819,0.705713,2.34107,4.95029,20.3786,983.404,0.431738,84.7817
1,5,2.819,1.14105,2.34107,4.95029,20.3786,983.404,0.431738,84.7817
2,5,2.819,1.17192,2.34107,4.95029,20.3786,983.404,0.431738,84.7817
3,5,2.819,1.19427,2.34107,4.95029,20.3786,983.404,0.431738,84.7817
4,5,2.819,1.13943,2.34107,4.95029,20.3786,983.404,0.431738,84.7817
5,5,2.819,1.15016,2.34107,4.95029,20.3786,983.404,0.431738,84.7817
6,5,2.819,1.10606,2.34107,4.95029,20.3786,983.404,0.431738,84.7817
7,5,2.819,1.15288,2.34107,4.95029,20.3786,983.404,0.431738,84.7817
8,5,2.819,1.1577,2.34107,4.95029,20.3786,983.404,0.431738,84.7817
9,5,2.819,1.15115,2.34107,4.95029,20.3786,983.404,0.431738,84.7817
10,5,2.819,1.14931,2.34107,4.95029,20.3786,983.404,0.431738,84.7817
1,6,2.819,1.03173,2.34107,4.95029,20.3786,983.404,0.431738,84.7817
2,6,2.819,0.9698,2.34107,4.95029,20.3786,983.404,0.431738,84.7817
3,6,2.819,0.984712,2.34107,4.95029,20.3786,983.404,0.431738,84.7817
4,6,2.819,1.00152,2.34107,4.95029,20.3786,983.404,0.431738,84.7817
5,6,2.819,0.991672,2.34107,4.95029,20.3786,983.404,0.431738,84.7817
6,6,2.819,1.0138,2.34107,4.95029,20.3786,983.404,0.431738,84.7817
7,6,2.819,1.04092,2.34107,4.95029,20.3786,983.404,0.431738,84.7817
8,6,2.819,1.00351,2.34107,4.95029,20.3786,983.404,0.431738,84.7817
9,6,2.819,1.02162,2.34107,4.95029,20.3786,983.404,0.431738,84.7817
10,6,2.819,1.01982,2.34107,4.95029,20.3786,983.404,0.431738,84.7817
1,7,2.819,0.721839,2.34107,4.95029,20.3786,983.404,0.431738,84.7817
2,7,2.819,0.76904,2.34107,4.95029,20.3786,983.404,0.431738,84.7817
3,7,2.819,0.718006,2.34107,4.95029,20.3786,983.404,0.431738,84.7817
4,7,2.819,0.720622,2.34107,4.95029,20.3786,983.404,0.431738,84.7817
5,7,2.819,0.732393,2.34107,4.95029,20.3786,983.404,0.431738,84.7817
6,7,2.819,0.695436,2.34107,4.95029,20.3786,983.404,0.431738,84.7817
7,7,2.819,0.759818,2.34107,4.95029,20.3786,983.404,0.431738,84.7817
8,7,2.819,0.726702,2.34107,4.95029,20.3786,983.404,0.431738,84.7817
9,7,2.819,0.73194,2.34107,4.95029,20.3786,983.404,0.431738,84.7817
10,7,2.819,0.72252,2.34107,4.95029,20.3786,983.404,0.431738,84.7817
1,8,2.819,1.09396,2.34107,4.95029,20.3786,983.404,0.431738,84.7817
2,8,2.819,0.988794,2.34107,4.95029,20.3786,983.404,0.431738,84.7817
3,8,2.819,0.98591,2.34107,4.95029,20.3786,983.404,0.431738,84.7817
4,8,2.819,1.04618,2.34107,4.95029,20.3786,983.404,0.431738,84.7817
5,8,2.819,1.07712,2.34107,4.95029,20.3786,983.404,0.431738,84.7817
6,8,2.819,1.04771,2.34107,4.95029,20.3786,983.404,0.431738,84.7817
7,8,2.819,1.05353,2.34107,4.95029,20.3786,983.404,0.431738,84.7817
8,8,2.819,0.994923,2.34107,4.95029,20.3786,983.404,0.431738,84.7817
9,8,2.819,1.00222,2.34107,4.95029,20.3786,983.404,0.431738,84.7817
10,8,2.819,1.02705,2.34107,4.95029,20.3786,983.404,0.431738,84.7817
1,9,2.819,0.854277,2.34107,4.95029,20.3786,983.404,0.431738,84.7817
2,9,2.819,0.804457,2.34107,4.95029,20.3786,983.404,0.431738,84.7817
3,9,2.819,0.934284,2.34107,4.95029,20.3786,983.404,0.431738,84.7817
4,9,2.819,0.852197,2.34107,4.95029,20.3786,983.404,0.431738,84.7817
5,9,2.819,0.830797,2.34107,4.95029,20.3786,983.404,0.431738,84.7817
6,9,2.819,0.872412,2.34107,4.95029,20.3786,983.404,0.431738,84.7817
7,9,2.819,0.90111,2.34107,4.95029,20.3786,983.404,0.431738,84.7817
8,9,2.819,0.902299,2.34107,4.95029,20.3786,983.404,0.431738,84.7817
9,9,2.819,0.935139,2.34107,4.95029,20.3786,983.404,0.431738,84.7817
10,9,2.819,0.815231,2.34107,4.95029,20.3786,983.404,0.431738,84.7817
1,10,2.819,0.936485,2.34107,4.95029,20.3786,983.404,0.431738,84.7817
2,10,2.819,0.909748,2.34107,4.95029,20.3786,983.404,0.431738,84.7817
3,10,2.819,0.918122,2.34107,4.95029,20.3786,983.404,0.431738,84.7817
4,10,2.819,0.951347,2.34107,4.95029,20.3786,983.404,0.431738,84.7817
5,10,2.819,0.950746,2.34107,4.95029,20.3786,983.404,0.431738,84.7817
6,10,2.819,0.907994,2.34107,4.95029,20.3786,983.404,0.431738,84.7817
7,10,2.819,0.969834,2.34107,4.95029,20.3786,983.404,0.431738,84.7817
8,10,2.819,0.88881,2.34107,4.95029,20.3786,983.404,0.431738,84.7817
9,10,2.819,0.942167,2.34107,4.95029,20.3786,983.404,0.431738,84.7817
10,10,2.819,0.939993,2.34107,4.95029,20.3786,983.404,0.431738,84.7817
1,11,2.819,1.31135,2.34107,4.95029,20.3786,983.404,0.431738,84.7817
2,11,2.819,1.31758,2.34107,4.95029,20.3786,983.404,0.431738,84.7817
3,11,2.819,1.33577,2.34107,4.95029,20.3786,983.404,0.431738,84.7817
4,11,2.819,1.37909,2.34107,4.95029,20.3786,983.404,0.431738,84.7817
5,11,2.819,1.36551,2.34107,4.95029,20.3786,983.404,0.431738,84.7817
6,11,2.819,1.31712,2.34107,4.95029,20.3786,983.404,0.431738,84.7817
7,11,2.819,1.22013,2.34107,4.95029,20.3786,983.404,0.431738,84.7817
8,11,2.819,1.28884,2.34107,4.95029,20.3786,983.404,0.431738,84.7817
9,11,2.819,1.27411,2.34107,4.95029,20.3786,983.404,0.431738,84.7817
10,11,2.819,1.31067,2.34107,4.95029,20.3786,983.404,0.431738,84.7817
1,12,2.819,0.608338,2.34107,4.95029,20.3786,983.404,0.431738,84.7817
2,12,2.819,0.57669,2.34107,4.95029,20.3786,983.404,0.431738,84.7817
3,12,2.819,0.552892,2.34107,4.95029,20.3786,983.404,0.431738,84.7817
4,12,2.819,0.614426,2.34107,4.95029,20.3786,983.404,0.431738,84.7817
5,12,2.819,0.601216,2.34107,4.95029,20.3786,983.404,0.431738,84.7817
6,12,2.819,0.57831,2.34107,4.95029,20.3786,983.404,0.431738,84.7817
7,12,2.819,0.591697,2.34107,4.95029,20.3786,983.404,0.431738,84.7817
8,12,2.819,0.582674,2.34107,4.95029,20.3786,983.404,0.431738,84.7817
9,12,2.819,0.613019,2.34107,4.95029,20.3786,983.404,0.431738,84.7817
10,12,2.819,0.610854,2.34107,4.95029,20.3786,983.404,0.431738,84.7817
1,13,2.819,0.557631,2.34107,4.95029,20.3786,983.404,0.431738,84.7817
2,13,2.819,0.576245,2.34107,4.95029,20.3786,983.404,0.431738,84.7817
3,13,2.819,0.596661,2.34107,4.95029,20.3786,983.404,0.431738,84.7817
4,13,2.819,0.559169,2.34107,4.95029,20.3786,983.404,0.431738,84.7817
5,13,2.819,0.573577,2.34107,4.95029,20.3786,983.404,0.431738,84.7817
6,13,2.819,0.5861,2.34107,4.95029,20.3786,983.404,0.431738,84.7817
7,13,2.819,0.581935,2.34107,4.95029,20.3786,983.404,0.431738,84.7817
8,13,2.819,0.585337,2.34107,4.95029,20.3786,983.404,0.431738,84.7817
9,13,2.819,0.564296,2.34107,4.95029,20.3786,983.404,0.431738,84.7817
10,13,2.819,0.54141,2.34107,4.95029,20.3786,983.404,0.431738,84.7817
1,14,2.819,0.655965,2.34107,4.95029,20.3786,983.404,0.431738,84.7817
2,14,2.819,0.662206,2.34107,4.95029,20.3786,983.404,0.431738,84.7817
3,14,2.819,0.61477,2.34107,4.95029,20.3786,983.404,0.431738,84.7817
4,14,2.819,0.62657,2.34107,4.95029,20.3786,983.404,0.431738,84.7817
5,14,2.819,0.622318,2.34107,4.95029,20.3786,983.404,0.431738,84.7817
6,14,2.819,0.683864,2.34107,4.95029,20.3786,983.404,0.431738,84.7817
7,14,2.819,0.675506,2.34107,4.95029,20.3786,983.404,0.431738,84.7817
8,14,2.819,0.648783,2.34107,4.95029,20.3786,983.404,0.431738,84.7817
9,14,2.819,0.678525,2.34107,4.95029,20.3786,983.404,0.431738,84.7817
10,14,2.819,0.648374,2.34107,4.95029,20.3786,983.404,0.431738,84.7817
1,15,2.819,0.656581,2.34107,4.95029,20.3786,983.404,0.431738,84.7817
2,15,2.819,0.63674,2.34107,4.95029,20.3786,983.404,0.431738,84.7817
3,15,2.819,0.644333,2.34107,4.95029,20.3786,983.404,0.431738,84.7817
4,15,2.819,0.638929,2.34107,4.95029,20.3786,983.404,0.431738,84.7817
5,15,2.819,0.629026,2.34107,4.95029,20.3786,983.404,0.431738,84.7817
6,15,2.819,0.670585,2.34107,4.95029,20.3786,983.404,0.431738,84.7817
7,15,2.819,0.704659,2.34107,4.95029,20.3786,983.404,0.431738,84.7817
8,15,2.819,0.623993,2.34107,4.95029,20.3786,983.404,0.431738,84.7817
9,15,2.819,0.631929,2.34107,4.95029,20.3786,983.404,0.431738,84.7817
10,15,2.819,0.668079,2.34107,4.95029,20.3786,983.404,0.431738,84.7817
1,16,2.819,0.623885,2.34107,4.95029,20.3786,983.404,0.431738,84.7817
2,16,2.819,0.618326,2.34107,4.95029,20.3786,983.404,0.431738,84.7817
3,16,2.819,0.613954,2.34107,4.95029,20.3786,983.404,0.431738,84.7817
4,16,2.819,0.626549,2.34107,4.95029,20.3786,983.404,0.431738,84.7817
5,16,2.819,0.634829,2.34107,4.95029,20.3786,983.404,0.431738,84.7817
6,16,2.819,0.607841,2.34107,4.95029,20.3786,983.404,0.431738,84.7817
7,16,2.819,0.617784,2.34107,4.95029,20.3786,983.404,0.431738,84.7817
8,16,2.819,0.584562,2.34107,4.95029,20.3786,983.404,0.431738,84.7817
9,16,2.819,0.618067,2.34107,4.95029,20.3786,983.404,0.431738,84.7817
10,16,2.819,0.588175,2.34107,4.95029,20.3786,983.404,0.431738,84.7817
1,17,2.819,0.502105,2.34107,4.95029,20.3786,983.404,0.431738,84.7817
2,17,2.819,0.497661,2.34107,4.95029,20.3786,983.404,0.431738,84.7817
3,17,2.819,0.479952,2.34107,4.95029,20.3786,983.404,0.431738,84.7817
4,17,2.819,0.474882,2.34107,4.95029,20.3786,983.404,0.431738,84.7817
5,17,2.819,0.49068,2.34107,4.95029,20.3786,983.404,0.431738,84.7817
6,17,2.819,0.471555,2.34107,4.95029,20.3786,983.404,0.431738,84.7817
7,17,2.819,0.504121,2.34107,4.95029,20.3786,983.404,0.431738,84.7817
8,17,2.819,0.51296,2.34107,4.95029,20.3786,983.404,0.431738,84.7817
9,17,2.819,0.516828,2.34107,4.95029,20.3786,983.404,0.431738,84.7817
10,17,2.819,0.499869,2.34107,4.95029,20.3786,983.404,0.431738,84.7817
1,18,2.819,0.618251,2.34107,4.95029,20.3786,983.404,0.431738,84.7817
2,18,2.819,0.648571,2.34107,4.95029,20.3786,983.404,0.431738,84.7817
3,18,2.819,0.63676,2.34107,4.95029,20.3786,983.404,0.431738,84.7817
4,18,2.819,0.649253,2.34107,4.95029,20.3786,983.404,0.431738,84.7817
5,18,2.819,0.632514,2.34107,4.95029,20.3786,983.404,0.431738,84.7817
6,18,2.819,0.647415,2.34107,4.95029,20.3786,983.404,0.431738,84.7817
7,18,2.819,0.634808,2.34107,4.95029,20.3786,983.404,0.431738,84.7817
8,18,2.819,0.655353,2.34107,4.95029,20.3786,983.404,0.431738,84.7817
9,18,2.819,0.650164,2.34107,4.95029,20.3786,983.404,0.431738,84.7817
10,18,2.819,0.662171,2.34107,4.95029,20.3786,983.404,0.431738,84.7817
1,19,2.819,0.973695,2.34107,4.95029,20.3786,983.404,0.431738,84.7817
2,19,2.819,0.929046,2.34107,4.95029,20.3786,983.404,0.431738,84.7817
3,19,2.819,0.964093,2.34107,4.95029,20.3786,983.404,0.431738,84.7817
4,19,2.819,0.969687,2.34107,4.95029,20.3786,983.404,0.431738,84.7817
5,19,2.819,0.915814,2.34107,4.95029,20.3786,983.404,0.431738,84.7817
6,19,2.819,0.945471,2.34107,4.95029,20.3786,983.404,0.431738,84.7817
7,19,2.819,0.959751,2.34107,4.95029,20.3786,983.404,0.431738,84.7817
8,19,2.819,0.970883,2.34107,4.95029,20.3786,983.404,0.431738,84.7817
9,19,2.819,0.956254,2.34107,4.95029,20.3786,983.404,0.431738,84.7817
10,19,2.819,0.9548,2.34107,4.95029,20.3786,983.404,0.431738,84.7817
1,20,2.819,0.468676,2.34107,4.95029,20.3786,983.404,0.431738,84.7817
2,20,2.819,0.5266,2.34107,4.95029,20.3786,983.404,0.431738,84.7817
3,20,2.819,0.458283,2.34107,4.95029,20.3786,983.404,0.431738,84.7817
4,20,2.819,0.521268,2.34107,4.95029,20.3786,983.404,0.431738,84.7817
5,20,2.819,0.448397,2.34107,4.95029,20.3786,983.404,0.431738,84.7817
6,20,2.819,0.480482,2.34107,4.95029,20.3786,983.404,0.431738,84.7817
7,20,2.819,0.502731,2.34107,4.95029,20.3786,983.404,0.431738,84.7817
8,20,2.819,0.481368,2.34107,4.95029,20.3786,983.404,0.431738,84.7817
9,20,2.819,0.479344,2.34107,4.95029,20.3786,983.404,0.431738,84.7817
10,20,2.819,0.502926,2.34107,4.95029,20.3786,983.404,0.431738,84.7817
1,21,2.819,0.793218,2.34107,4.95029,20.3786,983.404,0.431738,84.7817
2,21,2.819,0.852319,2.34107,4.95029,20.3786,983.404,0.431738,84.7817
3,21,2.819,0.80758,2.34107,4.95029,20.3786,983.404,0.431738,84.7817
4,21,2.819,0.837706,2.34107,4.95029,20.3786,983.404,0.431738,84.7817
5,21,2.819,0.78699,2.34107,4.95029,20.3786,983.404,0.431738,84.7817
6,21,2.819,0.784384,2.34107,4.95029,20.3786,983.404,0.431738,84.7817
7,21,2.819,0.790797,2.34107,4.95029,20.3786,983.404,0.431738,84.7817
8,21,2.819,0.801187,2.34107,4.95029,20.3786,983.404,0.431738,84.7817
9,21,2.819,0.785536,2.34107,4.95029,20.3786,983.404,0.431738,84.7817
10,21,2.819,0.773314,2.34107,4.95029,20.3786,983.404,0.431738,84.7817
1,22,2.819,0.505698,2.34107,4.95029,20.3786,983.404,0.431738,84.7817
2,22,2.819,0.477976,2.34107,4.95029,20.3786,983.404,0.431738,84.7817
3,22,2.819,0.483579,2.34107,4.95029,20.3786,983.404,0.431738,84.7817
4,22,2.819,0.435292,2.34107,4.95029,20.3786,983.404,0.431738,84.7817
5,22,2.819,0.472492,2.34107,4.95029,20.3786,983.404,0.431738,84.7817
6,22,2.819,0.445718,2.34107,4.95029,20.3786,983.404,0.431738,84.7817
7,22,2.819,0.469794,2.34107,4.95029,20.3786,983.404,0.431738,84.7817
8,22,2.819,0.447089,2.34107,4.95029,20.3786,983.404,0.431738,84.7817
9,22,2.819,0.472805,2.34107,4.95029,20.3786,983.404,0.431738,84.7817
10,22,2.819,0.497822,2.34107,4.95029,20.3786,983.404,0.431738,84.7817
1,23,2.819,1.31415,2.34107,4.95029,20.3786,983.404,0.431738,84.7817
2,23,2.819,1.24916,2.34107,4.95029,20.3786,983.404,0.431738,84.7817
3,23,2.819,1.18071,2.34107,4.95029,20.3786,983.404,0.431738,84.7817
4,23,2.819,1.19685,2.34107,4.95029,20.3786,983.404,0.431738,84.7817
5,23,2.819,1.15392,2.34107,4.95029,20.3786,983.404,0.431738,84.7817
6,23,2.819,1.1989,2.34107,4.95029,20.3786,983.404,0.431738,84.7817
7,23,2.819,1.24923,2.34107,4.95029,20.3786,983.404,0.431738,84.7817
8,23,2.819,1.19371,2.34107,4.95029,20.3786,983.404,0.431738,84.7817
9,23,2.819,1.20276,2.34107,4.95029,20.3786,983.404,0.431738,84.7817
10,23,2.819,1.21841,2.34107,4.95029,20.3786,983.404,0.431738,84.7817
1,24,2.819,0.757407,2.34107,4.95029,20.3786,983.404,0.431738,84.7817
2,24,2.819,0.739899,2.34107,4.95029,20.3786,983.404,0.431738,84.7817
3,24,2.819,0.767006,2.34107,4.95029,20.3786,983.404,0.431738,84.7817
4,24,2.819,0.740035,2.34107,4.95029,20.3786,983.404,0.431738,84.7817
5,24,2.819,0.752969,2.34107,4.95029,20.3786,983.404,0.431738,84.7817
6,24,2.819,0.701985,2.34107,4.95029,20.3786,983.404,0.431738,84.7817
7,24,2.819,0.734581,2.34107,4.95029,20.3786,983.404,0.431738,84.7817
8,24,2.819,0.72408,2.34107,4.95029,20.3786,983.404,0.431738,84.7817
9,24,2.819,0.838314,2.34107,4.95029,20.3786,983.404,0.431738,84.7817
10,24,2.819,0.730657,2.34107,4.95029,20.3786,983.404,0.431738,84.7817
1,25,2.819,0.658221,2.34107,4.95029,20.3786,983.404,0.431738,84.7817
2,25,2.819,0.665695,2.34107,4.95029,20.3786,983.404,0.431738,84.7817
3,25,2.819,0.627812,2.34107,4.95029,20.3786,983.404,0.431738,84.7817
4,25,2.819,0.600555,2.34107,4.95029,20.3786,983.404,0.431738,84.7817
5,25,2.819,0.677956,2.34107,4.95029,20.3786,983.404,0.431738,84.7817
6,25,2.819,0.66253,2.34107,4.95029,20.3786,983.404,0.431738,84.7817
7,25,2.819,0.690308,2.34107,4.95029,20.3786,983.404,0.431738,84.7817
8,25,2.819,0.678509,2.34107,4.95029,20.3786,983.404,0.431738,84.7817
9,25,2.819,0.656346,2.34107,4.95029,20.3786,983.404,0.431738,84.7817
10,25,2.819,0.600064,2.34107,4.95029,20.3786,983.404,0.431738,84.7817
1,26,2.819,0.545944,2.34107,4.95029,20.3786,983.404,0.431738,84.7817
2,26,2.819,0.519031,2.34107,4.95029,20.3786,983.404,0.431738,84.7817
3,26,2.819,0.548739,2.34107,4.95029,20.3786,983.404,0.431738,84.7817
4,26,2.819,0.572248,2.34107,4.95029,20.3786,983.404,0.431738,84.7817
5,26,2.819,0.518968,2.34107,4.95029,20.3786,983.404,0.431738,84.7817
6,26,2.819,0.556359,2.34107,4.95029,20.3786,983.404,0.431738,84.7817
7,26,2.819,0.549038,2.34107,4.95029,20.3786,983.404,0.431738,84.7817
8,26,2.819,0.526344,2.34107,4.95029,20.3786,983.404,0.431738,84.7817
9,26,2.819,0.546773,2.34107,4.95029,20.3786,983.404,0.431738,84.7817
10,26,2.819,0.54854,2.34107,4.95029,20.3786,983.404,0.431738,84.7817
1,27,2.819,0.590665,2.34107,4.95029,20.3786,983.404,0.431738,84.7817
2,27,2.819,0.594603,2.34107,4.95029,20.3786,983.404,0.431738,84.7817
3,27,2.819,0.600081,2.34107,4.95029,20.3786,983.404,0.431738,84.7817
4,27,2.819,0.591458,2.34107,4.95029,20.3786,983.404,0.431738,84.7817
5,27,2.819,0.572764,2.34107,4.95029,20.3786,983.404,0.431738,84.7817
6,27,2.819,0.571314,2.34107,4.95029,20.3786,983.404,0.431738,84.7817
7,27,2.819,0.584561,2.34107,4.95029,20.3786,983.404,0.431738,84.7817
8,27,2.819,0.58144,2.34107,4.95029,20.3786,983.404,0.431738,84.7817
9,27,2.819,0.644924,2.34107,4.95029,20.3786,983.404,0.431738,84.7817
10,27,2.819,0.6425,2.34107,4.95029,20.3786,983.404,0.431738,84.7817
1,28,2.819,0.918032,2.34107,4.95029,20.3786,983.404,0.431738,84.7817
2,28,2.819,0.934511,2.34107,4.95029,20.3786,983.404,0.431738,84.7817
3,28,2.819,0.925388,2.34107,4.95029,20.3786,983.404,0.431738,84.7817
4,28,2.819,0.961126,2.34107,4.95029,20.3786,983.404,0.431738,84.7817
5,28,2.819,0.891695,2.34107,4.95029,20.3786,983.404,0.431738,84.7817
6,28,2.819,0.960416,2.34107,4.95029,20.3786,983.404,0.431738,84.7817
7,28,2.819,0.894316,2.34107,4.95029,20.3786,983.404,0.431738,84.7817
8,28,2.819,0.926943,2.34107,4.95029,20.3786,983.404,0.431738,84.7817
9,28,2.819,0.926421,2.34107,4.95029,20.3786,983.404,0.431738,84.7817
10,28,2.819,0.9922,2.34107,4.95029,20.3786,983.404,0.431738,84.7817
1,29,2.819,0.688455,2.34107,4.95029,20.3786,983.404,0.431738,84.7817
2,29,2.819,0.627863,2.34107,4.95029,20.3786,983.404,0.431738,84.7817
3,29,2.819,0.676633,2.34107,4.95029,20.3786,983.404,0.431738,84.7817
4,29,2.819,0.633144,2.34107,4.95029,20.3786,983.404,0.431738,84.7817
5,29,2.819,0.622058,2.34107,4.95029,20.3786,983.404,0.431738,84.7817
6,29,2.819,0.633144,2.34107,4.95029,20.3786,983.404,0.431738,84.7817
7,29,2.819,0.599622,2.34107,4.95029,20.3786,983.404,0.431738,84.7817
8,29,2.819,0.633144,2.34107,4.95029,20.3786,983.404,0.431738,84.7817
9,29,2.819,0.591238,2.34107,4.95029,20.3786,983.404,0.431738,84.7817
10,29,2.819,0.633144,2.34107,4.95029,20.3786,983.404,0.431738,84.7817
1,30,2.819,1.10866,2.34107,4.95029,20.3786,983.404,0.431738,84.7817
2,30,2.819,1.10357,2.34107,4.95029,20.3786,983.404,0.431738,84.7817
3,30,2.819,1.09506,2.34107,4.95029,20.3786,983.404,0.431738,84.7817
4,30,2.819,1.12074,2.34107,4.95029,20.3786,983.404,0.431738,84.7817
5,30,2.819,1.11668,2.34107,4.95029,20.3786,983.404,0.431738,84.7817
6,30,2.819,1.08376,2.34107,4.95029,20.3786,983.404,0.431738,84.7817
7,30,2.819,1.12917,2.34107,4.95029,20.3786,983.404,0.431738,84.7817
8,30,2.819,1.16155,2.34107,4.95029,20.3786,983.404,0.431738,84.7817
9,30,2.819,1.1322,2.34107,4.95029,20.3786,983.404,0.431738,84.7817
10,30,2.819,1.11046,2.34107,4.95029,20.3786,983.404,0.431738,84.7817
1,31,2.819,0.771362,2.34107,4.95029,20.3786,983.404,0.431738,84.7817
2,31,2.819,0.770745,2.34107,4.95029,20.3786,983.404,0.431738,84.7817
3,31,2.819,0.823382,2.34107,4.95029,20.3786,983.404,0.431738,84.7817
4,31,2.819,0.796011,2.34107,4.95029,20.3786,983.404,0.431738,84.7817
5,31,2.819,0.778605,2.34107,4.95029,20.3786,983.404,0.431738,84.7817
6,31,2.819,0.800916,2.34107,4.95029,20.3786,983.404,0.431738,84.7817
7,31,2.819,0.801989,2.34107,4.95029,20.3786,983.404,0.431738,84.7817
8,31,2.819,0.80038,2.34107,4.95029,20.3786,983.404,0.431738,84.7817
9,31,2.819,0.813563,2.34107,4.95029,20.3786,983.404,0.431738,84.7817
10,31,2.819,0.795804,2.34107,4.95029,20.3786,983.404,0.431738,84.7817
1,32,2.819,0.322493,2.34107,4.95029,20.3786,983.404,0.431738,84.7817
2,32,2.819,0.338206,2.34107,4.95029,20.3786,983.404,0.431738,84.7817
3,32,2.819,0.322076,2.34107,4.95029,20.3786,983.404,0.431738,84.7817
4,32,2.819,0.322549,2.34107,4.95029,20.3786,983.404,0.431738,84.7817
5,32,2.819,0.325092,2.34107,4.95029,20.3786,983.404,0.431738,84.7817
6,32,2.819,0.319801,2.34107,4.95029,20.3786,983.404,0.431738,84.7817
7,32,2.819,0.328162,2.34107,4.95029,20.3786,983.404,0.431738,84.7817
8,32,2.819,0.302838,2.34107,4.95029,20.3786,983.404,0.431738,84.7817
9,32,2.819,0.32155,2.34107,4.95029,20.3786,983.404,0.431738,84.7817
10,32,2.819,0.326141,2.34107,4.95029,20.3786,983.404,0.431738,84.7817
1,33,2.819,0.780279,2.34107,4.95029,20.3786,983.404,0.431738,84.7817
2,33,2.819,0.770646,2.34107,4.95029,20.3786,983.404,0.431738,84.7817
3,33,2.819,0.784493,2.34107,4.95029,20.3786,983.404,0.431738,84.7817
4,33,2.819,0.780551,2.34107,4.95029,20.3786,983.404,0.431738,84.7817
5,33,2.819,0.748927,2.34107,4.95029,20.3786,983.404,0.431738,84.7817
6,33,2.819,0.771469,2.34107,4.95029,20.3786,983.404,0.431738,84.7817
7,33,2.819,0.780464,2.34107,4.95029,20.3786,983.404,0.431738,84.7817
8,33,2.819,0.776621,2.34107,4.95029,20.3786,983.404,0.431738,84.7817
9,33,2.819,0.768553,2.34107,4.95029,20.3786,983.404,0.431738,84.7817
10,33,2.819,0.812182,2.34107,4.95029,20.3786,983.404,0.431738,84.7817
1,34,2.819,0.924011,2.34107,4.95029,20.3786,983.404,0.431738,84.7817
2,34,2.819,0.90415,2.34107,4.95029,20.3786,983.404,0.431738,84.7817
3,34,2.819,0.922413,2.34107,4.95029,20.3786,983.404,0.431738,84.7817
4,34,2.819,0.955977,2.34107,4.95029,20.3786,983.404,0.431738,84.7817
5,34,2.819,0.96174,2.34107,4.95029,20.3786,983.404,0.431738,84.7817
6,34,2.819,0.937234,2.34107,4.95029,20.3786,983.404,0.431738,84.7817
7,34,2.819,0.907987,2.34107,4.95029,20.3786,983.404,0.431738,84.7817
8,34,2.819,1.02339,2.34107,4.95029,20.3786,983.404,0.431738,84.7817
9,34,2.819,0.905243,2.34107,4.95029,20.3786,983.404,0.431738,84.7817
10,34,2.819,0.951295,2.34107,4.95029,20.3786,983.404,0.431738,84.7817
1,35,2.819,0.493039,2.34107,4.95029,20.3786,983.404,0.431738,84.7817
2,35,2.819,0.478474,2.34107,4.95029,20.3786,983.404,0.431738,84.7817
3,35,2.819,0.470981,2.34107,4.95029,20.3786,983.404,0.431738,84.7817
4,35,2.819,0.49298,2.34107,4.95029,20.3786,983.404,0.431738,84.7817
5,35,2.819,0.508979,2.34107,4.95029,20.3786,983.404,0.431738,84.7817
6,35,2.819,0.500143,2.34107,4.95029,20.3786,983.404,0.431738,84.7817
7,35,2.819,0.486574,2.34107,4.95029,20.3786,983.404,0.431738,84.7817
8,35,2.819,0.502767,2.34107,4.95029,20.3786,983.404,0.431738,84.7817
9,35,2.819,0.492793,2.34107,4.95029,20.3786,983.404,0.431738,84.7817
10,35,2.819,0.493416,2.34107,4.95029,20.3786,983.404,0.431738,84.7817
1,36,2.819,0.439282,2.34107,4.95029,20.3786,983.404,0.431738,84.7817
2,36,2.819,0.390931,2.34107,4.95029,20.3786,983.404,0.431738,84.7817
3,36,2.819,0.421443,2.34107,4.95029,20.3786,983.404,0.431738,84.7817
4,36,2.819,0.434918,2.34107,4.95029,20.3786,983.404,0.431738,84.7817
5,36,2.819,0.451238,2.34107,4.95029,20.3786,983.404,0.431738,84.7817
6,36,2.819,0.425441,2.34107,4.95029,20.3786,983.404,0.431738,84.7817
7,36,2.819,0.418609,2.34107,4.95029,20.3786,983.404,0.431738,84.7817
8,36,2.819,0.415981,2.34107,4.95029,20.3786,983.404,0.431738,84.7817
9,36,2.819,0.397326,2.34107,4.95029,20.3786,983.404,0.431738,84.7817
10,36,2.819,0.422242,2.34107,4.95029,20.3786,983.404,0.431738,84.7817
1,37,2.819,0.59228,2.34107,4.95029,20.3786,983.404,0.431738,84.7817
2,37,2.819,0.563098,2.34107,4.95029,20.3786,983.404,0.431738,84.7817
3,37,2.819,0.594025,2.34107,4.95029,20.3786,983.404,0.431738,84.7817
4,37,2.819,0.585268,2.34107,4.95029,20.3786,983.404,0.431738,84.7817
5,37,2.819,0.561244,2.34107,4.95029,20.3786,983.404,0.431738,84.7817
6,37,2.819,0.554114,2.34107,4.95029,20.3786,983.404,0.431738,84.7817
7,37,2.819,0.551305,2.34107,4.95029,20.3786,983.404,0.431738,84.7817
8,37,2.819,0.587122,2.34107,4.95029,20.3786,983.404,0.431738,84.7817
9,37,2.819,0.574992,2.34107,4.95029,20.3786,983.404,0.431738,84.7817
10,37,2.819,0.546468,2.34107,4.95029,20.3786,983.404,0.431738,84.7817
1,38,2.819,0.504048,2.34107,4.95029,20.3786,983.404,0.431738,84.7817
2,38,2.819,0.490848,2.34107,4.95029,20.3786,983.404,0.431738,84.7817
3,38,2.819,0.536584,2.34107,4.95029,20.3786,983.404,0.431738,84.7817
4,38,2.819,0.498558,2.34107,4.95029,20.3786,983.404,0.431738,84.7817
5,38,2.819,0.506441,2.34107,4.95029,20.3786,983.404,0.431738,84.7817
6,38,2.819,0.553288,2.34107,4.95029,20.3786,983.404,0.431738,84.7817
7,38,2.819,0.500065,2.34107,4.95029,20.3786,983.404,0.431738,84.7817
8,38,2.819,0.531816,2.34107,4.95029,20.3786,983.404,0.431738,84.7817
9,38,2.819,0.511347,2.34107,4.95029,20.3786,983.404,0.431738,84.7817
10,38,2.819,0.505653,2.34107,4.95029,20.3786,983.404,0.431738,84.7817
1,39,2.819,0.613999,2.34107,4.95029,20.3786,983.404,0.431738,84.7817
2,39,2.819,0.58782,2.34107,4.95029,20.3786,983.404,0.431738,84.7817
3,39,2.819,0.575442,2.34107,4.95029,20.3786,983.404,0.431738,84.7817
4,39,2.819,0.567973,2.34107,4.95029,20.3786,983.404,0.431738,84.7817
5,39,2.819,0.596293,2.34107,4.95029,20.3786,983.404,0.431738,84.7817
6,39,2.819,0.59044,2.34107,4.95029,20.3786,983.404,0.431738,84.7817
7,39,2.819,0.613364,2.34107,4.95029,20.3786,983.404,0.431738,84.7817
8,39,2.819,0.557626,2.34107,4.95029,20.3786,983.404,0.431738,84.7817
9,39,2.819,0.626188,2.34107,4.95029,20.3786,983.404,0.431738,84.7817
10,39,2.819,0.555813,2.34107,4.95029,20.3786,983.404,0.431738,84.7817
1,40,2.819,1.05312,2.34107,4.95029,20.3786,983.404,0.431738,84.7817
2,40,2.819,1.11697,2.34107,4.95029,20.3786,983.404,0.431738,84.7817
3,40,2.819,1.11817,2.34107,4.95029,20.3786,983.404,0.431738,84.7817
4,40,2.819,1.07887,2.34107,4.95029,20.3786,983.404,0.431738,84.7817
5,40,2.819,1.0588,2.34107,4.95029,20.3786,983.404,0.431738,84.7817
6,40,2.819,1.05391,2.34107,4.95029,20.3786,983.404,0.431738,84.7817
7,40,2.819,1.09733,2.34107,4.95029,20.3786,983.404,0.431738,84.7817
8,40,2.819,1.06634,2.34107,4.95029,20.3786,983.404,0.431738,84.7817
9,40,2.819,1.06029,2.34107,4.95029,20.3786,983.404,0.431738,84.7817
10,40,2.819,1.09239,2.34107,4.95029,20.3786,983.404,0.431738,84.7817
1,41,2.819,0.75782,2.34107,4.95029,20.3786,983.404,0.431738,84.7817
2,41,2.819,0.722207,2.34107,4.95029,20.3786,983.404,0.431738,84.7817
3,41,2.819,0.75782,2.34107,4.95029,20.3786,983.404,0.431738,84.7817
4,41,2.819,0.739071,2.34107,4.95029,20.3786,983.404,0.431738,84.7817
5,41,2.819,0.756342,2.34107,4.95029,20.3786,983.404,0.431738,84.7817
6,41,2.819,0.758601,2.34107,4.95029,20.3786,983.404,0.431738,84.7817
7,41,2.819,0.764339,2.34107,4.95029,20.3786,983.404,0.431738,84.7817
8,41,2.819,0.76131,2.34107,4.95029,20.3786,983.404,0.431738,84.7817
9,41,2.819,0.752656,2.34107,4.95029,20.3786,983.404,0.431738,84.7817
10,41,2.819,0.75685,2.34107,4.95029,20.3786,983.404,0.431738,84.7817
1,42,2.819,0.775516,2.34107,4.95029,20.3786,983.404,0.431738,84.7817
2,42,2.819,0.800498,2.34107,4.95029,20.3786,983.404,0.431738,84.7817
3,42,2.819,0.778767,2.34107,4.95029,20.3786,983.404,0.431738,84.7817
4,42,2.819,0.777375,2.34107,4.95029,20.3786,983.404,0.431738,84.7817
5,42,2.819,0.770538,2.34107,4.95029,20.3786,983.404,0.431738,84.7817
6,42,2.819,0.771994,2.34107,4.95029,20.3786,983.404,0.431738,84.7817
7,42,2.819,0.770515,2.34107,4.95029,20.3786,983.404,0.431738,84.7817
8,42,2.819,0.718304,2.34107,4.95029,20.3786,983.404,0.431738,84.7817
9,42,2.819,0.770515,2.34107,4.95029,20.3786,983.404,0.431738,84.7817
10,42,2.819,0.773457,2.34107,4.95029,20.3786,983.404,0.431738,84.7817
1,43,2.819,0.592907,2.34107,4.95029,20.3786,983.404,0.431738,84.7817
2,43,2.819,0.568538,2.34107,4.95029,20.3786,983.404,0.431738,84.7817
3,43,2.819,0.553202,2.34107,4.95029,20.3786,983.404,0.431738,84.7817
4,43,2.819,0.569249,2.34107,4.95029,20.3786,983.404,0.431738,84.7817
5,43,2.819,0.538226,2.34107,4.95029,20.3786,983.404,0.431738,84.7817
6,43,2.819,0.549192,2.34107,4.95029,20.3786,983.404,0.431738,84.7817
7,43,2.819,0.569509,2.34107,4.95029,20.3786,983.404,0.431738,84.7817
8,43,2.819,0.590484,2.34107,4.95029,20.3786,983.404,0.431738,84.7817
9,43,2.819,0.563526,2.34107,4.95029,20.3786,983.404,0.431738,84.7817
10,43,2.819,0.577917,2.34107,4.95029,20.3786,983.404,0.431738,84.7817
1,44,2.819,0.793754,2.34107,4.95029,20.3786,983.404,0.431738,84.7817
2,44,2.819,0.811226,2.34107,4.95029,20.3786,983.404,0.431738,84.7817
3,44,2.819,0.871341,2.34107,4.95029,20.3786,983.404,0.431738,84.7817
4,44,2.819,0.72888,2.34107,4.95029,20.3786,983.404,0.431738,84.7817
5,44,2.819,0.792838,2.34107,4.95029,20.3786,983.404,0.431738,84.7817
6,44,2.819,0.807046,2.34107,4.95029,20.3786,983.404,0.431738,84.7817
7,44,2.819,0.786305,2.34107,4.95029,20.3786,983.404,0.431738,84.7817
8,44,2.819,0.818167,2.34107,4.95029,20.3786,983.404,0.431738,84.7817
9,44,2.819,0.806955,2.34107,4.95029,20.3786,983.404,0.431738,84.7817
10,44,2.819,0.789341,2.34107,4.95029,20.3786,983.404,0.431738,84.7817
1,45,2.819,0.475417,2.34107,4.95029,20.3786,983.404,0.431738,84.7817
2,45,2.819,0.50647,2.34107,4.95029,20.3786,983.404,0.431738,84.7817
3,45,2.819,0.487589,2.34107,4.95029,20.3786,983.404,0.431738,84.7817
4,45,2.819,0.497771,2.34107,4.95029,20.3786,983.404,0.431738,84.7817
5,45,2.819,0.48974,2.34107,4.95029,20.3786,983.404,0.431738,84.7817
6,45,2.819,0.489882,2.34107,4.95029,20.3786,983.404,0.431738,84.7817
7,45,2.819,0.509774,2.34107,4.95029,20.3786,983.404,0.431738,84.7817
8,45,2.819,0.480104,2.34107,4.95029,20.3786,983.404,0.431738,84.7817
9,45,2.819,0.488367,2.34107,4.95029,20.3786,983.404,0.431738,84.7817
10,45,2.819,0.489412,2.34107,4.95029,20.3786,983.404,0.431738,84.7817
