rep,id,eta_V,eta_Cl
1,1,0,0.0441684
2,1,0,0.0606023
3,1,0,0.0625583
4,1,0,0.0276971
5,1,0,0.042899
6,1,0,0.0327141
7,1,0,0.0284437
8,1,0,0.0576374
9,1,0,0.0461704
10,1,0,0.0416456
1,2,0,0.132018
2,2,0,0.122996
3,2,0,0.132018
4,2,0,0.14592
5,2,0,0.140168
6,2,0,0.15525
7,2,0,0.138741
8,2,0,0.127036
9,2,0,0.117773
10,2,0,0.151113
1,3,0,-0.0961109
2,3,0,-0.0875405
3,3,0,-0.0649432
4,3,0,-0.0879776
5,3,0,-0.0809961
6,3,0,-0.101818
7,3,0,-0.104051
8,3,0,-0.099918
9,3,0,-0.101822
10,3,0,-0.0930587
1,4,0,-0.063373
2,4,0,-0.108341
3,4,0,-0.0794749
4,4,0,-0.0715165
5,4,0,-0.0816661
6,4,0,-0.0755402
7,4,0,-0.0748557
8,4,0,-0.101201
9,4,0,-0.0712076
10,4,0,-0.0832724
1,5,0,-0.116591
2,5,0,-0.0755934
3,5,0,-0.0850511
4,5,0,-0.103105
5,5,0,-0.108663
6,5,0,-0.120607
7,5,0,-0.0871002
8,5,0,-0.137147
9,5,0,-0.10062
10,5,0,-0.138684
1,6,0,0.0814469
2,6,0,0.0722346
3,6,0,0.0779588
4,6,0,0.0829636
5,6,0,0.101055
6,6,0,0.0967454
7,6,0,0.118906
8,6,0,0.112491
9,6,0,0.105508
10,6,0,0.121383
1,7,0,-0.120883
2,7,0,-0.0985807
3,7,0,-0.0904532
4,7,0,-0.0874252
5,7,0,-0.0797553
6,7,0,-0.135577
7,7,0,-0.0804764
8,7,0,-0.101237
9,7,0,-0.107541
10,7,0,-0.105056
1,8,0,0.00770624
2,8,0,0.00921416
3,8,0,-0.0460806
4,8,0,-0.0387977
5,8,0,-0.0530362
6,8,0,-0.00886438
7,8,0,-0.0151091
8,8,0,-0.0377851
9,8,0,-0.0532903
10,8,0,-0.0359843
1,9,0,0.100957
2,9,0,0.124245
3,9,0,0.145784
4,9,0,0.136551
5,9,0,0.153491
6,9,0,0.138396
7,9,0,0.110661
8,9,0,0.129955
9,9,0,0.135946
10,9,0,0.137431
1,10,0,-0.061831
2,10,0,-0.047111
3,10,0,-0.0449257
4,10,0,-0.0696895
5,10,0,-0.0623318
6,10,0,-0.0485668
7,10,0,-0.0322285
8,10,0,-0.0852592
9,10,0,-0.0681562
10,10,0,-0.0838165
1,11,0,0.00795866
2,11,0,0.021294
3,11,0,0.0387929
4,11,0,0.0442914
5,11,0,0.0243863
6,11,0,0.0484938
7,11,0,0.0131532
8,11,0,0.0329499
9,11,0,0.0510876
10,11,0,0.024466
1,12,0,0.057165
2,12,0,0.0582724
3,12,0,0.0640379
4,12,0,0.0880825
5,12,0,0.0298779
6,12,0,0.0494675
7,12,0,0.0705274
8,12,0,0.0426572
9,12,0,0.063852
10,12,0,0.083474
1,13,0,-0.0922861
2,13,0,-0.0818767
3,13,0,-0.10007
4,13,0,-0.123103
5,13,0,-0.114461
6,13,0,-0.0892914
7,13,0,-0.088626
8,13,0,-0.10288
9,13,0,-0.0975618
10,13,0,-0.0950818
1,14,0,0.107765
2,14,0,0.0680909
3,14,0,0.0719963
4,14,0,0.0855548
5,14,0,0.0838619
6,14,0,0.094383
7,14,0,0.089085
8,14,0,0.0763657
9,14,0,0.100881
10,14,0,0.0892149
1,15,0,-0.0675814
2,15,0,-0.0724573
3,15,0,-0.0786999
4,15,0,-0.100409
5,15,0,-0.119023
6,15,0,-0.0385919
7,15,0,-0.0845102
8,15,0,-0.0572893
9,15,0,-0.0693235
10,15,0,-0.0644374
1,16,0,0.136808
2,16,0,0.151982
3,16,0,0.150849
4,16,0,0.135099
5,16,0,0.11831
6,16,0,0.134431
7,16,0,0.133111
8,16,0,0.135087
9,16,0,0.120186
10,16,0,0.134224
1,17,0,-0.109173
2,17,0,-0.118409
3,17,0,-0.120736
4,17,0,-0.126866
5,17,0,-0.105143
6,17,0,-0.111815
7,17,0,-0.115892
8,17,0,-0.122668
9,17,0,-0.135983
10,17,0,-0.0951408
1,18,0,-0.0736753
2,18,0,-0.0839553
3,18,0,-0.0687533
4,18,0,-0.106118
5,18,0,-0.0953122
6,18,0,-0.0895121
7,18,0,-0.0864696
8,18,0,-0.0662407
9,18,0,-0.0830712
10,18,0,-0.0687756
1,19,0,-0.114817
2,19,0,-0.11958
3,19,0,-0.076009
4,19,0,-0.0889084
5,19,0,-0.118613
6,19,0,-0.0885855
7,19,0,-0.111442
8,19,0,-0.109038
9,19,0,-0.115536
10,19,0,-0.103303
1,20,0,0.10364
2,20,0,0.111284
3,20,0,0.111081
4,20,0,0.13133
5,20,0,0.0903492
6,20,0,0.141804
7,20,0,0.130346
8,20,0,0.107696
9,20,0,0.128814
10,20,0,0.123023
1,21,0,-0.0517458
2,21,0,-0.0691728
3,21,0,-0.0639491
4,21,0,-0.0803683
5,21,0,-0.0527747
6,21,0,-0.0720836
7,21,0,-0.0718552
8,21,0,-0.077164
9,21,0,-0.0894675
10,21,0,-0.103379
1,22,0,-0.000631642
2,22,0,-0.0175457
3,22,0,-0.0524387
4,22,0,-0.0645226
5,22,0,0.0100393
6,22,0,-0.0467157
7,22,0,-0.0275192
8,22,0,0.00236994
9,22,0,-0.0051546
10,22,0,-0.00965434
1,23,0,0.151019
2,23,0,0.140833
3,23,0,0.114858
4,23,0,0.130953
5,23,0,0.108625
6,23,0,0.143047
7,23,0,0.153171
8,23,0,0.128748
9,23,0,0.14592
10,23,0,0.14715
1,24,0,-0.0822677
2,24,0,-0.0996483
3,24,0,-0.0610369
4,24,0,-0.0525856
5,24,0,-0.0620449
6,24,0,-0.0985604
7,24,0,-0.0632369
8,24,0,-0.0866925
9,24,0,-0.0881309
10,24,0,-0.0473108
1,25,0,0.0639723
2,25,0,0.043696
3,25,0,0.0192653
4,25,0,0.0231628
5,25,0,0.050635
6,25,0,0.0515711
7,25,0,0.0426135
8,25,0,0.0387742
9,25,0,0.050704
10,25,0,0.0361598
1,26,0,0.0523869
2,26,0,0.019338
3,26,0,0.0425779
4,26,0,0.0684556
5,26,0,0.0150447
6,26,0,0.0587453
7,26,0,0.0380185
8,26,0,0.0261507
9,26,0,0.0528222
10,26,0,0.0612682
1,27,0,-0.109986
2,27,0,-0.112303
3,27,0,-0.0883406
4,27,0,-0.117328
5,27,0,-0.14309
6,27,0,-0.099657
7,27,0,-0.100672
8,27,0,-0.139533
9,27,0,-0.127624
10,27,0,-0.0995816
1,28,0,0.0726836
2,28,0,0.084237
3,28,0,0.0791551
4,28,0,0.0894313
5,28,0,0.104095
6,28,0,0.108649
7,28,0,0.0699009
8,28,0,0.0903305
9,28,0,0.0868013
10,28,0,0.0623209
1,29,0,-0.067665
2,29,0,-0.0559472
3,29,0,-0.0760939
4,29,0,-0.093667
5,29,0,-0.0778436
6,29,0,-0.0886939
7,29,0,-0.0522478
8,29,0,-0.0869106
9,29,0,-0.114621
10,29,0,-0.0745312
1,30,0,0.228877
2,30,0,0.235049
3,30,0,0.23209
4,30,0,0.231114
5,30,0,0.221762
6,30,0,0.206772
7,30,0,0.229173
8,30,0,0.224241
9,30,0,0.233873
10,30,0,0.188153
1,31,0,-0.109305
2,31,0,-0.107106
3,31,0,-0.0655733
4,31,0,-0.0954004
5,31,0,-0.0957205
6,31,0,-0.0987679
7,31,0,-0.0731577
8,31,0,-0.0926543
9,31,0,-0.0893444
10,31,0,-0.117098
1,32,0,-0.0687074
2,32,0,-0.0844474
3,32,0,-0.0590975
4,32,0,-0.068566
5,32,0,-0.0854517
6,32,0,-0.0852334
7,32,0,-0.0575603
8,32,0,-0.0699188
9,32,0,-0.0936933
10,32,0,-0.0728812
1,33,0,-0.111681
2,33,0,-0.112842
3,33,0,-0.0777189
4,33,0,-0.10443
5,33,0,-0.111347
6,33,0,-0.0761726
7,33,0,-0.0793411
8,33,0,-0.102941
9,33,0,-0.103088
10,33,0,-0.0727769
1,34,0,0.118972
2,34,0,0.0975416
3,34,0,0.0990101
4,34,0,0.122641
5,34,0,0.117638
6,34,0,0.105619
7,34,0,0.116867
8,34,0,0.137257
9,34,0,0.0897152
10,34,0,0.095166
1,35,0,-0.100844
2,35,0,-0.10965
3,35,0,-0.117537
4,35,0,-0.0889176
5,35,0,-0.0980188
6,35,0,-0.0848391
7,35,0,-0.107936
8,35,0,-0.0814999
9,35,0,-0.0940942
10,35,0,-0.106441
1,36,0,-0.0262321
2,36,0,-0.0425331
3,36,0,-0.0384104
4,36,0,-0.00921848
5,36,0,-0.0526307
6,36,0,-0.00491228
7,36,0,-0.0287093
8,36,0,-0.0191256
9,36,0,-0.0266505
10,36,0,-0.0627134
1,37,0,0.140651
2,37,0,0.150909
3,37,0,0.168591
4,37,0,0.153898
5,37,0,0.146951
6,37,0,0.150576
7,37,0,0.137539
8,37,0,0.142744
9,37,0,0.128409
10,37,0,0.127679
1,38,0,-0.0660603
2,38,0,-0.0505983
3,38,0,-0.0564677
4,38,0,-0.095886
5,38,0,-0.062903
6,38,0,-0.0579127
7,38,0,-0.0685735
8,38,0,-0.0482788
9,38,0,-0.097235
10,38,0,-0.055996
1,39,0,0.0732179
2,39,0,0.0150912
3,39,0,0.0296847
4,39,0,0.0454491
5,39,0,0.0543801
6,39,0,0.0411385
7,39,0,0.0520094
8,39,0,0.0430058
9,39,0,0.0548382
10,39,0,0.0291251
1,40,0,0.0167158
2,40,0,0.0191486
3,40,0,0.0293664
4,40,0,0.0171873
5,40,0,0.0208492
6,40,0,0.0120765
7,40,0,0.0335044
8,40,0,0.0245568
9,40,0,0.0039151
10,40,0,0.0345137
1,41,0,-0.0889141
2,41,0,-0.106163
3,41,0,-0.129219
4,41,0,-0.0981793
5,41,0,-0.124316
6,41,0,-0.111694
7,41,0,-0.080324
8,41,0,-0.0729472
9,41,0,-0.109392
10,41,0,-0.111298
1,42,0,0.062884
2,42,0,0.112809
3,42,0,0.0779741
4,42,0,0.102016
5,42,0,0.0683232
6,42,0,0.0982628
7,42,0,0.0747164
8,42,0,0.0813999
9,42,0,0.0757217
10,42,0,0.0928681
1,43,0,-0.0432067
2,43,0,-0.0652381
3,43,0,-0.0657556
4,43,0,-0.0914879
5,43,0,-0.0987587
6,43,0,-0.075488
7,43,0,-0.0732082
8,43,0,-0.084586
9,43,0,-0.0662755
10,43,0,-0.0437592
1,44,0,0.20113
2,44,0,0.228947
3,44,0,0.213972
4,44,0,0.216471
5,44,0,0.205782
6,44,0,0.207657
7,44,0,0.220136
8,44,0,0.231787
9,44,0,0.231467
10,44,0,0.206167
1,45,0,-0.0837346
2,45,0,-0.0637795
3,45,0,-0.046663
4,45,0,-0.0476585
5,45,0,-0.0551065
6,45,0,-0.0511005
7,45,0,-0.0647931
8,45,0,-0.0734499
9,45,0,-0.0705633
10,45,0,-0.0661398
