rep,id,V,Cl
1,1,5.35213,2.79898
2,1,5.34536,2.79898
3,1,5.6025,2.79898
4,1,5.37671,2.79898
5,1,5.39241,2.79898
6,1,5.36932,2.79898
7,1,5.35454,2.79898
8,1,5.43784,2.79898
9,1,5.38971,2.79898
10,1,5.39738,2.79898
1,2,9.02699,2.79898
2,2,9.18243,2.79898
3,2,9.12187,2.79898
4,2,9.32659,2.79898
5,2,9.01435,2.79898
6,2,9.51253,2.79898
7,2,8.83767,2.79898
8,2,8.9069,2.79898
9,2,8.98159,2.79898
10,2,9.17948,2.79898
1,3,10.26,2.79898
2,3,10.3257,2.79898
3,3,10.2409,2.79898
4,3,10.0054,2.79898
5,3,10.4738,2.79898
6,3,10.1078,2.79898
7,3,10.2771,2.79898
8,3,10.3911,2.79898
9,3,10.3672,2.79898
10,3,10.2002,2.79898
1,4,3.43683,2.79898
2,4,3.36618,2.79898
3,4,3.42177,2.79898
4,4,3.36184,2.79898
5,4,3.44579,2.79898
6,4,3.36644,2.79898
7,4,3.44519,2.79898
8,4,3.43149,2.79898
9,4,3.46286,2.79898
10,4,3.38171,2.79898
1,5,4.96245,2.79898
2,5,5.14042,2.79898
3,5,5.01969,2.79898
4,5,5.02254,2.79898
5,5,4.97779,2.79898
6,5,4.99955,2.79898
7,5,4.96349,2.79898
8,5,4.97908,2.79898
9,5,4.99132,2.79898
10,5,5.08821,2.79898
1,6,5.98935,2.79898
2,6,6.10226,2.79898
3,6,5.96885,2.79898
4,6,6.03974,2.79898
5,6,6.12321,2.79898
6,6,6.11321,2.79898
7,6,6.25789,2.79898
8,6,6.1531,2.79898
9,6,5.91872,2.79898
10,6,6.06991,2.79898
1,7,5.79583,2.79898
2,7,5.92694,2.79898
3,7,5.85504,2.79898
4,7,5.75189,2.79898
5,7,5.93891,2.79898
6,7,5.57036,2.79898
7,7,5.70293,2.79898
8,7,5.73248,2.79898
9,7,5.7077,2.79898
10,7,5.73169,2.79898
1,8,8.57954,2.79898
2,8,8.38999,2.79898
3,8,8.25846,2.79898
4,8,8.41371,2.79898
5,8,8.35831,2.79898
6,8,8.22852,2.79898
7,8,8.12337,2.79898
8,8,8.07414,2.79898
9,8,8.1106,2.79898
10,8,8.25238,2.79898
1,9,6.16788,2.79898
2,9,6.42833,2.79898
3,9,6.40113,2.79898
4,9,6.1811,2.79898
5,9,6.55287,2.79898
6,9,6.26081,2.79898
7,9,6.49478,2.79898
8,9,6.41243,2.79898
9,9,6.50407,2.79898
10,9,6.41523,2.79898
1,10,8.99345,2.79898
2,10,9.14352,2.79898
3,10,9.30429,2.79898
4,10,9.15803,2.79898
5,10,9.03294,2.79898
6,10,8.84887,2.79898
7,10,9.44897,2.79898
8,10,8.73751,2.79898
9,10,9.00189,2.79898
10,10,8.8032,2.79898
1,11,4.32325,2.79898
2,11,4.26471,2.79898
3,11,4.32473,2.79898
4,11,4.37474,2.79898
5,11,4.31273,2.79898
6,11,4.34519,2.79898
7,11,4.28628,2.79898
8,11,4.2635,2.79898
9,11,4.31377,2.79898
10,11,4.31342,2.79898
1,12,4.12867,2.79898
2,12,4.16592,2.79898
3,12,4.17494,2.79898
4,12,4.17912,2.79898
5,12,4.0924,2.79898
6,12,4.14992,2.79898
7,12,4.18942,2.79898
8,12,4.17582,2.79898
9,12,4.15438,2.79898
10,12,4.1358,2.79898
1,13,5.62842,2.79898
2,13,5.52401,2.79898
3,13,5.60665,2.79898
4,13,5.50294,2.79898
5,13,5.58793,2.79898
6,13,5.70608,2.79898
7,13,5.64654,2.79898
8,13,5.5662,2.79898
9,13,5.57518,2.79898
10,13,5.5341,2.79898
1,14,3.68702,2.79898
2,14,3.72076,2.79898
3,14,3.72809,2.79898
4,14,3.69574,2.79898
5,14,3.70509,2.79898
6,14,3.7517,2.79898
7,14,3.76441,2.79898
8,14,3.69767,2.79898
9,14,3.75264,2.79898
10,14,3.75565,2.79898
1,15,6.10221,2.79898
2,15,5.79654,2.79898
3,15,5.85352,2.79898
4,15,5.79152,2.79898
5,15,5.95321,2.79898
6,15,6.0816,2.79898
7,15,6.02955,2.79898
8,15,5.81049,2.79898
9,15,5.90541,2.79898
10,15,6.06125,2.79898
1,16,9.05608,2.79898
2,16,8.83421,2.79898
3,16,9.10303,2.79898
4,16,9.06913,2.79898
5,16,8.61331,2.79898
6,16,9.28067,2.79898
7,16,9.07612,2.79898
8,16,8.5989,2.79898
9,16,8.81538,2.79898
10,16,9.03811,2.79898
1,17,10.2405,2.79898
2,17,10.1971,2.79898
3,17,9.60984,2.79898
4,17,9.92342,2.79898
5,17,10.0039,2.79898
6,17,9.78343,2.79898
7,17,10.151,2.79898
8,17,10.0663,2.79898
9,17,9.84707,2.79898
10,17,9.81407,2.79898
1,18,3.43714,2.79898
2,18,3.4745,2.79898
3,18,3.39377,2.79898
4,18,3.40045,2.79898
5,18,3.39037,2.79898
6,18,3.41021,2.79898
7,18,3.3561,2.79898
8,18,3.43836,2.79898
9,18,3.43273,2.79898
10,18,3.42885,2.79898
1,19,4.95801,2.79898
2,19,4.90396,2.79898
3,19,5.10945,2.79898
4,19,5.01829,2.79898
5,19,4.91432,2.79898
6,19,4.9312,2.79898
7,19,4.8325,2.79898
8,19,4.96244,2.79898
9,19,5.00813,2.79898
10,19,4.97481,2.79898
1,20,6.13048,2.79898
2,20,5.94815,2.79898
3,20,5.91088,2.79898
4,20,6.15127,2.79898
5,20,6.02208,2.79898
6,20,6.02038,2.79898
7,20,6.16137,2.79898
8,20,5.96365,2.79898
9,20,6.2718,2.79898
10,20,6.13035,2.79898
1,21,5.69109,2.79898
2,21,5.8844,2.79898
3,21,5.90292,2.79898
4,21,5.84725,2.79898
5,21,5.77202,2.79898
6,21,5.77014,2.79898
7,21,5.72564,2.79898
8,21,5.8471,2.79898
9,21,5.66561,2.79898
10,21,5.69834,2.79898
1,22,8.57851,2.79898
2,22,8.38913,2.79898
3,22,8.54002,2.79898
4,22,8.15694,2.79898
5,22,8.9246,2.79898
6,22,8.15567,2.79898
7,22,8.18514,2.79898
8,22,8.39112,2.79898
9,22,8.09605,2.79898
10,22,8.34582,2.79898
1,23,6.58014,2.79898
2,23,6.64768,2.79898
3,23,6.51089,2.79898
4,23,6.51232,2.79898
5,23,6.47148,2.79898
6,23,6.49453,2.79898
7,23,6.35097,2.79898
8,23,6.31982,2.79898
9,23,6.46514,2.79898
10,23,6.37771,2.79898
1,24,8.52094,2.79898
2,24,8.26343,2.79898
3,24,8.85056,2.79898
4,24,8.64455,2.79898
5,24,8.37422,2.79898
6,24,8.48487,2.79898
7,24,8.93393,2.79898
8,24,8.70158,2.79898
9,24,8.74571,2.79898
10,24,8.78799,2.79898
1,25,4.36537,2.79898
2,25,4.354,2.79898
3,25,4.27707,2.79898
4,25,4.31513,2.79898
5,25,4.32106,2.79898
6,25,4.3329,2.79898
7,25,4.34293,2.79898
8,25,4.33945,2.79898
9,25,4.31322,2.79898
10,25,4.28513,2.79898
1,26,4.05387,2.79898
2,26,4.0604,2.79898
3,26,4.10098,2.79898
4,26,4.10864,2.79898
5,26,4.04452,2.79898
6,26,4.17581,2.79898
7,26,4.10538,2.79898
8,26,4.04083,2.79898
9,26,4.09468,2.79898
10,26,4.16279,2.79898
1,27,5.58502,2.79898
2,27,5.58644,2.79898
3,27,5.44745,2.79898
4,27,5.50037,2.79898
5,27,5.47352,2.79898
6,27,5.59826,2.79898
7,27,5.53288,2.79898
8,27,5.50836,2.79898
9,27,5.55945,2.79898
10,27,5.58923,2.79898
1,28,3.66956,2.79898
2,28,3.64191,2.79898
3,28,3.63055,2.79898
4,28,3.69355,2.79898
5,28,3.64567,2.79898
6,28,3.66725,2.79898
7,28,3.65704,2.79898
8,28,3.65384,2.79898
9,28,3.6607,2.79898
10,28,3.60493,2.79898
1,29,6.01005,2.79898
2,29,6.18364,2.79898
3,29,5.97432,2.79898
4,29,6.04125,2.79898
5,29,5.98083,2.79898
6,29,6.03833,2.79898
7,29,5.99621,2.79898
8,29,6.20861,2.79898
9,29,5.99862,2.79898
10,29,6.07805,2.79898
1,30,6.70148,2.79898
2,30,6.98812,2.79898
3,30,7.04528,2.79898
4,30,6.91565,2.79898
5,30,6.93708,2.79898
6,30,6.82301,2.79898
7,30,6.80862,2.79898
8,30,6.99094,2.79898
9,30,6.92598,2.79898
10,30,6.53311,2.79898
1,31,9.78903,2.79898
2,31,10.0683,2.79898
3,31,10.5554,2.79898
4,31,10.0829,2.79898
5,31,9.77577,2.79898
6,31,9.96669,2.79898
7,31,10.1314,2.79898
8,31,10.0684,2.79898
9,31,10.0565,2.79898
10,31,9.8669,2.79898
1,32,3.39724,2.79898
2,32,3.44078,2.79898
3,32,3.42309,2.79898
4,32,3.45949,2.79898
5,32,3.44414,2.79898
6,32,3.4127,2.79898
7,32,3.39343,2.79898
8,32,3.43829,2.79898
9,32,3.39007,2.79898
10,32,3.39238,2.79898
1,33,5.00235,2.79898
2,33,5.0667,2.79898
3,33,4.99701,2.79898
4,33,4.97873,2.79898
5,33,5.06336,2.79898
6,33,4.97883,2.79898
7,33,5.03261,2.79898
8,33,4.92163,2.79898
9,33,5.03489,2.79898
10,33,5.10556,2.79898
1,34,6.14602,2.79898
2,34,5.79446,2.79898
3,34,5.947,2.79898
4,34,6.1089,2.79898
5,34,5.94408,2.79898
6,34,5.8526,2.79898
7,34,6.04205,2.79898
8,34,6.20105,2.79898
9,34,5.85247,2.79898
10,34,5.85057,2.79898
1,35,5.64055,2.79898
2,35,5.4592,2.79898
3,35,5.6627,2.79898
4,35,5.62825,2.79898
5,35,5.67424,2.79898
6,35,5.79064,2.79898
7,35,5.6088,2.79898
8,35,5.66501,2.79898
9,35,5.64272,2.79898
10,35,5.53742,2.79898
1,36,8.81507,2.79898
2,36,8.30436,2.79898
3,36,8.90099,2.79898
4,36,8.97627,2.79898
5,36,8.70969,2.79898
6,36,8.94165,2.79898
7,36,8.6685,2.79898
8,36,8.75902,2.79898
9,36,8.68188,2.79898
10,36,8.77783,2.79898
1,37,6.87186,2.79898
2,37,6.87297,2.79898
3,37,7.07997,2.79898
4,37,7.01854,2.79898
5,37,6.80604,2.79898
6,37,6.96799,2.79898
7,37,6.89039,2.79898
8,37,6.9498,2.79898
9,37,7.01017,2.79898
10,37,6.86487,2.79898
1,38,8.50269,2.79898
2,38,8.73358,2.79898
3,38,8.6441,2.79898
4,38,8.53213,2.79898
5,38,8.65244,2.79898
6,38,8.67536,2.79898
7,38,8.5413,2.79898
8,38,8.81996,2.79898
9,38,8.77258,2.79898
10,38,8.2549,2.79898
1,39,4.37429,2.79898
2,39,4.3376,2.79898
3,39,4.33016,2.79898
4,39,4.33872,2.79898
5,39,4.35316,2.79898
6,39,4.34282,2.79898
7,39,4.33227,2.79898
8,39,4.36872,2.79898
9,39,4.37338,2.79898
10,39,4.35707,2.79898
1,40,3.97199,2.79898
2,40,4.02713,2.79898
3,40,3.97391,2.79898
4,40,4.06835,2.79898
5,40,4.03857,2.79898
6,40,4.04196,2.79898
7,40,4.05505,2.79898
8,40,4.05928,2.79898
9,40,4.03195,2.79898
10,40,4.01281,2.79898
1,41,5.65513,2.79898
2,41,5.60662,2.79898
3,41,5.5956,2.79898
4,41,5.61736,2.79898
5,41,5.58536,2.79898
6,41,5.505,2.79898
7,41,5.69201,2.79898
8,41,5.72222,2.79898
9,41,5.59317,2.79898
10,41,5.52803,2.79898
1,42,3.72282,2.79898
2,42,3.76131,2.79898
3,42,3.70601,2.79898
4,42,3.77429,2.79898
5,42,3.74297,2.79898
6,42,3.77022,2.79898
7,42,3.71898,2.79898
8,42,3.72737,2.79898
9,42,3.7003,2.79898
10,42,3.73637,2.79898
1,43,6.33437,2.79898
2,43,6.14911,2.79898
3,43,6.06216,2.79898
4,43,6.14037,2.79898
5,43,6.03077,2.79898
6,43,6.18563,2.79898
7,43,6.20323,2.79898
8,43,6.07131,2.79898
9,43,6.24216,2.79898
10,43,6.31941,2.79898
1,44,7.02902,2.79898
2,44,6.92145,2.79898
3,44,7.03253,2.79898
4,44,6.76963,2.79898
5,44,7.00121,2.79898
6,44,6.95143,2.79898
7,44,7.20292,2.79898
8,44,7.40288,2.79898
9,44,7.16456,2.79898
10,44,7.07311,2.79898
1,45,8.2674,2.79898
2,45,8.67,2.79898
3,45,8.57597,2.79898
4,45,8.41822,2.79898
5,45,8.49814,2.79898
6,45,8.51421,2.79898
7,45,8.51083,2.79898
8,45,8.60405,2.79898
9,45,8.45772,2.79898
10,45,8.3022,2.79898
