rep,id,V,Cl
1,1,5.73667,2.81345
2,1,5.29056,2.77867
3,1,5.39458,2.7893
4,1,5.31513,2.79809
5,1,5.41593,2.79707
6,1,5.46522,2.77807
7,1,5.26999,2.78857
8,1,5.49934,2.81708
9,1,5.31642,2.79327
10,1,5.41019,2.80608
1,2,9.43834,2.80607
2,2,9.73389,2.81275
3,2,9.44941,2.80636
4,2,9.24677,2.7923
5,2,8.96591,2.81036
6,2,8.85024,2.79711
7,2,8.96287,2.81016
8,2,9.37845,2.78124
9,2,8.65093,2.80103
10,2,8.80721,2.8133
1,3,9.94419,2.80797
2,3,10.5584,2.80306
3,3,9.98318,2.81046
4,3,10.0389,2.78971
5,3,10.0707,2.79613
6,3,10.2711,2.79713
7,3,9.96384,2.79456
8,3,10.1158,2.81726
9,3,10.0547,2.80122
10,3,10.3854,2.7879
1,4,3.40717,2.80317
2,4,3.43033,2.80327
3,4,3.41264,2.81968
4,4,3.38381,2.79966
5,4,3.39,2.79362
6,4,3.40843,2.80759
7,4,3.40581,2.79767
8,4,3.45146,2.81841
9,4,3.38222,2.79881
10,4,3.40648,2.78957
1,5,5.00842,2.79391
2,5,5.10172,2.80412
3,5,4.97307,2.79468
4,5,5.0298,2.79505
5,5,4.97767,2.78301
6,5,5.08536,2.79935
7,5,5.06338,2.78996
8,5,5.10741,2.78338
9,5,4.92409,2.7811
10,5,5.05501,2.79082
1,6,5.99399,2.79913
2,6,6.18772,2.8065
3,6,5.97139,2.79565
4,6,6.27156,2.77605
5,6,6.31807,2.81312
6,6,5.93602,2.82251
7,6,5.85994,2.80368
8,6,6.1626,2.80541
9,6,6.07892,2.80289
10,6,6.12366,2.79337
1,7,5.96324,2.82303
2,7,5.81126,2.80705
3,7,5.75418,2.83436
4,7,5.68632,2.79925
5,7,5.97651,2.82746
6,7,5.75048,2.81496
7,7,5.7872,2.81358
8,7,5.76502,2.82528
9,7,5.96723,2.81298
10,7,6.03586,2.8246
1,8,7.8606,2.81538
2,8,8.30688,2.80298
3,8,8.04716,2.8188
4,8,8.03999,2.81546
5,8,8.32345,2.81984
6,8,8.11822,2.80629
7,8,8.56852,2.78658
8,8,8.32273,2.81759
9,8,8.14034,2.8161
10,8,8.55439,2.81002
1,9,6.33229,2.81016
2,9,6.32293,2.78624
3,9,6.54792,2.81467
4,9,6.44903,2.82888
5,9,6.45827,2.81817
6,9,6.20139,2.80086
7,9,6.312,2.81496
8,9,6.26795,2.79473
9,9,6.36817,2.8151
10,9,6.7369,2.82047
1,10,8.35974,2.80368
2,10,8.92876,2.81711
3,10,8.85034,2.80445
4,10,8.92724,2.80502
5,10,8.52246,2.79431
6,10,8.62388,2.79997
7,10,8.81668,2.8087
8,10,9.29748,2.80713
9,10,8.51371,2.79925
10,10,9.00762,2.81525
1,11,4.28338,2.79664
2,11,4.41493,2.79916
3,11,4.44809,2.81126
4,11,4.3078,2.80689
5,11,4.30057,2.7937
6,11,4.29778,2.81688
7,11,4.33077,2.80724
8,11,4.29057,2.79902
9,11,4.42797,2.8111
10,11,4.35275,2.80826
1,12,4.07787,2.80057
2,12,4.30417,2.81279
3,12,4.0798,2.80355
4,12,4.2233,2.78922
5,12,4.11148,2.79853
6,12,4.15145,2.80388
7,12,4.16726,2.81645
8,12,4.14211,2.79731
9,12,4.22709,2.81434
10,12,4.07267,2.80038
1,13,5.65386,2.80188
2,13,5.51226,2.7889
3,13,5.41027,2.79544
4,13,5.81619,2.79855
5,13,5.3785,2.79076
6,13,5.37704,2.77206
7,13,5.73482,2.79434
8,13,5.59955,2.81017
9,13,5.537,2.79495
10,13,5.53146,2.79059
1,14,3.70546,2.80428
2,14,3.74505,2.79802
3,14,3.73399,2.80565
4,14,3.75755,2.81883
5,14,3.69965,2.80406
6,14,3.7621,2.80685
7,14,3.83047,2.82172
8,14,3.63778,2.78814
9,14,3.79672,2.81572
10,14,3.69824,2.80195
1,15,5.9597,2.79932
2,15,6.1975,2.82639
3,15,6.02116,2.82719
4,15,6.01842,2.81222
5,15,5.91175,2.79529
6,15,5.96703,2.80734
7,15,6.1995,2.83838
8,15,6.09565,2.80865
9,15,6.09904,2.79283
10,15,5.87716,2.79728
1,16,9.03811,2.78732
2,16,9.14709,2.8106
3,16,9.04838,2.78229
4,16,9.00359,2.81126
5,16,8.98864,2.81773
6,16,9.21666,2.80645
7,16,9.00222,2.80422
8,16,8.86476,2.80668
9,16,9.60591,2.78996
10,16,8.74404,2.7989
1,17,9.35298,2.80492
2,17,9.74441,2.80392
3,17,10.2599,2.81943
4,17,10.0172,2.79792
5,17,9.95224,2.81529
6,17,10.0987,2.80581
7,17,9.61371,2.81073
8,17,9.71878,2.78488
9,17,10.0926,2.78149
10,17,9.67879,2.80122
1,18,3.38638,2.79695
2,18,3.40788,2.79675
3,18,3.44713,2.81973
4,18,3.4211,2.80758
5,18,3.50454,2.81511
6,18,3.39368,2.79378
7,18,3.43625,2.8245
8,18,3.43285,2.80682
9,18,3.40527,2.8026
10,18,3.4082,2.80422
1,19,5.09905,2.81145
2,19,4.96169,2.79764
3,19,4.93734,2.79389
4,19,5.01984,2.80267
5,19,5.03806,2.79546
6,19,4.98613,2.78585
7,19,4.90827,2.79948
8,19,4.9635,2.80219
9,19,4.9924,2.81231
10,19,4.96087,2.79237
1,20,6.36115,2.79015
2,20,6.1332,2.8021
3,20,6.11756,2.81886
4,20,6.12217,2.78662
5,20,6.03535,2.79417
6,20,6.11776,2.80124
7,20,6.21693,2.80094
8,20,6.01129,2.80206
9,20,6.13988,2.80874
10,20,5.9973,2.77875
1,21,5.68385,2.81459
2,21,5.75834,2.78821
3,21,5.99529,2.83718
4,21,5.7424,2.79186
5,21,5.91446,2.79674
6,21,5.82719,2.79202
7,21,5.6339,2.79517
8,21,5.86994,2.80808
9,21,5.76223,2.79104
10,21,5.70753,2.80765
1,22,8.30215,2.81832
2,22,8.13726,2.80465
3,22,7.97478,2.81821
4,22,7.75536,2.79305
5,22,8.08805,2.81245
6,22,8.42118,2.80035
7,22,8.58471,2.82652
8,22,8.41184,2.80357
9,22,8.10738,2.79357
10,22,8.18221,2.81728
1,23,6.49802,2.7972
2,23,6.47259,2.79552
3,23,6.48598,2.81141
4,23,6.57571,2.79139
5,23,6.60721,2.81006
6,23,6.45744,2.81434
7,23,6.48387,2.80697
8,23,6.62775,2.78979
9,23,6.54852,2.79248
10,23,6.74339,2.80062
1,24,8.42651,2.78765
2,24,8.2873,2.79037
3,24,8.75729,2.81936
4,24,8.0508,2.78638
5,24,8.67732,2.81691
6,24,8.53797,2.78905
7,24,8.80621,2.79033
8,24,8.86179,2.80248
9,24,8.72571,2.78311
10,24,8.4728,2.79738
1,25,4.35648,2.82308
2,25,4.36709,2.80442
3,25,4.46485,2.7973
4,25,4.24087,2.79086
5,25,4.38105,2.79623
6,25,4.26311,2.77728
7,25,4.28745,2.79222
8,25,4.36142,2.81001
9,25,4.36969,2.78688
10,25,4.442,2.83535
1,26,4.03535,2.77211
2,26,4.0496,2.80008
3,26,4.05672,2.81884
4,26,4.12264,2.79955
5,26,4.10499,2.78996
6,26,4.13055,2.80311
7,26,4.09395,2.80166
8,26,4.12321,2.79407
9,26,4.07119,2.80092
10,26,4.06426,2.80287
1,27,5.51373,2.82091
2,27,5.56749,2.81999
3,27,5.60273,2.81624
4,27,5.52487,2.80372
5,27,5.64042,2.80827
6,27,5.60921,2.80848
7,27,5.70963,2.81353
8,27,5.63344,2.80993
9,27,5.45028,2.80424
10,27,5.53384,2.80872
1,28,3.69607,2.80626
2,28,3.74735,2.80235
3,28,3.68299,2.80025
4,28,3.66537,2.81337
5,28,3.70782,2.81294
6,28,3.74751,2.79893
7,28,3.73227,2.81037
8,28,3.71028,2.81796
9,28,3.64619,2.80102
10,28,3.65253,2.80469
1,29,5.96307,2.79006
2,29,6.01226,2.82272
3,29,6.06469,2.80618
4,29,5.8826,2.80606
5,29,6.04539,2.79628
6,29,6.22446,2.79643
7,29,6.06289,2.80507
8,29,5.79353,2.79924
9,29,5.8203,2.80764
10,29,6.0266,2.81143
1,30,6.95758,2.81552
2,30,6.85147,2.8043
3,30,6.92878,2.81104
4,30,6.83975,2.82186
5,30,6.82309,2.83199
6,30,6.80845,2.78504
7,30,6.90904,2.80264
8,30,7.1524,2.79671
9,30,7.10284,2.82427
10,30,7.13816,2.79654
1,31,10.307,2.81885
2,31,9.57954,2.78432
3,31,10.0044,2.78685
4,31,10.6617,2.80326
5,31,10.7173,2.81331
6,31,10.1418,2.79886
7,31,10.3046,2.80963
8,31,10.0817,2.80393
9,31,10.2868,2.80306
10,31,10.3304,2.78242
1,32,3.37616,2.78768
2,32,3.36656,2.81078
3,32,3.44756,2.82419
4,32,3.38605,2.79758
5,32,3.38383,2.80573
6,32,3.43032,2.81346
7,32,3.46994,2.82625
8,32,3.41628,2.80712
9,32,3.38241,2.82026
10,32,3.42156,2.80105
1,33,5.00127,2.79619
2,33,4.8993,2.79486
3,33,5.10593,2.79678
4,33,5.14029,2.82355
5,33,5.0292,2.80687
6,33,5.07585,2.79852
7,33,5.02944,2.80153
8,33,4.88714,2.77802
9,33,5.12706,2.78583
10,33,5.07207,2.79556
1,34,6.08892,2.8023
2,34,5.96075,2.81254
3,34,6.10163,2.8204
4,34,6.05421,2.8075
5,34,6.13626,2.82211
6,34,6.01723,2.79339
7,34,6.09291,2.83875
8,34,6.1765,2.80856
9,34,6.07615,2.83436
10,34,6.11905,2.81182
1,35,5.52685,2.80119
2,35,5.69984,2.81084
3,35,5.93126,2.80949
4,35,5.66791,2.7959
5,35,5.58844,2.82431
6,35,5.62556,2.82115
7,35,5.53005,2.79543
8,35,5.71797,2.79432
9,35,5.48907,2.7882
10,35,5.66528,2.78755
1,36,8.41319,2.81942
2,36,8.59598,2.81142
3,36,8.52546,2.81321
4,36,8.35595,2.79945
5,36,8.93185,2.79661
6,36,8.63136,2.79663
7,36,8.8713,2.81961
8,36,8.42589,2.80622
9,36,8.69848,2.83004
10,36,8.497,2.80621
1,37,6.76977,2.79795
2,37,6.95087,2.8144
3,37,6.87354,2.79303
4,37,6.55572,2.78796
5,37,6.79165,2.77667
6,37,6.83105,2.79243
7,37,7.05988,2.79441
8,37,6.59694,2.79057
9,37,6.56205,2.79614
10,37,7.00127,2.82269
1,38,8.87754,2.80268
2,38,8.87643,2.8
3,38,8.18178,2.8039
4,38,8.83849,2.80544
5,38,8.68639,2.79491
6,38,8.81952,2.80955
7,38,8.94099,2.79006
8,38,8.78181,2.7897
9,38,8.57864,2.79907
10,38,8.58335,2.81731
1,39,4.32968,2.80052
2,39,4.35033,2.79416
3,39,4.49581,2.81827
4,39,4.36701,2.80719
5,39,4.38026,2.8116
6,39,4.3894,2.80594
7,39,4.37174,2.81511
8,39,4.38699,2.82272
9,39,4.39485,2.82903
10,39,4.19213,2.79789
1,40,3.96147,2.78795
2,40,4.03497,2.79954
3,40,4.06902,2.79331
4,40,4.12233,2.80987
5,40,4.07243,2.80554
6,40,4.03743,2.80161
7,40,4.02135,2.7943
8,40,4.02602,2.78928
9,40,4.13292,2.81754
10,40,4.02957,2.79208
1,41,5.65832,2.79421
2,41,5.42954,2.78979
3,41,5.71848,2.78847
4,41,5.59474,2.79665
5,41,5.61366,2.80235
6,41,5.5167,2.79967
7,41,5.75346,2.8022
8,41,5.73293,2.79971
9,41,5.69224,2.80927
10,41,5.6695,2.81462
1,42,3.68859,2.78372
2,42,3.70758,2.79122
3,42,3.75753,2.80246
4,42,3.70403,2.79854
5,42,3.79342,2.80307
6,42,3.72524,2.81341
7,42,3.75264,2.81133
8,42,3.75535,2.8089
9,42,3.80733,2.82434
10,42,3.75259,2.81065
1,43,6.16823,2.82358
2,43,6.27002,2.80216
3,43,6.40633,2.79148
4,43,6.08033,2.78062
5,43,6.28139,2.79194
6,43,6.15944,2.7916
7,43,6.23289,2.78707
8,43,6.51407,2.81988
9,43,6.27924,2.80748
10,43,6.33555,2.81361
1,44,7.26603,2.78917
2,44,7.13133,2.82024
3,44,7.0046,2.79631
4,44,7.04768,2.79498
5,44,7.22587,2.8081
6,44,7.21219,2.8105
7,44,6.90033,2.79926
8,44,7.12001,2.81903
9,44,7.1068,2.80236
10,44,7.34428,2.82732
1,45,8.33432,2.80043
2,45,8.70385,2.77721
3,45,8.59487,2.79469
4,45,8.35335,2.81197
5,45,8.40727,2.8108
6,45,8.71696,2.78818
7,45,8.39858,2.79074
8,45,8.59215,2.795
9,45,7.90386,2.7752
10,45,8.64459,2.80433
