rep,id,eta_Cl,eta_V1,eta_Q,eta_V2,eta_S,eta_R0,eta_gamma,eta_MTT
1,1,0,-0.598621,0,0,0,0,0,0
2,1,0,-0.557677,0,0,0,0,0,0
3,1,0,-0.604136,0,0,0,0,0,0
4,1,0,-0.533798,0,0,0,0,0,0
5,1,0,-0.540378,0,0,0,0,0,0
6,1,0,-0.577616,0,0,0,0,0,0
7,1,0,-0.53832,0,0,0,0,0,0
8,1,0,-0.6407,0,0,0,0,0,0
9,1,0,-0.510289,0,0,0,0,0,0
10,1,0,-0.607485,0,0,0,0,0,0
1,2,0,-0.281066,0,0,0,0,0,0
2,2,0,-0.248252,0,0,0,0,0,0
3,2,0,-0.298637,0,0,0,0,0,0
4,2,0,-0.279551,0,0,0,0,0,0
5,2,0,-0.287553,0,0,0,0,0,0
6,2,0,-0.33335,0,0,0,0,0,0
7,2,0,-0.319807,0,0,0,0,0,0
8,2,0,-0.255587,0,0,0,0,0,0
9,2,0,-0.27637,0,0,0,0,0,0
10,2,0,-0.223003,0,0,0,0,0,0
1,3,0,0.320883,0,0,0,0,0,0
2,3,0,0.31484,0,0,0,0,0,0
3,3,0,0.315272,0,0,0,0,0,0
4,3,0,0.3477,0,0,0,0,0,0
5,3,0,0.305867,0,0,0,0,0,0
6,3,0,0.292223,0,0,0,0,0,0
7,3,0,0.364967,0,0,0,0,0,0
8,3,0,0.368875,0,0,0,0,0,0
9,3,0,0.359258,0,0,0,0,0,0
10,3,0,0.317417,0,0,0,0,0,0
1,4,0,0.0201494,0,0,0,0,0,0
2,4,0,0.0567726,0,0,0,0,0,0
3,4,0,0.0762628,0,0,0,0,0,0
4,4,0,0.0940531,0,0,0,0,0,0
5,4,0,0.0693521,0,0,0,0,0,0
6,4,0,0.0225379,0,0,0,0,0,0
7,4,0,0.0128589,0,0,0,0,0,0
8,4,0,0.0303812,0,0,0,0,0,0
9,4,0,0.0233462,0,0,0,0,0,0
10,4,0,-0.0119238,0,0,0,0,0,0
1,5,0,0.503088,0,0,0,0,0,0
2,5,0,0.464092,0,0,0,0,0,0
3,5,0,0.502272,0,0,0,0,0,0
4,5,0,0.51009,0,0,0,0,0,0
5,5,0,0.503366,0,0,0,0,0,0
6,5,0,0.517461,0,0,0,0,0,0
7,5,0,0.501754,0,0,0,0,0,0
8,5,0,0.51846,0,0,0,0,0,0
9,5,0,0.552963,0,0,0,0,0,0
10,5,0,0.504029,0,0,0,0,0,0
1,6,0,0.356413,0,0,0,0,0,0
2,6,0,0.363509,0,0,0,0,0,0
3,6,0,0.426932,0,0,0,0,0,0
4,6,0,0.410833,0,0,0,0,0,0
5,6,0,0.384638,0,0,0,0,0,0
6,6,0,0.384095,0,0,0,0,0,0
7,6,0,0.373549,0,0,0,0,0,0
8,6,0,0.38988,0,0,0,0,0,0
9,6,0,0.38171,0,0,0,0,0,0
10,6,0,0.410948,0,0,0,0,0,0
1,7,0,0.0556071,0,0,0,0,0,0
2,7,0,-0.000586691,0,0,0,0,0,0
3,7,0,0.107144,0,0,0,0,0,0
4,7,0,0.0467013,0,0,0,0,0,0
5,7,0,0.0501069,0,0,0,0,0,0
6,7,0,0.0304712,0,0,0,0,0,0
7,7,0,0.0845225,0,0,0,0,0,0
8,7,0,0.0863633,0,0,0,0,0,0
9,7,0,0.0512544,0,0,0,0,0,0
10,7,0,0.0249019,0,0,0,0,0,0
1,8,0,0.372913,0,0,0,0,0,0
2,8,0,0.410634,0,0,0,0,0,0
3,8,0,0.421154,0,0,0,0,0,0
4,8,0,0.359247,0,0,0,0,0,0
5,8,0,0.364408,0,0,0,0,0,0
6,8,0,0.393406,0,0,0,0,0,0
7,8,0,0.30031,0,0,0,0,0,0
8,8,0,0.36408,0,0,0,0,0,0
9,8,0,0.372653,0,0,0,0,0,0
10,8,0,0.356485,0,0,0,0,0,0
1,9,0,0.179916,0,0,0,0,0,0
2,9,0,0.226698,0,0,0,0,0,0
3,9,0,0.26078,0,0,0,0,0,0
4,9,0,0.262114,0,0,0,0,0,0
5,9,0,0.309277,0,0,0,0,0,0
6,9,0,0.159228,0,0,0,0,0,0
7,9,0,0.260409,0,0,0,0,0,0
8,9,0,0.285584,0,0,0,0,0,0
9,9,0,0.249888,0,0,0,0,0,0
10,9,0,0.247597,0,0,0,0,0,0
1,10,0,0.314506,0,0,0,0,0,0
2,10,0,0.312925,0,0,0,0,0,0
3,10,0,0.335198,0,0,0,0,0,0
4,10,0,0.245828,0,0,0,0,0,0
5,10,0,0.305092,0,0,0,0,0,0
6,10,0,0.305301,0,0,0,0,0,0
7,10,0,0.350574,0,0,0,0,0,0
8,10,0,0.267171,0,0,0,0,0,0
9,10,0,0.365236,0,0,0,0,0,0
10,10,0,0.335949,0,0,0,0,0,0
1,11,0,0.701711,0,0,0,0,0,0
2,11,0,0.645575,0,0,0,0,0,0
3,11,0,0.617031,0,0,0,0,0,0
4,11,0,0.604507,0,0,0,0,0,0
5,11,0,0.605813,0,0,0,0,0,0
6,11,0,0.655876,0,0,0,0,0,0
7,11,0,0.545406,0,0,0,0,0,0
8,11,0,0.599202,0,0,0,0,0,0
9,11,0,0.594892,0,0,0,0,0,0
10,11,0,0.629153,0,0,0,0,0,0
1,12,0,-0.141206,0,0,0,0,0,0
2,12,0,-0.158781,0,0,0,0,0,0
3,12,0,-0.156479,0,0,0,0,0,0
4,12,0,-0.155235,0,0,0,0,0,0
5,12,0,-0.117489,0,0,0,0,0,0
6,12,0,-0.12563,0,0,0,0,0,0
7,12,0,-0.113021,0,0,0,0,0,0
8,12,0,-0.197488,0,0,0,0,0,0
9,12,0,-0.142301,0,0,0,0,0,0
10,12,0,-0.17042,0,0,0,0,0,0
1,13,0,-0.188218,0,0,0,0,0,0
2,13,0,-0.167457,0,0,0,0,0,0
3,13,0,-0.174042,0,0,0,0,0,0
4,13,0,-0.168197,0,0,0,0,0,0
5,13,0,-0.203779,0,0,0,0,0,0
6,13,0,-0.246956,0,0,0,0,0,0
7,13,0,-0.19618,0,0,0,0,0,0
8,13,0,-0.206296,0,0,0,0,0,0
9,13,0,-0.246057,0,0,0,0,0,0
10,13,0,-0.172096,0,0,0,0,0,0
1,14,0,-0.0958907,0,0,0,0,0,0
2,14,0,-0.0131183,0,0,0,0,0,0
3,14,0,-0.0229879,0,0,0,0,0,0
4,14,0,-0.0655914,0,0,0,0,0,0
5,14,0,-0.0110639,0,0,0,0,0,0
6,14,0,-0.0634592,0,0,0,0,0,0
7,14,0,-0.0615018,0,0,0,0,0,0
8,14,0,-0.087236,0,0,0,0,0,0
9,14,0,-0.0747206,0,0,0,0,0,0
10,14,0,-0.0653742,0,0,0,0,0,0
1,15,0,-0.0966227,0,0,0,0,0,0
2,15,0,-0.0327105,0,0,0,0,0,0
3,15,0,0.0420127,0,0,0,0,0,0
4,15,0,-0.106784,0,0,0,0,0,0
5,15,0,-0.0179521,0,0,0,0,0,0
6,15,0,-0.0394202,0,0,0,0,0,0
7,15,0,-0.15876,0,0,0,0,0,0
8,15,0,-0.111519,0,0,0,0,0,0
9,15,0,-0.0964985,0,0,0,0,0,0
10,15,0,-0.0974275,0,0,0,0,0,0
1,16,0,-0.0877712,0,0,0,0,0,0
2,16,0,-0.112579,0,0,0,0,0,0
3,16,0,-0.128175,0,0,0,0,0,0
4,16,0,-0.171922,0,0,0,0,0,0
5,16,0,-0.169058,0,0,0,0,0,0
6,16,0,-0.133302,0,0,0,0,0,0
7,16,0,-0.0673005,0,0,0,0,0,0
8,16,0,-0.134089,0,0,0,0,0,0
9,16,0,-0.100557,0,0,0,0,0,0
10,16,0,-0.16957,0,0,0,0,0,0
1,17,0,-0.303766,0,0,0,0,0,0
2,17,0,-0.399232,0,0,0,0,0,0
3,17,0,-0.302312,0,0,0,0,0,0
4,17,0,-0.325313,0,0,0,0,0,0
5,17,0,-0.329273,0,0,0,0,0,0
6,17,0,-0.316002,0,0,0,0,0,0
7,17,0,-0.284121,0,0,0,0,0,0
8,17,0,-0.35936,0,0,0,0,0,0
9,17,0,-0.328806,0,0,0,0,0,0
10,17,0,-0.414167,0,0,0,0,0,0
1,18,0,-0.123479,0,0,0,0,0,0
2,18,0,-0.130278,0,0,0,0,0,0
3,18,0,-0.0891612,0,0,0,0,0,0
4,18,0,-0.103844,0,0,0,0,0,0
5,18,0,-0.0857859,0,0,0,0,0,0
6,18,0,-0.0928576,0,0,0,0,0,0
7,18,0,-0.0696237,0,0,0,0,0,0
8,18,0,-0.0640647,0,0,0,0,0,0
9,18,0,-0.109832,0,0,0,0,0,0
10,18,0,-0.0504901,0,0,0,0,0,0
1,19,0,0.26094,0,0,0,0,0,0
2,19,0,0.308571,0,0,0,0,0,0
3,19,0,0.275009,0,0,0,0,0,0
4,19,0,0.276665,0,0,0,0,0,0
5,19,0,0.279583,0,0,0,0,0,0
6,19,0,0.28555,0,0,0,0,0,0
7,19,0,0.262547,0,0,0,0,0,0
8,19,0,0.277692,0,0,0,0,0,0
9,19,0,0.271853,0,0,0,0,0,0
10,19,0,0.260258,0,0,0,0,0,0
1,20,0,-0.332715,0,0,0,0,0,0
2,20,0,-0.345391,0,0,0,0,0,0
3,20,0,-0.290472,0,0,0,0,0,0
4,20,0,-0.309459,0,0,0,0,0,0
5,20,0,-0.346801,0,0,0,0,0,0
6,20,0,-0.345503,0,0,0,0,0,0
7,20,0,-0.393133,0,0,0,0,0,0
8,20,0,-0.352329,0,0,0,0,0,0
9,20,0,-0.355958,0,0,0,0,0,0
10,20,0,-0.301539,0,0,0,0,0,0
1,21,0,0.112238,0,0,0,0,0,0
2,21,0,0.151773,0,0,0,0,0,0
3,21,0,0.172952,0,0,0,0,0,0
4,21,0,0.146514,0,0,0,0,0,0
5,21,0,0.106818,0,0,0,0,0,0
6,21,0,0.135334,0,0,0,0,0,0
7,21,0,0.165737,0,0,0,0,0,0
8,21,0,0.0912146,0,0,0,0,0,0
9,21,0,0.166309,0,0,0,0,0,0
10,21,0,0.0701105,0,0,0,0,0,0
1,22,0,-0.295302,0,0,0,0,0,0
2,22,0,-0.351907,0,0,0,0,0,0
3,22,0,-0.412344,0,0,0,0,0,0
4,22,0,-0.411955,0,0,0,0,0,0
5,22,0,-0.392868,0,0,0,0,0,0
6,22,0,-0.410459,0,0,0,0,0,0
7,22,0,-0.361085,0,0,0,0,0,0
8,22,0,-0.352658,0,0,0,0,0,0
9,22,0,-0.414843,0,0,0,0,0,0
10,22,0,-0.325335,0,0,0,0,0,0
1,23,0,0.551012,0,0,0,0,0,0
2,23,0,0.572024,0,0,0,0,0,0
3,23,0,0.566054,0,0,0,0,0,0
4,23,0,0.552962,0,0,0,0,0,0
5,23,0,0.559384,0,0,0,0,0,0
6,23,0,0.5642,0,0,0,0,0,0
7,23,0,0.562597,0,0,0,0,0,0
8,23,0,0.543436,0,0,0,0,0,0
9,23,0,0.557947,0,0,0,0,0,0
10,23,0,0.596627,0,0,0,0,0,0
1,24,0,0.0816454,0,0,0,0,0,0
2,24,0,0.0723404,0,0,0,0,0,0
3,24,0,0.0730368,0,0,0,0,0,0
4,24,0,0.0811584,0,0,0,0,0,0
5,24,0,0.0793627,0,0,0,0,0,0
6,24,0,0.0984545,0,0,0,0,0,0
7,24,0,0.0388735,0,0,0,0,0,0
8,24,0,0.073014,0,0,0,0,0,0
9,24,0,0.146672,0,0,0,0,0,0
10,24,0,0.0741094,0,0,0,0,0,0
1,25,0,-0.0634482,0,0,0,0,0,0
2,25,0,-0.0569671,0,0,0,0,0,0
3,25,0,-0.0328275,0,0,0,0,0,0
4,25,0,-0.0800057,0,0,0,0,0,0
5,25,0,-0.0582712,0,0,0,0,0,0
6,25,0,-0.0764171,0,0,0,0,0,0
7,25,0,-0.0752525,0,0,0,0,0,0
8,25,0,-0.0688384,0,0,0,0,0,0
9,25,0,-0.0279063,0,0,0,0,0,0
10,25,0,-0.0498809,0,0,0,0,0,0
1,26,0,-0.247478,0,0,0,0,0,0
2,26,0,-0.173451,0,0,0,0,0,0
3,26,0,-0.238915,0,0,0,0,0,0
4,26,0,-0.27364,0,0,0,0,0,0
5,26,0,-0.247229,0,0,0,0,0,0
6,26,0,-0.294976,0,0,0,0,0,0
7,26,0,-0.24698,0,0,0,0,0,0
8,26,0,-0.241693,0,0,0,0,0,0
9,26,0,-0.245435,0,0,0,0,0,0
10,26,0,-0.197679,0,0,0,0,0,0
1,27,0,-0.206686,0,0,0,0,0,0
2,27,0,-0.192083,0,0,0,0,0,0
3,27,0,-0.188614,0,0,0,0,0,0
4,27,0,-0.177151,0,0,0,0,0,0
5,27,0,-0.194208,0,0,0,0,0,0
6,27,0,-0.158221,0,0,0,0,0,0
7,27,0,-0.130749,0,0,0,0,0,0
8,27,0,-0.137768,0,0,0,0,0,0
9,27,0,-0.179777,0,0,0,0,0,0
10,27,0,-0.122683,0,0,0,0,0,0
1,28,0,0.275663,0,0,0,0,0,0
2,28,0,0.324543,0,0,0,0,0,0
3,28,0,0.283551,0,0,0,0,0,0
4,28,0,0.26818,0,0,0,0,0,0
5,28,0,0.292915,0,0,0,0,0,0
6,28,0,0.286946,0,0,0,0,0,0
7,28,0,0.328343,0,0,0,0,0,0
8,28,0,0.305936,0,0,0,0,0,0
9,28,0,0.283864,0,0,0,0,0,0
10,28,0,0.295141,0,0,0,0,0,0
1,29,0,-0.119809,0,0,0,0,0,0
2,29,0,-0.0620832,0,0,0,0,0,0
3,29,0,-0.11058,0,0,0,0,0,0
4,29,0,-0.142005,0,0,0,0,0,0
5,29,0,-0.0726762,0,0,0,0,0,0
6,29,0,-0.0618971,0,0,0,0,0,0
7,29,0,-0.0923582,0,0,0,0,0,0
8,29,0,-0.0419697,0,0,0,0,0,0
9,29,0,-0.0826504,0,0,0,0,0,0
10,29,0,-0.0332232,0,0,0,0,0,0
1,30,0,0.474124,0,0,0,0,0,0
2,30,0,0.443797,0,0,0,0,0,0
3,30,0,0.485964,0,0,0,0,0,0
4,30,0,0.513458,0,0,0,0,0,0
5,30,0,0.489812,0,0,0,0,0,0
6,30,0,0.46626,0,0,0,0,0,0
7,30,0,0.425055,0,0,0,0,0,0
8,30,0,0.480151,0,0,0,0,0,0
9,30,0,0.456811,0,0,0,0,0,0
10,30,0,0.466876,0,0,0,0,0,0
1,31,0,0.149487,0,0,0,0,0,0
2,31,0,0.14256,0,0,0,0,0,0
3,31,0,0.180642,0,0,0,0,0,0
4,31,0,0.125361,0,0,0,0,0,0
5,31,0,0.173253,0,0,0,0,0,0
6,31,0,0.119392,0,0,0,0,0,0
7,31,0,0.14908,0,0,0,0,0,0
8,31,0,0.166392,0,0,0,0,0,0
9,31,0,0.191416,0,0,0,0,0,0
10,31,0,0.142729,0,0,0,0,0,0
1,32,0,-0.816284,0,0,0,0,0,0
2,32,0,-0.781988,0,0,0,0,0,0
3,32,0,-0.712785,0,0,0,0,0,0
4,32,0,-0.731484,0,0,0,0,0,0
5,32,0,-0.692999,0,0,0,0,0,0
6,32,0,-0.719011,0,0,0,0,0,0
7,32,0,-0.801776,0,0,0,0,0,0
8,32,0,-0.726559,0,0,0,0,0,0
9,32,0,-0.772737,0,0,0,0,0,0
10,32,0,-0.646784,0,0,0,0,0,0
1,33,0,0.0888989,0,0,0,0,0,0
2,33,0,0.106433,0,0,0,0,0,0
3,33,0,0.10376,0,0,0,0,0,0
4,33,0,0.0876383,0,0,0,0,0,0
5,33,0,0.119195,0,0,0,0,0,0
6,33,0,0.140757,0,0,0,0,0,0
7,33,0,0.10634,0,0,0,0,0,0
8,33,0,0.166011,0,0,0,0,0,0
9,33,0,0.136315,0,0,0,0,0,0
10,33,0,0.172413,0,0,0,0,0,0
1,34,0,0.348761,0,0,0,0,0,0
2,34,0,0.275383,0,0,0,0,0,0
3,34,0,0.307667,0,0,0,0,0,0
4,34,0,0.350822,0,0,0,0,0,0
5,34,0,0.333328,0,0,0,0,0,0
6,34,0,0.267286,0,0,0,0,0,0
7,34,0,0.285806,0,0,0,0,0,0
8,34,0,0.312568,0,0,0,0,0,0
9,34,0,0.255643,0,0,0,0,0,0
10,34,0,0.33326,0,0,0,0,0,0
1,35,0,-0.346531,0,0,0,0,0,0
2,35,0,-0.31179,0,0,0,0,0,0
3,35,0,-0.352002,0,0,0,0,0,0
4,35,0,-0.356214,0,0,0,0,0,0
5,35,0,-0.339261,0,0,0,0,0,0
6,35,0,-0.338308,0,0,0,0,0,0
7,35,0,-0.338208,0,0,0,0,0,0
8,35,0,-0.328793,0,0,0,0,0,0
9,35,0,-0.334972,0,0,0,0,0,0
10,35,0,-0.37727,0,0,0,0,0,0
1,36,0,-0.45106,0,0,0,0,0,0
2,36,0,-0.520968,0,0,0,0,0,0
3,36,0,-0.530077,0,0,0,0,0,0
4,36,0,-0.515454,0,0,0,0,0,0
5,36,0,-0.52486,0,0,0,0,0,0
6,36,0,-0.490419,0,0,0,0,0,0
7,36,0,-0.520844,0,0,0,0,0,0
8,36,0,-0.500603,0,0,0,0,0,0
9,36,0,-0.580464,0,0,0,0,0,0
10,36,0,-0.545123,0,0,0,0,0,0
1,37,0,-0.205035,0,0,0,0,0,0
2,37,0,-0.203902,0,0,0,0,0,0
3,37,0,-0.199928,0,0,0,0,0,0
4,37,0,-0.178922,0,0,0,0,0,0
5,37,0,-0.219168,0,0,0,0,0,0
6,37,0,-0.18555,0,0,0,0,0,0
7,37,0,-0.212574,0,0,0,0,0,0
8,37,0,-0.233868,0,0,0,0,0,0
9,37,0,-0.209786,0,0,0,0,0,0
10,37,0,-0.209118,0,0,0,0,0,0
1,38,0,-0.311954,0,0,0,0,0,0
2,38,0,-0.258493,0,0,0,0,0,0
3,38,0,-0.275414,0,0,0,0,0,0
4,38,0,-0.235382,0,0,0,0,0,0
5,38,0,-0.319305,0,0,0,0,0,0
6,38,0,-0.269249,0,0,0,0,0,0
7,38,0,-0.248938,0,0,0,0,0,0
8,38,0,-0.312471,0,0,0,0,0,0
9,38,0,-0.274627,0,0,0,0,0,0
10,38,0,-0.23725,0,0,0,0,0,0
1,39,0,-0.177209,0,0,0,0,0,0
2,39,0,-0.179539,0,0,0,0,0,0
3,39,0,-0.121554,0,0,0,0,0,0
4,39,0,-0.139572,0,0,0,0,0,0
5,39,0,-0.177197,0,0,0,0,0,0
6,39,0,-0.16814,0,0,0,0,0,0
7,39,0,-0.119532,0,0,0,0,0,0
8,39,0,-0.17154,0,0,0,0,0,0
9,39,0,-0.121157,0,0,0,0,0,0
10,39,0,-0.108911,0,0,0,0,0,0
1,40,0,0.442994,0,0,0,0,0,0
2,40,0,0.416521,0,0,0,0,0,0
3,40,0,0.456776,0,0,0,0,0,0
4,40,0,0.436947,0,0,0,0,0,0
5,40,0,0.441824,0,0,0,0,0,0
6,40,0,0.415193,0,0,0,0,0,0
7,40,0,0.468384,0,0,0,0,0,0
8,40,0,0.415553,0,0,0,0,0,0
9,40,0,0.435663,0,0,0,0,0,0
10,40,0,0.422084,0,0,0,0,0,0
1,41,0,0.0670152,0,0,0,0,0,0
2,41,0,0.0677633,0,0,0,0,0,0
3,41,0,0.0682204,0,0,0,0,0,0
4,41,0,0.0546055,0,0,0,0,0,0
5,41,0,0.0543157,0,0,0,0,0,0
6,41,0,0.0659338,0,0,0,0,0,0
7,41,0,0.114075,0,0,0,0,0,0
8,41,0,0.0127726,0,0,0,0,0,0
9,41,0,0.051819,0,0,0,0,0,0
10,41,0,0.0819469,0,0,0,0,0,0
1,42,0,0.105205,0,0,0,0,0,0
2,42,0,0.0959334,0,0,0,0,0,0
3,42,0,0.110862,0,0,0,0,0,0
4,42,0,0.156729,0,0,0,0,0,0
5,42,0,0.0997107,0,0,0,0,0,0
6,42,0,0.127866,0,0,0,0,0,0
7,42,0,0.10737,0,0,0,0,0,0
8,42,0,0.142844,0,0,0,0,0,0
9,42,0,0.0929932,0,0,0,0,0,0
10,42,0,0.108794,0,0,0,0,0,0
1,43,0,-0.265549,0,0,0,0,0,0
2,43,0,-0.183424,0,0,0,0,0,0
3,43,0,-0.195293,0,0,0,0,0,0
4,43,0,-0.192992,0,0,0,0,0,0
5,43,0,-0.194763,0,0,0,0,0,0
6,43,0,-0.189096,0,0,0,0,0,0
7,43,0,-0.209584,0,0,0,0,0,0
8,43,0,-0.167224,0,0,0,0,0,0
9,43,0,-0.213288,0,0,0,0,0,0
10,43,0,-0.144385,0,0,0,0,0,0
1,44,0,0.10984,0,0,0,0,0,0
2,44,0,0.170474,0,0,0,0,0,0
3,44,0,0.0977335,0,0,0,0,0,0
4,44,0,0.117254,0,0,0,0,0,0
5,44,0,0.033328,0,0,0,0,0,0
6,44,0,0.10085,0,0,0,0,0,0
7,44,0,0.0992582,0,0,0,0,0,0
8,44,0,0.121934,0,0,0,0,0,0
9,44,0,0.18616,0,0,0,0,0,0
10,44,0,0.117775,0,0,0,0,0,0
1,45,0,-0.320424,0,0,0,0,0,0
2,45,0,-0.36576,0,0,0,0,0,0
3,45,0,-0.394894,0,0,0,0,0,0
4,45,0,-0.376767,0,0,0,0,0,0
5,45,0,-0.383522,0,0,0,0,0,0
6,45,0,-0.360997,0,0,0,0,0,0
7,45,0,-0.366048,0,0,0,0,0,0
8,45,0,-0.367379,0,0,0,0,0,0
9,45,0,-0.382093,0,0,0,0,0,0
10,45,0,-0.294353,0,0,0,0,0,0
