rep,id,Cl,V1,Q,V2,S,R0,gamma,MTT
1,1,2.87044,0.391405,2.41619,4.95029,20.7231,982.778,0.432945,84.8893
2,1,2.87044,0.407764,2.41619,4.95029,20.7231,982.778,0.432945,84.8893
3,1,2.87044,0.389253,2.41619,4.95029,20.7231,982.778,0.432945,84.8893
4,1,2.87044,0.417618,2.41619,4.95029,20.7231,982.778,0.432945,84.8893
5,1,2.87044,0.414879,2.41619,4.95029,20.7231,982.778,0.432945,84.8893
6,1,2.87044,0.399714,2.41619,4.95029,20.7231,982.778,0.432945,84.8893
7,1,2.87044,0.415734,2.41619,4.95029,20.7231,982.778,0.432945,84.8893
8,1,2.87044,0.375277,2.41619,4.95029,20.7231,982.778,0.432945,84.8893
9,1,2.87044,0.427552,2.41619,4.95029,20.7231,982.778,0.432945,84.8893
10,1,2.87044,0.387951,2.41619,4.95029,20.7231,982.778,0.432945,84.8893
1,2,2.87044,0.537699,2.41619,4.95029,20.7231,982.778,0.432945,84.8893
2,2,2.87044,0.555636,2.41619,4.95029,20.7231,982.778,0.432945,84.8893
3,2,2.87044,0.528334,2.41619,4.95029,20.7231,982.778,0.432945,84.8893
4,2,2.87044,0.538514,2.41619,4.95029,20.7231,982.778,0.432945,84.8893
5,2,2.87044,0.534222,2.41619,4.95029,20.7231,982.778,0.432945,84.8893
6,2,2.87044,0.510308,2.41619,4.95029,20.7231,982.778,0.432945,84.8893
7,2,2.87044,0.517267,2.41619,4.95029,20.7231,982.778,0.432945,84.8893
8,2,2.87044,0.551575,2.41619,4.95029,20.7231,982.778,0.432945,84.8893
9,2,2.87044,0.54023,2.41619,4.95029,20.7231,982.778,0.432945,84.8893
10,2,2.87044,0.569844,2.41619,4.95029,20.7231,982.778,0.432945,84.8893
1,3,2.87044,0.981663,2.41619,4.95029,20.7231,982.778,0.432945,84.8893
2,3,2.87044,0.975749,2.41619,4.95029,20.7231,982.778,0.432945,84.8893
3,3,2.87044,0.97617,2.41619,4.95029,20.7231,982.778,0.432945,84.8893
4,3,2.87044,1.00834,2.41619,4.95029,20.7231,982.778,0.432945,84.8893
5,3,2.87044,0.967032,2.41619,4.95029,20.7231,982.778,0.432945,84.8893
6,3,2.87044,0.953928,2.41619,4.95029,20.7231,982.778,0.432945,84.8893
7,3,2.87044,1.02591,2.41619,4.95029,20.7231,982.778,0.432945,84.8893
8,3,2.87044,1.02992,2.41619,4.95029,20.7231,982.778,0.432945,84.8893
9,3,2.87044,1.02007,2.41619,4.95029,20.7231,982.778,0.432945,84.8893
10,3,2.87044,0.978266,2.41619,4.95029,20.7231,982.778,0.432945,84.8893
1,4,2.87044,0.7267,2.41619,4.95029,20.7231,982.778,0.432945,84.8893
2,4,2.87044,0.753808,2.41619,4.95029,20.7231,982.778,0.432945,84.8893
3,4,2.87044,0.768644,2.41619,4.95029,20.7231,982.778,0.432945,84.8893
4,4,2.87044,0.782441,2.41619,4.95029,20.7231,982.778,0.432945,84.8893
5,4,2.87044,0.76335,2.41619,4.95029,20.7231,982.778,0.432945,84.8893
6,4,2.87044,0.728438,2.41619,4.95029,20.7231,982.778,0.432945,84.8893
7,4,2.87044,0.721422,2.41619,4.95029,20.7231,982.778,0.432945,84.8893
8,4,2.87044,0.734174,2.41619,4.95029,20.7231,982.778,0.432945,84.8893
9,4,2.87044,0.729027,2.41619,4.95029,20.7231,982.778,0.432945,84.8893
10,4,2.87044,0.703763,2.41619,4.95029,20.7231,982.778,0.432945,84.8893
1,5,2.87044,1.17786,2.41619,4.95029,20.7231,982.778,0.432945,84.8893
2,5,2.87044,1.13281,2.41619,4.95029,20.7231,982.778,0.432945,84.8893
3,5,2.87044,1.1769,2.41619,4.95029,20.7231,982.778,0.432945,84.8893
4,5,2.87044,1.18613,2.41619,4.95029,20.7231,982.778,0.432945,84.8893
5,5,2.87044,1.17819,2.41619,4.95029,20.7231,982.778,0.432945,84.8893
6,5,2.87044,1.19491,2.41619,4.95029,20.7231,982.778,0.432945,84.8893
7,5,2.87044,1.17629,2.41619,4.95029,20.7231,982.778,0.432945,84.8893
8,5,2.87044,1.1961,2.41619,4.95029,20.7231,982.778,0.432945,84.8893
9,5,2.87044,1.23809,2.41619,4.95029,20.7231,982.778,0.432945,84.8893
10,5,2.87044,1.17897,2.41619,4.95029,20.7231,982.778,0.432945,84.8893
1,6,2.87044,1.01717,2.41619,4.95029,20.7231,982.778,0.432945,84.8893
2,6,2.87044,1.02441,2.41619,4.95029,20.7231,982.778,0.432945,84.8893
3,6,2.87044,1.09149,2.41619,4.95029,20.7231,982.778,0.432945,84.8893
4,6,2.87044,1.07406,2.41619,4.95029,20.7231,982.778,0.432945,84.8893
5,6,2.87044,1.04629,2.41619,4.95029,20.7231,982.778,0.432945,84.8893
6,6,2.87044,1.04572,2.41619,4.95029,20.7231,982.778,0.432945,84.8893
7,6,2.87044,1.03475,2.41619,4.95029,20.7231,982.778,0.432945,84.8893
8,6,2.87044,1.05179,2.41619,4.95029,20.7231,982.778,0.432945,84.8893
9,6,2.87044,1.04323,2.41619,4.95029,20.7231,982.778,0.432945,84.8893
10,6,2.87044,1.07418,2.41619,4.95029,20.7231,982.778,0.432945,84.8893
1,7,2.87044,0.75293,2.41619,4.95029,20.7231,982.778,0.432945,84.8893
2,7,2.87044,0.711787,2.41619,4.95029,20.7231,982.778,0.432945,84.8893
3,7,2.87044,0.792751,2.41619,4.95029,20.7231,982.778,0.432945,84.8893
4,7,2.87044,0.746254,2.41619,4.95029,20.7231,982.778,0.432945,84.8893
5,7,2.87044,0.7488,2.41619,4.95029,20.7231,982.778,0.432945,84.8893
6,7,2.87044,0.73424,2.41619,4.95029,20.7231,982.778,0.432945,84.8893
7,7,2.87044,0.775019,2.41619,4.95029,20.7231,982.778,0.432945,84.8893
8,7,2.87044,0.776447,2.41619,4.95029,20.7231,982.778,0.432945,84.8893
9,7,2.87044,0.74966,2.41619,4.95029,20.7231,982.778,0.432945,84.8893
10,7,2.87044,0.730162,2.41619,4.95029,20.7231,982.778,0.432945,84.8893
1,8,2.87044,1.03409,2.41619,4.95029,20.7231,982.778,0.432945,84.8893
2,8,2.87044,1.07384,2.41619,4.95029,20.7231,982.778,0.432945,84.8893
3,8,2.87044,1.0852,2.41619,4.95029,20.7231,982.778,0.432945,84.8893
4,8,2.87044,1.02006,2.41619,4.95029,20.7231,982.778,0.432945,84.8893
5,8,2.87044,1.02533,2.41619,4.95029,20.7231,982.778,0.432945,84.8893
6,8,2.87044,1.0555,2.41619,4.95029,20.7231,982.778,0.432945,84.8893
7,8,2.87044,0.961674,2.41619,4.95029,20.7231,982.778,0.432945,84.8893
8,8,2.87044,1.025,2.41619,4.95029,20.7231,982.778,0.432945,84.8893
9,8,2.87044,1.03382,2.41619,4.95029,20.7231,982.778,0.432945,84.8893
10,8,2.87044,1.01724,2.41619,4.95029,20.7231,982.778,0.432945,84.8893
1,9,2.87044,0.852592,2.41619,4.95029,20.7231,982.778,0.432945,84.8893
2,9,2.87044,0.893425,2.41619,4.95029,20.7231,982.778,0.432945,84.8893
3,9,2.87044,0.9244,2.41619,4.95029,20.7231,982.778,0.432945,84.8893
4,9,2.87044,0.925634,2.41619,4.95029,20.7231,982.778,0.432945,84.8893
5,9,2.87044,0.970336,2.41619,4.95029,20.7231,982.778,0.432945,84.8893
6,9,2.87044,0.835135,2.41619,4.95029,20.7231,982.778,0.432945,84.8893
7,9,2.87044,0.924057,2.41619,4.95029,20.7231,982.778,0.432945,84.8893
8,9,2.87044,0.947615,2.41619,4.95029,20.7231,982.778,0.432945,84.8893
9,9,2.87044,0.914386,2.41619,4.95029,20.7231,982.778,0.432945,84.8893
10,9,2.87044,0.912293,2.41619,4.95029,20.7231,982.778,0.432945,84.8893
1,10,2.87044,0.975423,2.41619,4.95029,20.7231,982.778,0.432945,84.8893
2,10,2.87044,0.973881,2.41619,4.95029,20.7231,982.778,0.432945,84.8893
3,10,2.87044,0.995817,2.41619,4.95029,20.7231,982.778,0.432945,84.8893
4,10,2.87044,0.910681,2.41619,4.95029,20.7231,982.778,0.432945,84.8893
5,10,2.87044,0.966283,2.41619,4.95029,20.7231,982.778,0.432945,84.8893
6,10,2.87044,0.966485,2.41619,4.95029,20.7231,982.778,0.432945,84.8893
7,10,2.87044,1.01125,2.41619,4.95029,20.7231,982.778,0.432945,84.8893
8,10,2.87044,0.930327,2.41619,4.95029,20.7231,982.778,0.432945,84.8893
9,10,2.87044,1.02618,2.41619,4.95029,20.7231,982.778,0.432945,84.8893
10,10,2.87044,0.996565,2.41619,4.95029,20.7231,982.778,0.432945,84.8893
1,11,2.87044,1.43666,2.41619,4.95029,20.7231,982.778,0.432945,84.8893
2,11,2.87044,1.35823,2.41619,4.95029,20.7231,982.778,0.432945,84.8893
3,11,2.87044,1.32001,2.41619,4.95029,20.7231,982.778,0.432945,84.8893
4,11,2.87044,1.30358,2.41619,4.95029,20.7231,982.778,0.432945,84.8893
5,11,2.87044,1.30529,2.41619,4.95029,20.7231,982.778,0.432945,84.8893
6,11,2.87044,1.3723,2.41619,4.95029,20.7231,982.778,0.432945,84.8893
7,11,2.87044,1.22877,2.41619,4.95029,20.7231,982.778,0.432945,84.8893
8,11,2.87044,1.29669,2.41619,4.95029,20.7231,982.778,0.432945,84.8893
9,11,2.87044,1.29111,2.41619,4.95029,20.7231,982.778,0.432945,84.8893
10,11,2.87044,1.33611,2.41619,4.95029,20.7231,982.778,0.432945,84.8893
1,12,2.87044,0.618414,2.41619,4.95029,20.7231,982.778,0.432945,84.8893
2,12,2.87044,0.607641,2.41619,4.95029,20.7231,982.778,0.432945,84.8893
3,12,2.87044,0.609041,2.41619,4.95029,20.7231,982.778,0.432945,84.8893
4,12,2.87044,0.6098,2.41619,4.95029,20.7231,982.778,0.432945,84.8893
5,12,2.87044,0.633257,2.41619,4.95029,20.7231,982.778,0.432945,84.8893
6,12,2.87044,0.628122,2.41619,4.95029,20.7231,982.778,0.432945,84.8893
7,12,2.87044,0.636092,2.41619,4.95029,20.7231,982.778,0.432945,84.8893
8,12,2.87044,0.58457,2.41619,4.95029,20.7231,982.778,0.432945,84.8893
9,12,2.87044,0.617738,2.41619,4.95029,20.7231,982.778,0.432945,84.8893
10,12,2.87044,0.60061,2.41619,4.95029,20.7231,982.778,0.432945,84.8893
1,13,2.87044,0.590014,2.41619,4.95029,20.7231,982.778,0.432945,84.8893
2,13,2.87044,0.602392,2.41619,4.95029,20.7231,982.778,0.432945,84.8893
3,13,2.87044,0.598438,2.41619,4.95029,20.7231,982.778,0.432945,84.8893
4,13,2.87044,0.601946,2.41619,4.95029,20.7231,982.778,0.432945,84.8893
5,13,2.87044,0.580904,2.41619,4.95029,20.7231,982.778,0.432945,84.8893
6,13,2.87044,0.556356,2.41619,4.95029,20.7231,982.778,0.432945,84.8893
7,13,2.87044,0.585335,2.41619,4.95029,20.7231,982.778,0.432945,84.8893
8,13,2.87044,0.579444,2.41619,4.95029,20.7231,982.778,0.432945,84.8893
9,13,2.87044,0.556857,2.41619,4.95029,20.7231,982.778,0.432945,84.8893
10,13,2.87044,0.599604,2.41619,4.95029,20.7231,982.778,0.432945,84.8893
1,14,2.87044,0.647083,2.41619,4.95029,20.7231,982.778,0.432945,84.8893
2,14,2.87044,0.702923,2.41619,4.95029,20.7231,982.778,0.432945,84.8893
3,14,2.87044,0.696019,2.41619,4.95029,20.7231,982.778,0.432945,84.8893
4,14,2.87044,0.666989,2.41619,4.95029,20.7231,982.778,0.432945,84.8893
5,14,2.87044,0.704368,2.41619,4.95029,20.7231,982.778,0.432945,84.8893
6,14,2.87044,0.668413,2.41619,4.95029,20.7231,982.778,0.432945,84.8893
7,14,2.87044,0.669722,2.41619,4.95029,20.7231,982.778,0.432945,84.8893
8,14,2.87044,0.652707,2.41619,4.95029,20.7231,982.778,0.432945,84.8893
9,14,2.87044,0.660928,2.41619,4.95029,20.7231,982.778,0.432945,84.8893
10,14,2.87044,0.667134,2.41619,4.95029,20.7231,982.778,0.432945,84.8893
1,15,2.87044,0.646609,2.41619,4.95029,20.7231,982.778,0.432945,84.8893
2,15,2.87044,0.689285,2.41619,4.95029,20.7231,982.778,0.432945,84.8893
3,15,2.87044,0.742763,2.41619,4.95029,20.7231,982.778,0.432945,84.8893
4,15,2.87044,0.640072,2.41619,4.95029,20.7231,982.778,0.432945,84.8893
5,15,2.87044,0.699533,2.41619,4.95029,20.7231,982.778,0.432945,84.8893
6,15,2.87044,0.684675,2.41619,4.95029,20.7231,982.778,0.432945,84.8893
7,15,2.87044,0.607654,2.41619,4.95029,20.7231,982.778,0.432945,84.8893
8,15,2.87044,0.637049,2.41619,4.95029,20.7231,982.778,0.432945,84.8893
9,15,2.87044,0.64669,2.41619,4.95029,20.7231,982.778,0.432945,84.8893
10,15,2.87044,0.646089,2.41619,4.95029,20.7231,982.778,0.432945,84.8893
1,16,2.87044,0.652358,2.41619,4.95029,20.7231,982.778,0.432945,84.8893
2,16,2.87044,0.636374,2.41619,4.95029,20.7231,982.778,0.432945,84.8893
3,16,2.87044,0.626526,2.41619,4.95029,20.7231,982.778,0.432945,84.8893
4,16,2.87044,0.599708,2.41619,4.95029,20.7231,982.778,0.432945,84.8893
5,16,2.87044,0.601428,2.41619,4.95029,20.7231,982.778,0.432945,84.8893
6,16,2.87044,0.623322,2.41619,4.95029,20.7231,982.778,0.432945,84.8893
7,16,2.87044,0.66585,2.41619,4.95029,20.7231,982.778,0.432945,84.8893
8,16,2.87044,0.622832,2.41619,4.95029,20.7231,982.778,0.432945,84.8893
9,16,2.87044,0.64407,2.41619,4.95029,20.7231,982.778,0.432945,84.8893
10,16,2.87044,0.60112,2.41619,4.95029,20.7231,982.778,0.432945,84.8893
1,17,2.87044,0.525631,2.41619,4.95029,20.7231,982.778,0.432945,84.8893
2,17,2.87044,0.477772,2.41619,4.95029,20.7231,982.778,0.432945,84.8893
3,17,2.87044,0.526395,2.41619,4.95029,20.7231,982.778,0.432945,84.8893
4,17,2.87044,0.514426,2.41619,4.95029,20.7231,982.778,0.432945,84.8893
5,17,2.87044,0.512393,2.41619,4.95029,20.7231,982.778,0.432945,84.8893
6,17,2.87044,0.519238,2.41619,4.95029,20.7231,982.778,0.432945,84.8893
7,17,2.87044,0.536059,2.41619,4.95029,20.7231,982.778,0.432945,84.8893
8,17,2.87044,0.497206,2.41619,4.95029,20.7231,982.778,0.432945,84.8893
9,17,2.87044,0.512632,2.41619,4.95029,20.7231,982.778,0.432945,84.8893
10,17,2.87044,0.470689,2.41619,4.95029,20.7231,982.778,0.432945,84.8893
1,18,2.87044,0.629475,2.41619,4.95029,20.7231,982.778,0.432945,84.8893
2,18,2.87044,0.62521,2.41619,4.95029,20.7231,982.778,0.432945,84.8893
3,18,2.87044,0.651452,2.41619,4.95029,20.7231,982.778,0.432945,84.8893
4,18,2.87044,0.641957,2.41619,4.95029,20.7231,982.778,0.432945,84.8893
5,18,2.87044,0.653655,2.41619,4.95029,20.7231,982.778,0.432945,84.8893
6,18,2.87044,0.649048,2.41619,4.95029,20.7231,982.778,0.432945,84.8893
7,18,2.87044,0.664305,2.41619,4.95029,20.7231,982.778,0.432945,84.8893
8,18,2.87044,0.668008,2.41619,4.95029,20.7231,982.778,0.432945,84.8893
9,18,2.87044,0.638124,2.41619,4.95029,20.7231,982.778,0.432945,84.8893
10,18,2.87044,0.677138,2.41619,4.95029,20.7231,982.778,0.432945,84.8893
1,19,2.87044,0.924548,2.41619,4.95029,20.7231,982.778,0.432945,84.8893
2,19,2.87044,0.96965,2.41619,4.95029,20.7231,982.778,0.432945,84.8893
3,19,2.87044,0.937648,2.41619,4.95029,20.7231,982.778,0.432945,84.8893
4,19,2.87044,0.939201,2.41619,4.95029,20.7231,982.778,0.432945,84.8893
5,19,2.87044,0.941946,2.41619,4.95029,20.7231,982.778,0.432945,84.8893
6,19,2.87044,0.947583,2.41619,4.95029,20.7231,982.778,0.432945,84.8893
7,19,2.87044,0.926035,2.41619,4.95029,20.7231,982.778,0.432945,84.8893
8,19,2.87044,0.940167,2.41619,4.95029,20.7231,982.778,0.432945,84.8893
9,19,2.87044,0.934693,2.41619,4.95029,20.7231,982.778,0.432945,84.8893
10,19,2.87044,0.923918,2.41619,4.95029,20.7231,982.778,0.432945,84.8893
1,20,2.87044,0.510632,2.41619,4.95029,20.7231,982.778,0.432945,84.8893
2,20,2.87044,0.504201,2.41619,4.95029,20.7231,982.778,0.432945,84.8893
3,20,2.87044,0.532665,2.41619,4.95029,20.7231,982.778,0.432945,84.8893
4,20,2.87044,0.522647,2.41619,4.95029,20.7231,982.778,0.432945,84.8893
5,20,2.87044,0.50349,2.41619,4.95029,20.7231,982.778,0.432945,84.8893
6,20,2.87044,0.504144,2.41619,4.95029,20.7231,982.778,0.432945,84.8893
7,20,2.87044,0.480694,2.41619,4.95029,20.7231,982.778,0.432945,84.8893
8,20,2.87044,0.500714,2.41619,4.95029,20.7231,982.778,0.432945,84.8893
9,20,2.87044,0.498901,2.41619,4.95029,20.7231,982.778,0.432945,84.8893
10,20,2.87044,0.526803,2.41619,4.95029,20.7231,982.778,0.432945,84.8893
1,21,2.87044,0.796799,2.41619,4.95029,20.7231,982.778,0.432945,84.8893
2,21,2.87044,0.828932,2.41619,4.95029,20.7231,982.778,0.432945,84.8893
3,21,2.87044,0.846675,2.41619,4.95029,20.7231,982.778,0.432945,84.8893
4,21,2.87044,0.824584,2.41619,4.95029,20.7231,982.778,0.432945,84.8893
5,21,2.87044,0.792492,2.41619,4.95029,20.7231,982.778,0.432945,84.8893
6,21,2.87044,0.815417,2.41619,4.95029,20.7231,982.778,0.432945,84.8893
7,21,2.87044,0.840588,2.41619,4.95029,20.7231,982.778,0.432945,84.8893
8,21,2.87044,0.780223,2.41619,4.95029,20.7231,982.778,0.432945,84.8893
9,21,2.87044,0.841069,2.41619,4.95029,20.7231,982.778,0.432945,84.8893
10,21,2.87044,0.76393,2.41619,4.95029,20.7231,982.778,0.432945,84.8893
1,22,2.87044,0.530098,2.41619,4.95029,20.7231,982.778,0.432945,84.8893
2,22,2.87044,0.500926,2.41619,4.95029,20.7231,982.778,0.432945,84.8893
3,22,2.87044,0.471548,2.41619,4.95029,20.7231,982.778,0.432945,84.8893
4,22,2.87044,0.471732,2.41619,4.95029,20.7231,982.778,0.432945,84.8893
5,22,2.87044,0.480822,2.41619,4.95029,20.7231,982.778,0.432945,84.8893
6,22,2.87044,0.472438,2.41619,4.95029,20.7231,982.778,0.432945,84.8893
7,22,2.87044,0.49635,2.41619,4.95029,20.7231,982.778,0.432945,84.8893
8,22,2.87044,0.50055,2.41619,4.95029,20.7231,982.778,0.432945,84.8893
9,22,2.87044,0.470371,2.41619,4.95029,20.7231,982.778,0.432945,84.8893
10,22,2.87044,0.514415,2.41619,4.95029,20.7231,982.778,0.432945,84.8893
1,23,2.87044,1.23568,2.41619,4.95029,20.7231,982.778,0.432945,84.8893
2,23,2.87044,1.26192,2.41619,4.95029,20.7231,982.778,0.432945,84.8893
3,23,2.87044,1.25441,2.41619,4.95029,20.7231,982.778,0.432945,84.8893
4,23,2.87044,1.23809,2.41619,4.95029,20.7231,982.778,0.432945,84.8893
5,23,2.87044,1.24607,2.41619,4.95029,20.7231,982.778,0.432945,84.8893
6,23,2.87044,1.25208,2.41619,4.95029,20.7231,982.778,0.432945,84.8893
7,23,2.87044,1.25008,2.41619,4.95029,20.7231,982.778,0.432945,84.8893
8,23,2.87044,1.22635,2.41619,4.95029,20.7231,982.778,0.432945,84.8893
9,23,2.87044,1.24428,2.41619,4.95029,20.7231,982.778,0.432945,84.8893
10,23,2.87044,1.29335,2.41619,4.95029,20.7231,982.778,0.432945,84.8893
1,24,2.87044,0.772792,2.41619,4.95029,20.7231,982.778,0.432945,84.8893
2,24,2.87044,0.765635,2.41619,4.95029,20.7231,982.778,0.432945,84.8893
3,24,2.87044,0.766168,2.41619,4.95029,20.7231,982.778,0.432945,84.8893
4,24,2.87044,0.772416,2.41619,4.95029,20.7231,982.778,0.432945,84.8893
5,24,2.87044,0.77103,2.41619,4.95029,20.7231,982.778,0.432945,84.8893
6,24,2.87044,0.785892,2.41619,4.95029,20.7231,982.778,0.432945,84.8893
7,24,2.87044,0.740435,2.41619,4.95029,20.7231,982.778,0.432945,84.8893
8,24,2.87044,0.766151,2.41619,4.95029,20.7231,982.778,0.432945,84.8893
9,24,2.87044,0.824714,2.41619,4.95029,20.7231,982.778,0.432945,84.8893
10,24,2.87044,0.76699,2.41619,4.95029,20.7231,982.778,0.432945,84.8893
1,25,2.87044,0.66842,2.41619,4.95029,20.7231,982.778,0.432945,84.8893
2,25,2.87044,0.672766,2.41619,4.95029,20.7231,982.778,0.432945,84.8893
3,25,2.87044,0.689204,2.41619,4.95029,20.7231,982.778,0.432945,84.8893
4,25,2.87044,0.657444,2.41619,4.95029,20.7231,982.778,0.432945,84.8893
5,25,2.87044,0.671889,2.41619,4.95029,20.7231,982.778,0.432945,84.8893
6,25,2.87044,0.659807,2.41619,4.95029,20.7231,982.778,0.432945,84.8893
7,25,2.87044,0.660576,2.41619,4.95029,20.7231,982.778,0.432945,84.8893
8,25,2.87044,0.664827,2.41619,4.95029,20.7231,982.778,0.432945,84.8893
9,25,2.87044,0.692604,2.41619,4.95029,20.7231,982.778,0.432945,84.8893
10,25,2.87044,0.67755,2.41619,4.95029,20.7231,982.778,0.432945,84.8893
1,26,2.87044,0.556066,2.41619,4.95029,20.7231,982.778,0.432945,84.8893
2,26,2.87044,0.598792,2.41619,4.95029,20.7231,982.778,0.432945,84.8893
3,26,2.87044,0.560848,2.41619,4.95029,20.7231,982.778,0.432945,84.8893
4,26,2.87044,0.541707,2.41619,4.95029,20.7231,982.778,0.432945,84.8893
5,26,2.87044,0.556205,2.41619,4.95029,20.7231,982.778,0.432945,84.8893
6,26,2.87044,0.530272,2.41619,4.95029,20.7231,982.778,0.432945,84.8893
7,26,2.87044,0.556343,2.41619,4.95029,20.7231,982.778,0.432945,84.8893
8,26,2.87044,0.559292,2.41619,4.95029,20.7231,982.778,0.432945,84.8893
9,26,2.87044,0.557203,2.41619,4.95029,20.7231,982.778,0.432945,84.8893
10,26,2.87044,0.584459,2.41619,4.95029,20.7231,982.778,0.432945,84.8893
1,27,2.87044,0.579218,2.41619,4.95029,20.7231,982.778,0.432945,84.8893
2,27,2.87044,0.587739,2.41619,4.95029,20.7231,982.778,0.432945,84.8893
3,27,2.87044,0.589781,2.41619,4.95029,20.7231,982.778,0.432945,84.8893
4,27,2.87044,0.59658,2.41619,4.95029,20.7231,982.778,0.432945,84.8893
5,27,2.87044,0.586491,2.41619,4.95029,20.7231,982.778,0.432945,84.8893
6,27,2.87044,0.607981,2.41619,4.95029,20.7231,982.778,0.432945,84.8893
7,27,2.87044,0.624915,2.41619,4.95029,20.7231,982.778,0.432945,84.8893
8,27,2.87044,0.620544,2.41619,4.95029,20.7231,982.778,0.432945,84.8893
9,27,2.87044,0.595016,2.41619,4.95029,20.7231,982.778,0.432945,84.8893
10,27,2.87044,0.629976,2.41619,4.95029,20.7231,982.778,0.432945,84.8893
1,28,2.87044,0.938261,2.41619,4.95029,20.7231,982.778,0.432945,84.8893
2,28,2.87044,0.985262,2.41619,4.95029,20.7231,982.778,0.432945,84.8893
3,28,2.87044,0.945691,2.41619,4.95029,20.7231,982.778,0.432945,84.8893
4,28,2.87044,0.931266,2.41619,4.95029,20.7231,982.778,0.432945,84.8893
5,28,2.87044,0.954589,2.41619,4.95029,20.7231,982.778,0.432945,84.8893
6,28,2.87044,0.948907,2.41619,4.95029,20.7231,982.778,0.432945,84.8893
7,28,2.87044,0.989013,2.41619,4.95029,20.7231,982.778,0.432945,84.8893
8,28,2.87044,0.967099,2.41619,4.95029,20.7231,982.778,0.432945,84.8893
9,28,2.87044,0.945987,2.41619,4.95029,20.7231,982.778,0.432945,84.8893
10,28,2.87044,0.956716,2.41619,4.95029,20.7231,982.778,0.432945,84.8893
1,29,2.87044,0.63179,2.41619,4.95029,20.7231,982.778,0.432945,84.8893
2,29,2.87044,0.669333,2.41619,4.95029,20.7231,982.778,0.432945,84.8893
3,29,2.87044,0.637647,2.41619,4.95029,20.7231,982.778,0.432945,84.8893
4,29,2.87044,0.617921,2.41619,4.95029,20.7231,982.778,0.432945,84.8893
5,29,2.87044,0.66228,2.41619,4.95029,20.7231,982.778,0.432945,84.8893
6,29,2.87044,0.669458,2.41619,4.95029,20.7231,982.778,0.432945,84.8893
7,29,2.87044,0.649373,2.41619,4.95029,20.7231,982.778,0.432945,84.8893
8,29,2.87044,0.682932,2.41619,4.95029,20.7231,982.778,0.432945,84.8893
9,29,2.87044,0.655707,2.41619,4.95029,20.7231,982.778,0.432945,84.8893
10,29,2.87044,0.688931,2.41619,4.95029,20.7231,982.778,0.432945,84.8893
1,30,2.87044,1.14423,2.41619,4.95029,20.7231,982.778,0.432945,84.8893
2,30,2.87044,1.11005,2.41619,4.95029,20.7231,982.778,0.432945,84.8893
3,30,2.87044,1.15786,2.41619,4.95029,20.7231,982.778,0.432945,84.8893
4,30,2.87044,1.19014,2.41619,4.95029,20.7231,982.778,0.432945,84.8893
5,30,2.87044,1.16232,2.41619,4.95029,20.7231,982.778,0.432945,84.8893
6,30,2.87044,1.13527,2.41619,4.95029,20.7231,982.778,0.432945,84.8893
7,30,2.87044,1.08944,2.41619,4.95029,20.7231,982.778,0.432945,84.8893
8,30,2.87044,1.15115,2.41619,4.95029,20.7231,982.778,0.432945,84.8893
9,30,2.87044,1.12459,2.41619,4.95029,20.7231,982.778,0.432945,84.8893
10,30,2.87044,1.13597,2.41619,4.95029,20.7231,982.778,0.432945,84.8893
1,31,2.87044,0.827039,2.41619,4.95029,20.7231,982.778,0.432945,84.8893
2,31,2.87044,0.82133,2.41619,4.95029,20.7231,982.778,0.432945,84.8893
3,31,2.87044,0.853211,2.41619,4.95029,20.7231,982.778,0.432945,84.8893
4,31,2.87044,0.807325,2.41619,4.95029,20.7231,982.778,0.432945,84.8893
5,31,2.87044,0.84693,2.41619,4.95029,20.7231,982.778,0.432945,84.8893
6,31,2.87044,0.80252,2.41619,4.95029,20.7231,982.778,0.432945,84.8893
7,31,2.87044,0.826703,2.41619,4.95029,20.7231,982.778,0.432945,84.8893
8,31,2.87044,0.841139,2.41619,4.95029,20.7231,982.778,0.432945,84.8893
9,31,2.87044,0.862453,2.41619,4.95029,20.7231,982.778,0.432945,84.8893
10,31,2.87044,0.821469,2.41619,4.95029,20.7231,982.778,0.432945,84.8893
1,32,2.87044,0.314845,2.41619,4.95029,20.7231,982.778,0.432945,84.8893
2,32,2.87044,0.32583,2.41619,4.95029,20.7231,982.778,0.432945,84.8893
3,32,2.87044,0.349177,2.41619,4.95029,20.7231,982.778,0.432945,84.8893
4,32,2.87044,0.342709,2.41619,4.95029,20.7231,982.778,0.432945,84.8893
5,32,2.87044,0.356155,2.41619,4.95029,20.7231,982.778,0.432945,84.8893
6,32,2.87044,0.34701,2.41619,4.95029,20.7231,982.778,0.432945,84.8893
7,32,2.87044,0.319446,2.41619,4.95029,20.7231,982.778,0.432945,84.8893
8,32,2.87044,0.344401,2.41619,4.95029,20.7231,982.778,0.432945,84.8893
9,32,2.87044,0.328859,2.41619,4.95029,20.7231,982.778,0.432945,84.8893
10,32,2.87044,0.373001,2.41619,4.95029,20.7231,982.778,0.432945,84.8893
1,33,2.87044,0.778418,2.41619,4.95029,20.7231,982.778,0.432945,84.8893
2,33,2.87044,0.792188,2.41619,4.95029,20.7231,982.778,0.432945,84.8893
3,33,2.87044,0.790073,2.41619,4.95029,20.7231,982.778,0.432945,84.8893
4,33,2.87044,0.777437,2.41619,4.95029,20.7231,982.778,0.432945,84.8893
5,33,2.87044,0.802362,2.41619,4.95029,20.7231,982.778,0.432945,84.8893
6,33,2.87044,0.81985,2.41619,4.95029,20.7231,982.778,0.432945,84.8893
7,33,2.87044,0.792114,2.41619,4.95029,20.7231,982.778,0.432945,84.8893
8,33,2.87044,0.840818,2.41619,4.95029,20.7231,982.778,0.432945,84.8893
9,33,2.87044,0.816217,2.41619,4.95029,20.7231,982.778,0.432945,84.8893
10,33,2.87044,0.846219,2.41619,4.95029,20.7231,982.778,0.432945,84.8893
1,34,2.87044,1.00941,2.41619,4.95029,20.7231,982.778,0.432945,84.8893
2,34,2.87044,0.937998,2.41619,4.95029,20.7231,982.778,0.432945,84.8893
3,34,2.87044,0.968774,2.41619,4.95029,20.7231,982.778,0.432945,84.8893
4,34,2.87044,1.0115,2.41619,4.95029,20.7231,982.778,0.432945,84.8893
5,34,2.87044,0.993956,2.41619,4.95029,20.7231,982.778,0.432945,84.8893
6,34,2.87044,0.930433,2.41619,4.95029,20.7231,982.778,0.432945,84.8893
7,34,2.87044,0.947826,2.41619,4.95029,20.7231,982.778,0.432945,84.8893
8,34,2.87044,0.973535,2.41619,4.95029,20.7231,982.778,0.432945,84.8893
9,34,2.87044,0.919664,2.41619,4.95029,20.7231,982.778,0.432945,84.8893
10,34,2.87044,0.993888,2.41619,4.95029,20.7231,982.778,0.432945,84.8893
1,35,2.87044,0.503626,2.41619,4.95029,20.7231,982.778,0.432945,84.8893
2,35,2.87044,0.52143,2.41619,4.95029,20.7231,982.778,0.432945,84.8893
3,35,2.87044,0.500878,2.41619,4.95029,20.7231,982.778,0.432945,84.8893
4,35,2.87044,0.498773,2.41619,4.95029,20.7231,982.778,0.432945,84.8893
5,35,2.87044,0.507301,2.41619,4.95029,20.7231,982.778,0.432945,84.8893
6,35,2.87044,0.507785,2.41619,4.95029,20.7231,982.778,0.432945,84.8893
7,35,2.87044,0.507835,2.41619,4.95029,20.7231,982.778,0.432945,84.8893
8,35,2.87044,0.512639,2.41619,4.95029,20.7231,982.778,0.432945,84.8893
9,35,2.87044,0.509481,2.41619,4.95029,20.7231,982.778,0.432945,84.8893
10,35,2.87044,0.48838,2.41619,4.95029,20.7231,982.778,0.432945,84.8893
1,36,2.87044,0.45364,2.41619,4.95029,20.7231,982.778,0.432945,84.8893
2,36,2.87044,0.423011,2.41619,4.95029,20.7231,982.778,0.432945,84.8893
3,36,2.87044,0.419175,2.41619,4.95029,20.7231,982.778,0.432945,84.8893
4,36,2.87044,0.425349,2.41619,4.95029,20.7231,982.778,0.432945,84.8893
5,36,2.87044,0.421367,2.41619,4.95029,20.7231,982.778,0.432945,84.8893
6,36,2.87044,0.436132,2.41619,4.95029,20.7231,982.778,0.432945,84.8893
7,36,2.87044,0.423063,2.41619,4.95029,20.7231,982.778,0.432945,84.8893
8,36,2.87044,0.431713,2.41619,4.95029,20.7231,982.778,0.432945,84.8893
9,36,2.87044,0.398577,2.41619,4.95029,20.7231,982.778,0.432945,84.8893
10,36,2.87044,0.412915,2.41619,4.95029,20.7231,982.778,0.432945,84.8893
1,37,2.87044,0.580175,2.41619,4.95029,20.7231,982.778,0.432945,84.8893
2,37,2.87044,0.580833,2.41619,4.95029,20.7231,982.778,0.432945,84.8893
3,37,2.87044,0.583145,2.41619,4.95029,20.7231,982.778,0.432945,84.8893
4,37,2.87044,0.595525,2.41619,4.95029,20.7231,982.778,0.432945,84.8893
5,37,2.87044,0.572033,2.41619,4.95029,20.7231,982.778,0.432945,84.8893
6,37,2.87044,0.59159,2.41619,4.95029,20.7231,982.778,0.432945,84.8893
7,37,2.87044,0.575818,2.41619,4.95029,20.7231,982.778,0.432945,84.8893
8,37,2.87044,0.563686,2.41619,4.95029,20.7231,982.778,0.432945,84.8893
9,37,2.87044,0.577425,2.41619,4.95029,20.7231,982.778,0.432945,84.8893
10,37,2.87044,0.577811,2.41619,4.95029,20.7231,982.778,0.432945,84.8893
1,38,2.87044,0.521345,2.41619,4.95029,20.7231,982.778,0.432945,84.8893
2,38,2.87044,0.549975,2.41619,4.95029,20.7231,982.778,0.432945,84.8893
3,38,2.87044,0.540747,2.41619,4.95029,20.7231,982.778,0.432945,84.8893
4,38,2.87044,0.562833,2.41619,4.95029,20.7231,982.778,0.432945,84.8893
5,38,2.87044,0.517526,2.41619,4.95029,20.7231,982.778,0.432945,84.8893
6,38,2.87044,0.544091,2.41619,4.95029,20.7231,982.778,0.432945,84.8893
7,38,2.87044,0.555255,2.41619,4.95029,20.7231,982.778,0.432945,84.8893
8,38,2.87044,0.521075,2.41619,4.95029,20.7231,982.778,0.432945,84.8893
9,38,2.87044,0.541172,2.41619,4.95029,20.7231,982.778,0.432945,84.8893
10,38,2.87044,0.561783,2.41619,4.95029,20.7231,982.778,0.432945,84.8893
1,39,2.87044,0.596546,2.41619,4.95029,20.7231,982.778,0.432945,84.8893
2,39,2.87044,0.595158,2.41619,4.95029,20.7231,982.778,0.432945,84.8893
3,39,2.87044,0.630688,2.41619,4.95029,20.7231,982.778,0.432945,84.8893
4,39,2.87044,0.619426,2.41619,4.95029,20.7231,982.778,0.432945,84.8893
5,39,2.87044,0.596553,2.41619,4.95029,20.7231,982.778,0.432945,84.8893
6,39,2.87044,0.60198,2.41619,4.95029,20.7231,982.778,0.432945,84.8893
7,39,2.87044,0.631965,2.41619,4.95029,20.7231,982.778,0.432945,84.8893
8,39,2.87044,0.599937,2.41619,4.95029,20.7231,982.778,0.432945,84.8893
9,39,2.87044,0.630938,2.41619,4.95029,20.7231,982.778,0.432945,84.8893
10,39,2.87044,0.638713,2.41619,4.95029,20.7231,982.778,0.432945,84.8893
1,40,2.87044,1.10916,2.41619,4.95029,20.7231,982.778,0.432945,84.8893
2,40,2.87044,1.08018,2.41619,4.95029,20.7231,982.778,0.432945,84.8893
3,40,2.87044,1.12455,2.41619,4.95029,20.7231,982.778,0.432945,84.8893
4,40,2.87044,1.10247,2.41619,4.95029,20.7231,982.778,0.432945,84.8893
5,40,2.87044,1.10786,2.41619,4.95029,20.7231,982.778,0.432945,84.8893
6,40,2.87044,1.07875,2.41619,4.95029,20.7231,982.778,0.432945,84.8893
7,40,2.87044,1.13768,2.41619,4.95029,20.7231,982.778,0.432945,84.8893
8,40,2.87044,1.07914,2.41619,4.95029,20.7231,982.778,0.432945,84.8893
9,40,2.87044,1.10106,2.41619,4.95029,20.7231,982.778,0.432945,84.8893
10,40,2.87044,1.08621,2.41619,4.95029,20.7231,982.778,0.432945,84.8893
1,41,2.87044,0.761569,2.41619,4.95029,20.7231,982.778,0.432945,84.8893
2,41,2.87044,0.762139,2.41619,4.95029,20.7231,982.778,0.432945,84.8893
3,41,2.87044,0.762487,2.41619,4.95029,20.7231,982.778,0.432945,84.8893
4,41,2.87044,0.752176,2.41619,4.95029,20.7231,982.778,0.432945,84.8893
5,41,2.87044,0.751958,2.41619,4.95029,20.7231,982.778,0.432945,84.8893
6,41,2.87044,0.760745,2.41619,4.95029,20.7231,982.778,0.432945,84.8893
7,41,2.87044,0.798264,2.41619,4.95029,20.7231,982.778,0.432945,84.8893
8,41,2.87044,0.721359,2.41619,4.95029,20.7231,982.778,0.432945,84.8893
9,41,2.87044,0.750083,2.41619,4.95029,20.7231,982.778,0.432945,84.8893
10,41,2.87044,0.773025,2.41619,4.95029,20.7231,982.778,0.432945,84.8893
1,42,2.87044,0.791215,2.41619,4.95029,20.7231,982.778,0.432945,84.8893
2,42,2.87044,0.783913,2.41619,4.95029,20.7231,982.778,0.432945,84.8893
3,42,2.87044,0.795704,2.41619,4.95029,20.7231,982.778,0.432945,84.8893
4,42,2.87044,0.833051,2.41619,4.95029,20.7231,982.778,0.432945,84.8893
5,42,2.87044,0.78688,2.41619,4.95029,20.7231,982.778,0.432945,84.8893
6,42,2.87044,0.80935,2.41619,4.95029,20.7231,982.778,0.432945,84.8893
7,42,2.87044,0.79293,2.41619,4.95029,20.7231,982.778,0.432945,84.8893
8,42,2.87044,0.821564,2.41619,4.95029,20.7231,982.778,0.432945,84.8893
9,42,2.87044,0.781612,2.41619,4.95029,20.7231,982.778,0.432945,84.8893
10,42,2.87044,0.79406,2.41619,4.95029,20.7231,982.778,0.432945,84.8893
1,43,2.87044,0.546107,2.41619,4.95029,20.7231,982.778,0.432945,84.8893
2,43,2.87044,0.59285,2.41619,4.95029,20.7231,982.778,0.432945,84.8893
3,43,2.87044,0.585855,2.41619,4.95029,20.7231,982.778,0.432945,84.8893
4,43,2.87044,0.587205,2.41619,4.95029,20.7231,982.778,0.432945,84.8893
5,43,2.87044,0.586165,2.41619,4.95029,20.7231,982.778,0.432945,84.8893
6,43,2.87044,0.589497,2.41619,4.95029,20.7231,982.778,0.432945,84.8893
7,43,2.87044,0.577542,2.41619,4.95029,20.7231,982.778,0.432945,84.8893
8,43,2.87044,0.602532,2.41619,4.95029,20.7231,982.778,0.432945,84.8893
9,43,2.87044,0.575406,2.41619,4.95029,20.7231,982.778,0.432945,84.8893
10,43,2.87044,0.616452,2.41619,4.95029,20.7231,982.778,0.432945,84.8893
1,44,2.87044,0.794891,2.41619,4.95029,20.7231,982.778,0.432945,84.8893
2,44,2.87044,0.84458,2.41619,4.95029,20.7231,982.778,0.432945,84.8893
3,44,2.87044,0.785326,2.41619,4.95029,20.7231,982.778,0.432945,84.8893
4,44,2.87044,0.800806,2.41619,4.95029,20.7231,982.778,0.432945,84.8893
5,44,2.87044,0.736341,2.41619,4.95029,20.7231,982.778,0.432945,84.8893
6,44,2.87044,0.787777,2.41619,4.95029,20.7231,982.778,0.432945,84.8893
7,44,2.87044,0.786524,2.41619,4.95029,20.7231,982.778,0.432945,84.8893
8,44,2.87044,0.804563,2.41619,4.95029,20.7231,982.778,0.432945,84.8893
9,44,2.87044,0.857932,2.41619,4.95029,20.7231,982.778,0.432945,84.8893
10,44,2.87044,0.801223,2.41619,4.95029,20.7231,982.778,0.432945,84.8893
1,45,2.87044,0.516947,2.41619,4.95029,20.7231,982.778,0.432945,84.8893
2,45,2.87044,0.494034,2.41619,4.95029,20.7231,982.778,0.432945,84.8893
3,45,2.87044,0.479849,2.41619,4.95029,20.7231,982.778,0.432945,84.8893
4,45,2.87044,0.488626,2.41619,4.95029,20.7231,982.778,0.432945,84.8893
5,45,2.87044,0.485337,2.41619,4.95029,20.7231,982.778,0.432945,84.8893
6,45,2.87044,0.496393,2.41619,4.95029,20.7231,982.778,0.432945,84.8893
7,45,2.87044,0.493892,2.41619,4.95029,20.7231,982.778,0.432945,84.8893
8,45,2.87044,0.493235,2.41619,4.95029,20.7231,982.778,0.432945,84.8893
9,45,2.87044,0.486031,2.41619,4.95029,20.7231,982.778,0.432945,84.8893
10,45,2.87044,0.530602,2.41619,4.95029,20.7231,982.778,0.432945,84.8893
