Cl_pop,1,0.0241829,-0.542295,0.416379,-0.0625872,0.0730368,0.26263,0.150222,0.00751015,0.270189,-0.206484,0.017273,0.0445529,7.4888e-05
V1_pop,0.0241829,1,0.0317532,0.0252903,-0.0043131,0.00169596,0.0185191,0.0371525,0.00441547,0.00400463,0.0260637,-0.0326307,-0.00463798,0.00186701
V2_pop,-0.542295,0.0317532,1,-0.328732,0.0704448,-0.00618825,-0.12397,-0.0106669,-0.000946942,-0.365582,0.203529,-0.188201,0.0350624,0.0173042
S_pop,0.416379,0.0252903,-0.328732,1,-0.198514,-0.212745,0.104715,0.55233,0.0161013,0.541428,0.285533,-0.277769,-0.103555,0.00611914
R0_pop,-0.0625872,-0.0043131,0.0704448,-0.198514,1,-0.0853089,-0.167618,-0.109036,-0.00367875,-0.113913,-0.0349089,0.0243841,0.026123,0.00982883
gamma_pop,0.0730368,0.00169596,-0.00618825,-0.212745,-0.0853089,1,0.513163,-0.171499,-0.00731948,-0.258694,-0.236904,0.154323,0.0559442,-0.00779074
MTT_pop,0.26263,0.0185191,-0.12397,0.104715,-0.167618,0.513163,1,0.0501283,-0.00546745,-0.0977803,-0.182627,0.0363619,0.0212317,0.00239132
omega_Cl,0.150222,0.0371525,-0.0106669,0.55233,-0.109036,-0.171499,0.0501283,1,0.0214359,0.471507,0.632187,-0.368179,-0.169625,0.0108828
omega_V1,0.00751015,0.00441547,-0.000946942,0.0161013,-0.00367875,-0.00731948,-0.00546745,0.0214359,1,0.0161239,0.00903241,-0.00225731,-0.00671924,-0.00044177
omega_V2,0.270189,0.00400463,-0.365582,0.541428,-0.113913,-0.258694,-0.0977803,0.471507,0.0161239,1,0.357004,-0.0347283,-0.149025,-0.0130713
omega_S,-0.206484,0.0260637,0.203529,0.285533,-0.0349089,-0.236904,-0.182627,0.632187,0.00903241,0.357004,1,-0.401201,-0.149024,0.00414226
omega_MTT,0.017273,-0.0326307,-0.188201,-0.277769,0.0243841,0.154323,0.0363619,-0.368179,-0.00225731,-0.0347283,-0.401201,1,0.054782,-0.0523326
bPK_central_drug_concentration,0.0445529,-0.00463798,0.0350624,-0.103555,0.026123,0.0559442,0.0212317,-0.169625,-0.00671924,-0.149025,-0.149024,0.054782,1,0.00154084
acirculating_R,7.4888e-05,0.00186701,0.0173042,0.00611914,0.00982883,-0.00779074,0.00239132,0.0108828,-0.00044177,-0.0130713,0.00414226,-0.0523326,0.00154084,1
