id,V_SAEM,Cl_SAEM,V_mode,Cl_mode
1,7.55805,2.94592,7.5686,2.95061
2,7.55805,2.94592,7.5686,2.95061
3,7.55805,2.94592,7.5686,2.95061
4,7.55805,2.94592,7.5686,2.95061
5,7.55805,2.94592,7.5686,2.95061
6,7.55805,2.94592,7.5686,2.95061
7,7.55805,2.94592,7.5686,2.95061
8,7.55805,2.94592,7.5686,2.95061
9,7.55805,2.94592,7.5686,2.95061
10,7.55805,2.94592,7.5686,2.95061
11,7.55805,2.94592,7.5686,2.95061
12,7.55805,2.94592,7.5686,2.95061
13,7.55805,2.94592,7.5686,2.95061
14,7.55805,2.94592,7.5686,2.95061
15,7.55805,2.94592,7.5686,2.95061
16,7.55805,2.94592,7.5686,2.95061
17,7.55805,2.94592,7.5686,2.95061
18,7.55805,2.94592,7.5686,2.95061
19,7.55805,2.94592,7.5686,2.95061
20,7.55805,2.94592,7.5686,2.95061
21,7.55805,2.94592,7.5686,2.95061
22,7.55805,2.94592,7.5686,2.95061
23,7.55805,2.94592,7.5686,2.95061
24,7.55805,2.94592,7.5686,2.95061
25,7.55805,2.94592,7.5686,2.95061
26,7.55805,2.94592,7.5686,2.95061
27,7.55805,2.94592,7.5686,2.95061
28,7.55805,2.94592,7.5686,2.95061
29,7.55805,2.94592,7.5686,2.95061
30,7.55805,2.94592,7.5686,2.95061
31,7.55805,2.94592,7.5686,2.95061
32,7.55805,2.94592,7.5686,2.95061
33,7.55805,2.94592,7.5686,2.95061
34,7.55805,2.94592,7.5686,2.95061
35,7.55805,2.94592,7.5686,2.95061
36,7.55805,2.94592,7.5686,2.95061
37,7.55805,2.94592,7.5686,2.95061
38,7.55805,2.94592,7.5686,2.95061
39,7.55805,2.94592,7.5686,2.95061
40,7.55805,2.94592,7.5686,2.95061
41,7.55805,2.94592,7.5686,2.95061
42,7.55805,2.94592,7.5686,2.95061
43,7.55805,2.94592,7.5686,2.95061
44,7.55805,2.94592,7.5686,2.95061
45,7.55805,2.94592,7.5686,2.95061
