rep,id,eta_V,eta_Cl
1,1,-0.0288592,0
2,1,-0.0270627,0
3,1,0.000952709,0
4,1,-0.0178715,0
5,1,-0.0239328,0
6,1,-0.0253628,0
7,1,-0.022265,0
8,1,-0.0235098,0
9,1,-0.0184372,0
10,1,-0.0122679,0
1,2,0.0907442,0
2,2,0.0441594,0
3,2,0.062946,0
4,2,0.0613002,0
5,2,0.0599802,0
6,2,0.0703693,0
7,2,0.091154,0
8,2,0.0388296,0
9,2,0.0172726,0
10,2,0.0586892,0
1,3,0.328539,0
2,3,0.342,0
3,3,0.346061,0
4,3,0.319891,0
5,3,0.335404,0
6,3,0.327152,0
7,3,0.359843,0
8,3,0.333636,0
9,3,0.33772,0
10,3,0.348989,0
1,4,-0.159718,0
2,4,-0.197191,0
3,4,-0.187437,0
4,4,-0.199958,0
5,4,-0.194019,0
6,4,-0.165142,0
7,4,-0.188941,0
8,4,-0.171429,0
9,4,-0.162673,0
10,4,-0.169329,0
1,5,-0.394275,0
2,5,-0.396251,0
3,5,-0.398154,0
4,5,-0.398947,0
5,5,-0.406594,0
6,5,-0.400715,0
7,5,-0.380347,0
8,5,-0.414738,0
9,5,-0.406813,0
10,5,-0.394987,0
1,6,-0.0520084,0
2,6,-0.059877,0
3,6,-0.0806311,0
4,6,-0.0621902,0
5,6,-0.0642675,0
6,6,-0.0416834,0
7,6,-0.0242946,0
8,6,-0.035641,0
9,6,-0.0471857,0
10,6,-0.025918,0
1,7,0.15795,0
2,7,0.154495,0
3,7,0.141899,0
4,7,0.139767,0
5,7,0.118461,0
6,7,0.106831,0
7,7,0.148255,0
8,7,0.128267,0
9,7,0.138014,0
10,7,0.138818,0
1,8,0.4734,0
2,8,0.424199,0
3,8,0.433829,0
4,8,0.456993,0
5,8,0.435018,0
6,8,0.450672,0
7,8,0.461949,0
8,8,0.430502,0
9,8,0.434797,0
10,8,0.423678,0
1,9,-0.515848,0
2,9,-0.519024,0
3,9,-0.529115,0
4,9,-0.517709,0
5,9,-0.508743,0
6,9,-0.532755,0
7,9,-0.526377,0
8,9,-0.512084,0
9,9,-0.51763,0
10,9,-0.524564,0
1,10,-0.0111836,0
2,10,-0.0141231,0
3,10,-0.019722,0
4,10,-0.0510263,0
5,10,-0.000797045,0
6,10,-0.0308281,0
7,10,0.00950513,0
8,10,-0.0153517,0
9,10,-0.018247,0
10,10,-0.0453323,0
1,11,-0.302483,0
2,11,-0.285718,0
3,11,-0.302573,0
4,11,-0.291697,0
5,11,-0.304881,0
6,11,-0.298627,0
7,11,-0.307509,0
8,11,-0.31199,0
9,11,-0.311468,0
10,11,-0.300039,0
1,12,0.445964,0
2,12,0.4223,0
3,12,0.372711,0
4,12,0.465753,0
5,12,0.392724,0
6,12,0.41676,0
7,12,0.435243,0
8,12,0.418585,0
9,12,0.456151,0
10,12,0.433044,0
1,13,0.258257,0
2,13,0.29308,0
3,13,0.281236,0
4,13,0.244728,0
5,13,0.267046,0
6,13,0.293367,0
7,13,0.294177,0
8,13,0.247753,0
9,13,0.259473,0
10,13,0.291204,0
1,14,0.0976989,0
2,14,0.0577694,0
3,14,0.0588629,0
4,14,0.0568053,0
5,14,0.0455309,0
6,14,0.0770942,0
7,14,0.11773,0
8,14,0.0591997,0
9,14,0.0932884,0
10,14,0.0558597,0
1,15,-0.191657,0
2,15,-0.207985,0
3,15,-0.210866,0
4,15,-0.189872,0
5,15,-0.21023,0
6,15,-0.184634,0
7,15,-0.186754,0
8,15,-0.193892,0
9,15,-0.214861,0
10,15,-0.184809,0
1,16,0.0501959,0
2,16,0.0636856,0
3,16,0.0663439,0
4,16,0.0398861,0
5,16,0.0752411,0
6,16,0.0572145,0
7,16,0.085792,0
8,16,0.0350723,0
9,16,0.0523371,0
10,16,0.0387271,0
1,17,0.313692,0
2,17,0.366451,0
3,17,0.319747,0
4,17,0.357095,0
5,17,0.346143,0
6,17,0.328776,0
7,17,0.369002,0
8,17,0.348207,0
9,17,0.34296,0
10,17,0.331943,0
1,18,-0.173658,0
2,18,-0.189894,0
3,18,-0.16172,0
4,18,-0.191384,0
5,18,-0.201629,0
6,18,-0.188613,0
7,18,-0.186703,0
8,18,-0.177496,0
9,18,-0.172621,0
10,18,-0.176607,0
1,19,-0.408965,0
2,19,-0.432574,0
3,19,-0.387765,0
4,19,-0.420956,0
5,19,-0.433668,0
6,19,-0.418879,0
7,19,-0.428629,0
8,19,-0.426065,0
9,19,-0.410974,0
10,19,-0.417113,0
1,20,-0.0459959,0
2,20,-0.0720339,0
3,20,-0.0677465,0
4,20,-0.0586424,0
5,20,-0.0522142,0
6,20,-0.0479057,0
7,20,-0.0732682,0
8,20,-0.0616817,0
9,20,-0.0787421,0
10,20,-0.052407,0
1,21,0.124382,0
2,21,0.186804,0
3,21,0.18193,0
4,21,0.121318,0
5,21,0.163192,0
6,21,0.126339,0
7,21,0.1841,0
8,21,0.182696,0
9,21,0.146107,0
10,21,0.145059,0
1,22,0.457859,0
2,22,0.409809,0
3,22,0.470022,0
4,22,0.411767,0
5,22,0.490533,0
6,22,0.411921,0
7,22,0.408306,0
8,22,0.452111,0
9,22,0.419274,0
10,22,0.477598,0
1,23,-0.499372,0
2,23,-0.496239,0
3,23,-0.502572,0
4,23,-0.506182,0
5,23,-0.487526,0
6,23,-0.505285,0
7,23,-0.487526,0
8,23,-0.49797,0
9,23,-0.486949,0
10,23,-0.49797,0
1,24,-0.081338,0
2,24,-0.05885,0
3,24,-0.065333,0
4,24,-0.0517966,0
5,24,-0.0431708,0
6,24,-0.0853296,0
7,24,-0.0390028,0
8,24,-0.0888854,0
9,24,-0.0708676,0
10,24,-0.0489055,0
1,25,-0.314106,0
2,25,-0.31076,0
3,25,-0.326741,0
4,25,-0.320001,0
5,25,-0.316095,0
6,25,-0.29946,0
7,25,-0.310819,0
8,25,-0.315735,0
9,25,-0.317753,0
10,25,-0.321025,0
1,26,0.358349,0
2,26,0.293077,0
3,26,0.360684,0
4,26,0.340981,0
5,26,0.317674,0
6,26,0.367406,0
7,26,0.330318,0
8,26,0.304956,0
9,26,0.379858,0
10,26,0.368331,0
1,27,0.29331,0
2,27,0.276138,0
3,27,0.275435,0
4,27,0.247863,0
5,27,0.264321,0
6,27,0.256579,0
7,27,0.279907,0
8,27,0.244256,0
9,27,0.313777,0
10,27,0.330453,0
1,28,0.0657247,0
2,28,0.0694651,0
3,28,0.078614,0
4,28,0.0982665,0
5,28,0.0749576,0
6,28,0.106107,0
7,28,0.070956,0
8,28,0.0820357,0
9,28,0.0608511,0
10,28,0.0562405,0
1,29,-0.177764,0
2,29,-0.168802,0
3,29,-0.179323,0
4,29,-0.177786,0
5,29,-0.181768,0
6,29,-0.185202,0
7,29,-0.170691,0
8,29,-0.1906,0
9,29,-0.187958,0
10,29,-0.168347,0
1,30,0.226715,0
2,30,0.20147,0
3,30,0.214466,0
4,30,0.196203,0
5,30,0.194479,0
6,30,0.182038,0
7,30,0.175649,0
8,30,0.206686,0
9,30,0.196153,0
10,30,0.149371,0
1,31,0.309513,0
2,31,0.340356,0
3,31,0.365984,0
4,31,0.339445,0
5,31,0.279636,0
6,31,0.34718,0
7,31,0.324987,0
8,31,0.346802,0
9,31,0.38449,0
10,31,0.326326,0
1,32,-0.219495,0
2,32,-0.218551,0
3,32,-0.191297,0
4,32,-0.200916,0
5,32,-0.233956,0
6,32,-0.221725,0
7,32,-0.230939,0
8,32,-0.202691,0
9,32,-0.233989,0
10,32,-0.228116,0
1,33,-0.41813,0
2,33,-0.424637,0
3,33,-0.425092,0
4,33,-0.427636,0
5,33,-0.42252,0
6,33,-0.429424,0
7,33,-0.418127,0
8,33,-0.435239,0
9,33,-0.424363,0
10,33,-0.397461,0
1,34,-0.0317642,0
2,34,-0.0443015,0
3,34,-0.0547227,0
4,34,-0.0606503,0
5,34,-0.0360188,0
6,34,-0.0702182,0
7,34,-0.088455,0
8,34,-0.0318518,0
9,34,-0.0362514,0
10,34,-0.0778526,0
1,35,0.14306,0
2,35,0.133551,0
3,35,0.125808,0
4,35,0.142395,0
5,35,0.148439,0
6,35,0.168513,0
7,35,0.160883,0
8,35,0.127928,0
9,35,0.166379,0
10,35,0.17021,0
1,36,0.448982,0
2,36,0.39653,0
3,36,0.428031,0
4,36,0.446038,0
5,36,0.417136,0
6,36,0.456067,0
7,36,0.430009,0
8,36,0.432695,0
9,36,0.408269,0
10,36,0.422433,0
1,37,-0.506241,0
2,37,-0.513017,0
3,37,-0.506241,0
4,37,-0.524931,0
5,37,-0.506842,0
6,37,-0.511044,0
7,37,-0.515287,0
8,37,-0.512212,0
9,37,-0.515287,0
10,37,-0.502831,0
1,38,-0.0913575,0
2,38,-0.0922207,0
3,38,-0.0763324,0
4,38,-0.103107,0
5,38,-0.0914684,0
6,38,-0.0903936,0
7,38,-0.110454,0
8,38,-0.0795098,0
9,38,-0.0869283,0
10,38,-0.109482,0
1,39,-0.317128,0
2,39,-0.324906,0
3,39,-0.329283,0
4,39,-0.321266,0
5,39,-0.323798,0
6,39,-0.323443,0
7,39,-0.300668,0
8,39,-0.317392,0
9,39,-0.31448,0
10,39,-0.319767,0
1,40,0.386867,0
2,40,0.389202,0
3,40,0.410937,0
4,40,0.388717,0
5,40,0.386732,0
6,40,0.374916,0
7,40,0.393808,0
8,40,0.382785,0
9,40,0.345527,0
10,40,0.380154,0
1,41,0.253904,0
2,41,0.204648,0
3,41,0.192898,0
4,41,0.208015,0
5,41,0.230135,0
6,41,0.18329,0
7,41,0.224252,0
8,41,0.231792,0
9,41,0.205308,0
10,41,0.204558,0
1,42,0.0687725,0
2,42,0.108522,0
3,42,0.0752414,0
4,42,0.102407,0
5,42,0.0542332,0
6,42,0.0957085,0
7,42,0.0696394,0
8,42,0.0832428,0
9,42,0.0570357,0
10,42,0.0761453,0
1,43,-0.158097,0
2,43,-0.19651,0
3,43,-0.210025,0
4,43,-0.174105,0
5,43,-0.192368,0
6,43,-0.19296,0
7,43,-0.190124,0
8,43,-0.1922,0
9,43,-0.177966,0
10,43,-0.19693,0
1,44,0.152164,0
2,44,0.143919,0
3,44,0.195532,0
4,44,0.158193,0
5,44,0.167218,0
6,44,0.16993,0
7,44,0.190192,0
8,44,0.207465,0
9,44,0.187224,0
10,44,0.184965,0
1,45,-0.218942,0
2,45,-0.204199,0
3,45,-0.197212,0
4,45,-0.211406,0
5,45,-0.197156,0
6,45,-0.224799,0
7,45,-0.219929,0
8,45,-0.197533,0
9,45,-0.20831,0
10,45,-0.218146,0
