rep,id,eta_V,eta_Cl
1,1,0.333253,0
2,1,0.252695,0
3,1,0.310409,0
4,1,0.26467,0
5,1,0.279773,0
6,1,0.382215,0
7,1,0.314156,0
8,1,0.342674,0
9,1,0.340506,0
10,1,0.287022,0
1,2,0.533182,0
2,2,0.5157,0
3,2,0.499467,0
4,2,0.531781,0
5,2,0.488818,0
6,2,0.496059,0
7,2,0.470715,0
8,2,0.536621,0
9,2,0.45646,0
10,2,0.461884,0
1,3,0.100493,0
2,3,0.0533349,0
3,3,0.114013,0
4,3,0.0805541,0
5,3,0.106905,0
6,3,0.0824658,0
7,3,0.099859,0
8,3,0.0820088,0
9,3,0.1264,0
10,3,0.111957,0
1,4,0.370728,0
2,4,0.308099,0
3,4,0.336863,0
4,4,0.31358,0
5,4,0.335472,0
6,4,0.285441,0
7,4,0.287212,0
8,4,0.358067,0
9,4,0.220233,0
10,4,0.276249,0
1,5,-0.327291,0
2,5,-0.343568,0
3,5,-0.366735,0
4,5,-0.3494,0
5,5,-0.330588,0
6,5,-0.377815,0
7,5,-0.345833,0
8,5,-0.31059,0
9,5,-0.321174,0
10,5,-0.334327,0
1,6,0.309453,0
2,6,0.322233,0
3,6,0.352193,0
4,6,0.347575,0
5,6,0.369234,0
6,6,0.358685,0
7,6,0.350555,0
8,6,0.309101,0
9,6,0.325491,0
10,6,0.360992,0
1,7,-0.291123,0
2,7,-0.244629,0
3,7,-0.301445,0
4,7,-0.256341,0
5,7,-0.253424,0
6,7,-0.297248,0
7,7,-0.285251,0
8,7,-0.286606,0
9,7,-0.243383,0
10,7,-0.218459,0
1,8,0.158149,0
2,8,0.211958,0
3,8,0.263195,0
4,8,0.214937,0
5,8,0.217877,0
6,8,0.119224,0
7,8,0.139287,0
8,8,0.19653,0
9,8,0.153924,0
10,8,0.142689,0
1,9,-0.193006,0
2,9,-0.283372,0
3,9,-0.256623,0
4,9,-0.235539,0
5,9,-0.248405,0
6,9,-0.260257,0
7,9,-0.237393,0
8,9,-0.262533,0
9,9,-0.235993,0
10,9,-0.238421,0
1,10,-0.291315,0
2,10,-0.310654,0
3,10,-0.285295,0
4,10,-0.266534,0
5,10,-0.248948,0
6,10,-0.297297,0
7,10,-0.278248,0
8,10,-0.315426,0
9,10,-0.267767,0
10,10,-0.285769,0
1,11,-0.445034,0
2,11,-0.446515,0
3,11,-0.447006,0
4,11,-0.436882,0
5,11,-0.428887,0
6,11,-0.471971,0
7,11,-0.460165,0
8,11,-0.450419,0
9,11,-0.423762,0
10,11,-0.427538,0
1,12,-0.259236,0
2,12,-0.219636,0
3,12,-0.300937,0
4,12,-0.248842,0
5,12,-0.256577,0
6,12,-0.25081,0
7,12,-0.239497,0
8,12,-0.219154,0
9,12,-0.23542,0
10,12,-0.224813,0
1,13,0.0092608,0
2,13,-0.058634,0
3,13,-0.0149146,0
4,13,0.0431327,0
5,13,0.00797287,0
6,13,-0.0151315,0
7,13,-0.027523,0
8,13,0.0423097,0
9,13,-0.0418411,0
10,13,-0.0458104,0
1,14,-0.0584871,0
2,14,-0.0246383,0
3,14,-0.089979,0
4,14,-0.0129898,0
5,14,0.0109426,0
6,14,-0.0452004,0
7,14,-0.0176852,0
8,14,-0.0925201,0
9,14,-0.0874128,0
10,14,-0.0405742,0
1,15,-0.0237368,0
2,15,-0.038997,0
3,15,-0.0232079,0
4,15,-0.0536565,0
5,15,0.0502893,0
6,15,-0.0210166,0
7,15,-0.0297166,0
8,15,0.0323805,0
9,15,-0.0506841,0
10,15,-0.0477535,0
1,16,0.496441,0
2,16,0.486317,0
3,16,0.498055,0
4,16,0.47054,0
5,16,0.460921,0
6,16,0.467304,0
7,16,0.481428,0
8,16,0.49181,0
9,16,0.472786,0
10,16,0.462824,0
1,17,0.0845345,0
2,17,0.0336146,0
3,17,0.100907,0
4,17,0.0270907,0
5,17,0.11953,0
6,17,0.0898842,0
7,17,0.0915588,0
8,17,0.103169,0
9,17,0.150926,0
10,17,0.107581,0
1,18,0.305287,0
2,18,0.189877,0
3,18,0.204271,0
4,18,0.232169,0
5,18,0.286472,0
6,18,0.295463,0
7,18,0.212473,0
8,18,0.338291,0
9,18,0.261045,0
10,18,0.246864,0
1,19,-0.269157,0
2,19,-0.305284,0
3,19,-0.340647,0
4,19,-0.33698,0
5,19,-0.339707,0
6,19,-0.315469,0
7,19,-0.303692,0
8,19,-0.34015,0
9,19,-0.333564,0
10,19,-0.29268,0
1,20,0.343037,0
2,20,0.363806,0
3,20,0.344429,0
4,20,0.365881,0
5,20,0.402012,0
6,20,0.340844,0
7,20,0.314991,0
8,20,0.373183,0
9,20,0.335749,0
10,20,0.368776,0
1,21,-0.270175,0
2,21,-0.214067,0
3,21,-0.282594,0
4,21,-0.256615,0
5,21,-0.230791,0
6,21,-0.241478,0
7,21,-0.291516,0
8,21,-0.259533,0
9,21,-0.257727,0
10,21,-0.27738,0
1,22,0.181502,0
2,22,0.174208,0
3,22,0.348457,0
4,22,0.239675,0
5,22,0.218062,0
6,22,0.195999,0
7,22,0.220982,0
8,22,0.263167,0
9,22,0.23199,0
10,22,0.250497,0
1,23,-0.278541,0
2,23,-0.274516,0
3,23,-0.281362,0
4,23,-0.255875,0
5,23,-0.257677,0
6,23,-0.254684,0
7,23,-0.234746,0
8,23,-0.248302,0
9,23,-0.289253,0
10,23,-0.256173,0
1,24,-0.268102,0
2,24,-0.265431,0
3,24,-0.278149,0
4,24,-0.316343,0
5,24,-0.268598,0
6,24,-0.261604,0
7,24,-0.19813,0
8,24,-0.238706,0
9,24,-0.300889,0
10,24,-0.250619,0
1,25,-0.477005,0
2,25,-0.469338,0
3,25,-0.419665,0
4,25,-0.437631,0
5,25,-0.431419,0
6,25,-0.440001,0
7,25,-0.437102,0
8,25,-0.462603,0
9,25,-0.447997,0
10,25,-0.427519,0
1,26,-0.260236,0
2,26,-0.231001,0
3,26,-0.276496,0
4,26,-0.222746,0
5,26,-0.249147,0
6,26,-0.242602,0
7,26,-0.215692,0
8,26,-0.238382,0
9,26,-0.260295,0
10,26,-0.268924,0
1,27,-0.044852,0
2,27,-0.0213077,0
3,27,-0.0296207,0
4,27,-0.000783493,0
5,27,-0.0157575,0
6,27,-0.0316663,0
7,27,-0.0605253,0
8,27,0.0275775,0
9,27,-0.0263717,0
10,27,-0.035083,0
1,28,-0.0778588,0
2,28,-0.0501352,0
3,28,-0.0668481,0
4,28,-0.0171681,0
5,28,-0.126684,0
6,28,-0.0551886,0
7,28,-0.0338185,0
8,28,-0.111006,0
9,28,-0.0409138,0
10,28,-0.0775378,0
1,29,-0.0346601,0
2,29,-0.0559066,0
3,29,-0.0590084,0
4,29,-0.0258541,0
5,29,-0.0327297,0
6,29,-0.0213933,0
7,29,-0.0389818,0
8,29,0.0110053,0
9,29,-0.0483458,0
10,29,-0.00757516,0
1,30,0.786794,0
2,30,0.829621,0
3,30,0.844102,0
4,30,0.941806,0
5,30,0.875771,0
6,30,0.920166,0
7,30,0.850862,0
8,30,0.777567,0
9,30,0.809797,0
10,30,0.866656,0
1,31,0.155468,0
2,31,0.102345,0
3,31,0.0190122,0
4,31,0.0982947,0
5,31,0.200603,0
6,31,0.102452,0
7,31,0.195613,0
8,31,0.102785,0
9,31,0.151841,0
10,31,0.211824,0
1,32,0.353644,0
2,32,0.325544,0
3,32,0.203882,0
4,32,0.236141,0
5,32,0.38507,0
6,32,0.287179,0
7,32,0.286637,0
8,32,0.282246,0
9,32,0.159621,0
10,32,0.347661,0
1,33,-0.336251,0
2,33,-0.357433,0
3,33,-0.321975,0
4,33,-0.357352,0
5,33,-0.348193,0
6,33,-0.374711,0
7,33,-0.353001,0
8,33,-0.308928,0
9,33,-0.349691,0
10,33,-0.339267,0
1,34,0.347995,0
2,34,0.361744,0
3,34,0.326052,0
4,34,0.343689,0
5,34,0.375057,0
6,34,0.40085,0
7,34,0.358647,0
8,34,0.347092,0
9,34,0.371952,0
10,34,0.340985,0
1,35,-0.280065,0
2,35,-0.298536,0
3,35,-0.270345,0
4,35,-0.250616,0
5,35,-0.319131,0
6,35,-0.26931,0
7,35,-0.286921,0
8,35,-0.314018,0
9,35,-0.274168,0
10,35,-0.263882,0
1,36,0.172479,0
2,36,0.188566,0
3,36,0.134657,0
4,36,0.219767,0
5,36,0.170245,0
6,36,0.158698,0
7,36,0.149335,0
8,36,0.128202,0
9,36,0.143625,0
10,36,0.163132,0
1,37,-0.25328,0
2,37,-0.274834,0
3,37,-0.233082,0
4,37,-0.247427,0
5,37,-0.236603,0
6,37,-0.241963,0
7,37,-0.279487,0
8,37,-0.25753,0
9,37,-0.221962,0
10,37,-0.253735,0
1,38,-0.295999,0
2,38,-0.295252,0
3,38,-0.282525,0
4,38,-0.260667,0
5,38,-0.316596,0
6,38,-0.278654,0
7,38,-0.256768,0
8,38,-0.267579,0
9,38,-0.23214,0
10,38,-0.26313,0
1,39,-0.466329,0
2,39,-0.428155,0
3,39,-0.453119,0
4,39,-0.456706,0
5,39,-0.441417,0
6,39,-0.43257,0
7,39,-0.415789,0
8,39,-0.432772,0
9,39,-0.423365,0
10,39,-0.450452,0
1,40,-0.228896,0
2,40,-0.315822,0
3,40,-0.277265,0
4,40,-0.237903,0
5,40,-0.260787,0
6,40,-0.250501,0
7,40,-0.270767,0
8,40,-0.22449,0
9,40,-0.249099,0
10,40,-0.265621,0
1,41,-0.0376741,0
2,41,-0.0388021,0
3,41,-0.0320607,0
4,41,0.0247669,0
5,41,0.00166661,0
6,41,0.0217257,0
7,41,0.0544706,0
8,41,-0.0425891,0
9,41,-0.0161544,0
10,41,-0.0413977,0
1,42,-0.0410225,0
2,42,0.034344,0
3,42,-0.0863834,0
4,42,-0.0134581,0
5,42,-0.0205751,0
6,42,-0.0530228,0
7,42,-0.0751484,0
8,42,-0.0295654,0
9,42,-0.0374981,0
10,42,-0.0485412,0
1,43,0.0268204,0
2,43,-0.000958552,0
3,43,-0.0338564,0
4,43,0.047165,0
5,43,-0.00123088,0
6,43,-0.024308,0
7,43,0.00747538,0
8,43,0.0347426,0
9,43,-0.0164834,0
10,43,-0.00212735,0
1,44,1.03038,0
2,44,0.820331,0
3,44,0.846488,0
4,44,0.858967,0
5,44,0.907872,0
6,44,0.934865,0
7,44,0.881298,0
8,44,0.812094,0
9,44,0.915699,0
10,44,0.945738,0
1,45,-0.216465,0
2,45,-0.232416,0
3,45,-0.216368,0
4,45,-0.275388,0
5,45,-0.275253,0
6,45,-0.227461,0
7,45,-0.27542,0
8,45,-0.251198,0
9,45,-0.248316,0
10,45,-0.212589,0
