,ID,DOSE,OBS,TIME
215,5335,5.0,320.827,0.083
222,5336,5.0,288.934,0.083
229,5337,5.0,366.545,0.083
236,5338,5.0,328.617,0.083
243,5339,5.0,278.797,0.083
250,5340,5.0,391.395,0.083
216,5335,5.0,19.586,1.167
223,5336,5.0,17.694,1.167
230,5337,5.0,20.704,1.167
237,5338,5.0,24.121,1.167
244,5339,5.0,22.882,1.167
251,5340,5.0,21.014,1.167
217,5335,5.0,13.028,3.333
224,5336,5.0,11.292,3.333
231,5337,5.0,13.001,3.333
238,5338,5.0,15.784,3.333
245,5339,5.0,8.601,3.333
252,5340,5.0,12.186,3.333
218,5335,5.0,12.074,4.25
225,5336,5.0,8.985,4.25
232,5337,5.0,8.802,4.25
239,5338,5.0,9.524,4.25
246,5339,5.0,7.25,4.25
253,5340,5.0,10.495,4.25
219,5335,5.0,12.356,4.833
226,5336,5.0,11.657,4.833
233,5337,5.0,17.931,4.833
240,5338,5.0,14.849,4.833
247,5339,5.0,8.539,4.833
254,5340,5.0,15.468,4.833
220,5335,5.0,10.478,5.0
227,5336,5.0,6.062,5.0
234,5337,5.0,9.496,5.0
241,5338,5.0,10.65,5.0
248,5339,5.0,11.109,5.0
255,5340,5.0,8.633,5.0
257,5341,10.0,1652.75,0.083
264,5342,10.0,1603.41,0.083
271,5343,10.0,1510.69,0.083
278,5344,10.0,1240.93,0.083
285,5345,10.0,1737.2,0.083
292,5346,10.0,1739.75,0.083
258,5341,10.0,343.749,0.333
265,5342,10.0,226.409,0.333
272,5343,10.0,204.346,0.333
279,5344,10.0,339.546,0.333
286,5345,10.0,406.857,0.333
293,5346,10.0,272.883,0.333
259,5341,10.0,32.243,2.5
266,5342,10.0,38.79,2.5
273,5343,10.0,33.165,2.5
280,5344,10.0,58.139,2.5
287,5345,10.0,66.492,2.5
294,5346,10.0,39.859,2.5
260,5341,10.0,17.532,4.666
267,5342,10.0,27.219,4.666
274,5343,10.0,17.678,4.666
281,5344,10.0,34.482,4.666
288,5345,10.0,28.923,4.666
295,5346,10.0,31.881,4.666
261,5341,10.0,37.967,4.833
268,5342,10.0,26.709,4.833
275,5343,10.0,27.445,4.833
282,5344,10.0,29.556,4.833
289,5345,10.0,30.578,4.833
296,5346,10.0,19.659,4.833
262,5341,10.0,23.052,5.0
269,5342,10.0,18.096,5.0
276,5343,10.0,10.774,5.0
283,5344,10.0,24.228,5.0
290,5345,10.0,23.15,5.0
297,5346,10.0,20.243,5.0
299,5365,15.0,3857.25,0.083
306,5366,15.0,3316.95,0.083
313,5367,15.0,2950.93,0.083
320,5368,15.0,4182.59,0.083
327,5369,15.0,4031.54,0.083
334,5370,15.0,3404.09,0.083
300,5365,15.0,538.521,0.416
307,5366,15.0,426.974,0.416
314,5367,15.0,389.211,0.416
321,5368,15.0,449.632,0.416
328,5369,15.0,415.355,0.416
335,5370,15.0,462.413,0.416
301,5365,15.0,101.629,1.666
308,5366,15.0,85.943,1.666
315,5367,15.0,87.105,1.666
322,5368,15.0,99.886,1.666
329,5369,15.0,105.115,1.666
336,5370,15.0,100.467,1.666
302,5365,15.0,50.62,3.333
309,5366,15.0,41.963,3.333
316,5367,15.0,48.877,3.333
323,5368,15.0,50.968,3.333
330,5369,15.0,46.088,3.333
337,5370,15.0,45.856,3.333
303,5365,15.0,14.658,7.833
310,5366,15.0,12.682,7.833
317,5367,15.0,16.052,7.833
324,5368,15.0,18.202,7.833
331,5369,15.0,19.48,7.833
338,5370,15.0,14.541,7.833
304,5365,15.0,13.786,10.0
311,5366,15.0,9.603,10.0
318,5367,15.0,9.603,10.0
325,5368,15.0,7.453,10.0
332,5369,15.0,8.151,10.0
339,5370,15.0,6.64,10.0
