rep,id,Cl,V1,Q,V2,S,R0,gamma,MTT
1,1,2.82944,0.377261,2.34107,4.89644,20.0217,981.709,0.430866,84.8719
2,1,2.80819,0.362923,2.34107,5.02385,19.8792,983.02,0.442735,85.0198
3,1,2.83144,0.406067,2.34107,4.90348,20.2476,981.055,0.439448,85.1328
4,1,2.8192,0.395918,2.34107,4.93927,20.2318,984.083,0.434665,85.1111
5,1,2.81404,0.420247,2.34107,5.04446,19.9564,981.538,0.43433,85.151
6,1,2.81979,0.426248,2.34107,4.93213,20.1311,984.122,0.439069,84.9119
7,1,2.81254,0.409614,2.34107,4.95725,20.1074,983.998,0.437747,84.8747
8,1,2.81814,0.407205,2.34107,4.99502,20.401,985.705,0.437016,84.9038
9,1,2.81207,0.417329,2.34107,5.04015,20.0861,982.109,0.435952,85.0554
10,1,2.80018,0.416838,2.34107,5.03016,19.9849,981.478,0.431787,85.0902
1,2,2.82039,0.516384,2.34107,4.99613,19.4543,985.458,0.441486,84.8523
2,2,2.82568,0.555267,2.34107,4.94912,19.9764,983.045,0.435028,84.965
3,2,2.81547,0.51098,2.34107,4.99055,20.0358,982.64,0.434882,85.1857
4,2,2.81247,0.490986,2.34107,4.89721,19.9313,980.739,0.433212,84.9331
5,2,2.81365,0.505192,2.34107,5.008,20.6856,983.297,0.429089,85.2063
6,2,2.80574,0.551236,2.34107,5.00392,20.2487,982.74,0.434054,85.1375
7,2,2.81262,0.546044,2.34107,5.09541,19.9345,983.291,0.431355,85.12
8,2,2.81319,0.51675,2.34107,4.94865,19.7177,982.899,0.42925,84.8563
9,2,2.82206,0.576322,2.34107,5.0658,19.8288,981.8,0.440396,85.0808
10,2,2.80956,0.495715,2.34107,4.90609,19.6909,982.881,0.432277,85.2548
1,3,2.80264,0.888104,2.34107,4.88972,20.1538,981.732,0.432847,84.9349
2,3,2.81439,0.926488,2.34107,4.98589,20.347,983.508,0.437489,85.0144
3,3,2.82537,0.968939,2.34107,4.99321,20.0145,984.408,0.440656,84.957
4,3,2.82993,0.942131,2.34107,4.83201,20.6216,984.39,0.430363,85.1953
5,3,2.80891,0.957765,2.34107,4.98517,19.7118,983.875,0.429337,85.1234
6,3,2.82438,1.00724,2.34107,5.06604,20.0835,982.389,0.430403,85.0777
7,3,2.82187,1.00996,2.34107,5.02797,19.6453,980.01,0.43445,84.929
8,3,2.82161,0.927499,2.34107,5.01002,19.9224,980.482,0.436756,84.9684
9,3,2.81541,0.947922,2.34107,4.99649,20.6129,982.591,0.443031,85.027
10,3,2.83291,0.949365,2.34107,4.97185,19.676,981.542,0.432598,84.8226
1,4,2.821,0.737628,2.34107,4.97058,19.9994,981.257,0.437442,85.1803
2,4,2.8425,0.720453,2.34107,5.03026,19.7591,982.502,0.437132,85.3103
3,4,2.82262,0.71571,2.34107,5.10247,19.9933,983.835,0.431433,84.9441
4,4,2.80467,0.737585,2.34107,4.9832,20.3236,982.777,0.432893,84.9458
5,4,2.83338,0.753515,2.34107,4.98632,19.9504,982.088,0.441459,84.9819
6,4,2.82928,0.734379,2.34107,4.82951,20.0668,984.892,0.431172,84.8892
7,4,2.81371,0.700335,2.34107,4.96579,20.2004,985.235,0.434706,84.9103
8,4,2.80766,0.692163,2.34107,4.80976,19.9144,983.667,0.433486,84.8584
9,4,2.81369,0.696258,2.34107,4.88282,20.5041,982.861,0.435195,85.1704
10,4,2.83041,0.709634,2.34107,5.07474,20.1635,982.282,0.439131,84.987
1,5,2.80656,1.11577,2.34107,4.86019,20.0077,984.697,0.440266,85.0189
2,5,2.83304,1.09757,2.34107,4.79259,19.8719,980.554,0.439186,84.8592
3,5,2.82495,1.21508,2.34107,4.82921,19.972,982.848,0.433475,84.8172
4,5,2.81846,1.12369,2.34107,4.94102,19.9945,984.567,0.434619,84.7085
5,5,2.81701,1.24865,2.34107,4.97142,20.2539,983.739,0.439785,85.1328
6,5,2.82543,1.16942,2.34107,5.03917,20.3227,984.68,0.432263,85.0465
7,5,2.80889,1.12618,2.34107,4.97629,20.0015,983.745,0.433858,84.7185
8,5,2.8186,1.18745,2.34107,4.92233,20.0802,979.421,0.438695,85.0393
9,5,2.81555,1.1653,2.34107,4.95187,20.4163,982.71,0.432723,85.1051
10,5,2.81553,1.2286,2.34107,4.89588,20.4575,982.559,0.437056,84.7218
1,6,2.80415,1.00116,2.34107,4.95792,20.1022,982.168,0.4276,84.9654
2,6,2.81667,0.962655,2.34107,4.77807,20.0384,980.494,0.429635,84.8955
3,6,2.81554,0.98603,2.34107,4.91536,20.4222,981.601,0.433962,85.036
4,6,2.82459,1.03403,2.34107,4.93101,19.9119,980.043,0.433525,85.1315
5,6,2.81701,1.00314,2.34107,4.92186,19.6111,984.459,0.424274,84.9333
6,6,2.80978,0.93509,2.34107,4.77876,20.0006,982.979,0.435615,85.0737
7,6,2.82391,1.06448,2.34107,4.94657,20.0859,984.086,0.426165,84.914
8,6,2.80965,0.995505,2.34107,4.88741,19.9435,982.531,0.427681,85.1082
9,6,2.81708,1.01195,2.34107,4.84985,19.7685,983.22,0.433483,84.872
10,6,2.80663,0.991611,2.34107,4.94512,19.9329,981.493,0.432896,85.1364
1,7,2.81343,0.771327,2.34107,4.92586,19.9561,981.992,0.435893,85.3559
2,7,2.83321,0.734742,2.34107,4.82421,20.2527,986.008,0.428685,85.1453
3,7,2.80286,0.678921,2.34107,4.83118,20.1097,981.078,0.428255,85.1577
4,7,2.8377,0.761465,2.34107,5.00594,19.681,985.743,0.432401,85.0244
5,7,2.81747,0.696449,2.34107,5.0266,20.4041,981.869,0.431234,84.8771
6,7,2.81155,0.756621,2.34107,4.94633,19.6967,981.837,0.443978,84.7749
7,7,2.80885,0.719209,2.34107,4.91175,19.8374,985.134,0.436533,85.0649
8,7,2.82727,0.763601,2.34107,4.90205,20.1112,982.27,0.4374,85.0381
9,7,2.82897,0.701923,2.34107,4.98065,20.3074,983.74,0.438329,85.0798
10,7,2.81637,0.718646,2.34107,4.96297,19.6368,981.961,0.430659,85.2663
1,8,2.81316,0.941782,2.34107,4.82097,20.1307,981.386,0.436264,85.0613
2,8,2.82714,1.09988,2.34107,4.9698,20.0696,982.006,0.441003,85.1998
3,8,2.82122,1.02647,2.34107,4.98652,19.9041,980.864,0.433114,84.9972
4,8,2.83243,1.03781,2.34107,4.89298,20.0399,980.17,0.434501,85.0411
5,8,2.81273,1.01528,2.34107,5.00383,20.1652,982.993,0.43312,85.1584
6,8,2.83176,1.0157,2.34107,4.9293,19.7133,982.097,0.438161,85.1848
7,8,2.82227,0.998556,2.34107,4.88731,19.7732,984.74,0.428201,85.2109
8,8,2.83016,1.01623,2.34107,4.90567,19.8301,983.164,0.429754,85.281
9,8,2.82759,1.11473,2.34107,5.00777,20.2725,980.986,0.433017,85.0406
10,8,2.83723,1.06875,2.34107,4.94713,20.4647,984.749,0.436641,85.1254
1,9,2.83358,0.897882,2.34107,4.98172,19.7948,982.209,0.434118,85.0935
2,9,2.81331,0.892423,2.34107,4.93439,19.9876,982.034,0.437696,84.4358
3,9,2.80838,0.897416,2.34107,4.92233,20.5311,983.023,0.438614,85.2474
4,9,2.82411,0.886396,2.34107,4.92695,20.2304,982.3,0.438111,84.9717
5,9,2.83546,0.852484,2.34107,4.86922,20.1583,981.157,0.434238,85.1006
6,9,2.82383,0.906293,2.34107,4.97828,20.2731,981.413,0.438876,85.148
7,9,2.80297,0.873771,2.34107,5.08234,20.4514,983.269,0.435929,84.8189
8,9,2.79654,0.869532,2.34107,4.99508,19.9142,982.527,0.439596,85.1268
9,9,2.82229,0.913068,2.34107,4.87487,20.1942,979.453,0.437242,85.4067
10,9,2.83594,0.891318,2.34107,4.91736,20.389,981.957,0.437428,85.1762
1,10,2.81381,0.944712,2.34107,4.9326,19.4081,984.449,0.433228,84.4613
2,10,2.81595,0.859029,2.34107,4.93307,19.7366,984.608,0.432829,85.3603
3,10,2.83452,0.96374,2.34107,4.95578,19.9817,982.592,0.430351,85.166
4,10,2.82097,0.933324,2.34107,4.85135,20.338,985.132,0.431308,84.8817
5,10,2.81832,0.872762,2.34107,5.07111,20.0224,982.823,0.430894,84.5105
6,10,2.8166,0.860544,2.34107,4.88461,19.4562,985.296,0.436865,85.1399
7,10,2.83055,0.89829,2.34107,4.93685,19.6674,985.353,0.441672,85.2644
8,10,2.80527,0.934242,2.34107,4.91296,20.493,980.991,0.434698,85.1412
9,10,2.81609,0.8963,2.34107,4.93215,20.0262,981.709,0.438749,85.1427
10,10,2.81796,0.93167,2.34107,5.02157,19.9835,982.174,0.433511,84.9019
1,11,2.8185,1.23383,2.34107,4.87503,19.9622,983.433,0.432326,85.015
2,11,2.831,1.31881,2.34107,4.80675,20.1008,982.553,0.440602,84.6788
3,11,2.81916,1.34755,2.34107,4.92875,19.6902,981.688,0.440775,84.7279
4,11,2.81994,1.2996,2.34107,4.98608,20.0173,982.842,0.440903,85.1651
5,11,2.81069,1.29417,2.34107,4.86808,20.5635,982.161,0.439099,85.0449
6,11,2.82148,1.31774,2.34107,5.00267,20.3641,985.612,0.435249,84.9804
7,11,2.82279,1.25454,2.34107,4.97498,19.8906,982.792,0.438821,85.1241
8,11,2.81981,1.38385,2.34107,5.06409,19.8098,983.863,0.437374,84.8548
9,11,2.80975,1.45035,2.34107,4.91688,20.0992,982.096,0.43435,85.1054
10,11,2.83379,1.3382,2.34107,4.94498,20.4393,978.982,0.437369,85.0442
1,12,2.82669,0.571779,2.34107,4.87276,20.2788,983.776,0.433957,85.0317
2,12,2.82302,0.599872,2.34107,4.92523,20.2418,983.359,0.434069,85.0498
3,12,2.80849,0.619703,2.34107,5.02336,20.4656,982.914,0.431806,84.963
4,12,2.81408,0.569633,2.34107,5.03977,20.3045,988.329,0.436098,84.9241
5,12,2.81999,0.572309,2.34107,4.91382,20.1784,983.673,0.435573,84.8958
6,12,2.83168,0.626792,2.34107,4.95793,20.3337,985.306,0.436972,84.9256
7,12,2.81004,0.574635,2.34107,4.86143,20.1275,983.825,0.437972,85.3215
8,12,2.82081,0.558028,2.34107,5.01753,20.1441,984.294,0.435475,84.9862
9,12,2.82353,0.540509,2.34107,4.98462,20.1643,981.794,0.434765,84.958
10,12,2.82268,0.566404,2.34107,4.89306,19.8034,982.534,0.431109,85.1021
1,13,2.80413,0.558814,2.34107,4.95219,19.8878,979.934,0.436283,85.1432
2,13,2.8068,0.550951,2.34107,5.01362,20.2025,984.872,0.430857,84.8369
3,13,2.83188,0.58006,2.34107,5.0137,20.4106,982.188,0.43622,84.7944
4,13,2.80581,0.588964,2.34107,5.00157,19.5292,983.827,0.440777,84.8838
5,13,2.80653,0.570117,2.34107,5.06905,19.9833,982.627,0.431992,84.9387
6,13,2.81225,0.610767,2.34107,4.97895,20.1807,981.525,0.434487,84.9506
7,13,2.80861,0.572882,2.34107,4.94459,19.6584,985.724,0.435992,84.6791
8,13,2.79902,0.537461,2.34107,4.99595,20.0025,981.705,0.43631,85.1799
9,13,2.81775,0.590986,2.34107,4.99572,20.1165,983.754,0.43679,84.9968
10,13,2.82561,0.595908,2.34107,5.01149,20.2499,982.358,0.43073,84.6193
1,14,2.81475,0.651289,2.34107,4.98316,19.8348,984.46,0.439103,85.0141
2,14,2.82273,0.647598,2.34107,4.86035,20.4316,984.543,0.433048,84.9193
3,14,2.81219,0.623684,2.34107,4.94884,20.3734,981.028,0.437602,84.9861
4,14,2.80495,0.632369,2.34107,4.9713,20.5387,980.854,0.433607,85.0199
5,14,2.82596,0.632205,2.34107,5.03455,20.4917,982.55,0.431605,85.2194
6,14,2.82181,0.62917,2.34107,4.81606,20.2743,984.068,0.434345,84.9908
7,14,2.82589,0.603702,2.34107,4.92243,20.1634,982.28,0.441194,85.2196
8,14,2.80248,0.659134,2.34107,4.93004,20.1454,984.138,0.437941,84.8757
9,14,2.81344,0.637729,2.34107,4.98006,20.4911,984.269,0.438379,85.1555
10,14,2.81806,0.649792,2.34107,4.91332,19.8655,982.476,0.434902,84.9411
1,15,2.79049,0.673925,2.34107,4.98458,19.8803,980.211,0.433034,84.9643
2,15,2.82218,0.634494,2.34107,4.82787,20.0692,982.753,0.431984,85.0406
3,15,2.81777,0.634017,2.34107,4.82372,20.2718,982.83,0.438033,85.0058
4,15,2.82168,0.608824,2.34107,4.83395,20.1849,982.936,0.433181,85.019
5,15,2.81675,0.654356,2.34107,5.00862,20.2756,981.92,0.439865,85.2048
6,15,2.81771,0.673608,2.34107,4.96356,19.9784,979.348,0.436045,84.8652
7,15,2.82149,0.666667,2.34107,5.05049,20.1284,984.026,0.436154,84.9278
8,15,2.81232,0.660466,2.34107,5.09424,20.1215,981.707,0.440497,84.7592
9,15,2.82487,0.67846,2.34107,5.00306,20.0524,984.085,0.431637,85.2358
10,15,2.81406,0.611875,2.34107,4.99323,19.8488,983.028,0.444191,85.0158
1,16,2.81351,0.586906,2.34107,4.99359,20.2955,983.734,0.435177,85.0918
2,16,2.80683,0.567927,2.34107,4.9448,20.2078,983.587,0.437422,85.2258
3,16,2.79067,0.597741,2.34107,4.9683,20.0757,982.501,0.434924,85.0299
4,16,2.83211,0.610908,2.34107,4.98067,20.4101,984.42,0.431659,84.8996
5,16,2.82443,0.604156,2.34107,4.92628,19.4534,982.964,0.436532,84.8674
6,16,2.80505,0.608174,2.34107,5.10004,20.1653,981.533,0.44132,85.2588
7,16,2.82521,0.621693,2.34107,4.98042,19.8595,983.158,0.432038,84.7096
8,16,2.82346,0.645929,2.34107,5.02869,19.935,983.808,0.432795,85.2475
9,16,2.81943,0.640115,2.34107,4.97984,19.9018,981.669,0.435592,85.0291
10,16,2.80646,0.630308,2.34107,4.85891,20.2226,983.204,0.432758,85.0547
1,17,2.81906,0.506622,2.34107,4.85315,20.4442,982.989,0.434384,84.959
2,17,2.82263,0.498254,2.34107,4.87199,20.0697,984.627,0.435838,84.9094
3,17,2.81343,0.512755,2.34107,4.9493,20.4543,982.759,0.438347,85.0509
4,17,2.79525,0.472273,2.34107,4.904,20.1594,980.428,0.433154,84.8127
5,17,2.82647,0.493521,2.34107,4.87109,19.6494,983.268,0.433914,84.8079
6,17,2.81518,0.466022,2.34107,4.8809,19.988,981.419,0.43589,84.7722
7,17,2.82865,0.506723,2.34107,4.90195,20.4183,983.195,0.433674,84.6675
8,17,2.80565,0.479571,2.34107,4.93778,20.2941,981.058,0.433828,84.8963
9,17,2.81514,0.4847,2.34107,4.83156,20.0067,983.871,0.432405,84.9418
10,17,2.80973,0.523216,2.34107,4.90216,20.3713,982.657,0.435735,84.9006
1,18,2.81849,0.629605,2.34107,4.93867,20.3123,980.784,0.434458,84.8627
2,18,2.80889,0.627088,2.34107,4.90789,20.2301,982.899,0.43676,84.8178
3,18,2.81865,0.654094,2.34107,4.98371,20.2552,980.993,0.434339,85.0276
4,18,2.80502,0.648728,2.34107,5.02389,20.1323,981.609,0.436093,85.3144
5,18,2.81648,0.634293,2.34107,4.93219,20.1862,982.027,0.432389,84.9401
6,18,2.81069,0.610421,2.34107,4.84325,20.1025,981.936,0.432598,85.0237
7,18,2.7977,0.627239,2.34107,4.94422,20.0084,981.941,0.43449,85.0071
8,18,2.81062,0.629229,2.34107,4.99068,20.1637,978.6,0.437655,84.8433
9,18,2.82302,0.657295,2.34107,4.78603,19.7781,982.551,0.431311,84.8118
10,18,2.81295,0.612047,2.34107,4.84686,19.9318,984.256,0.435438,84.88
1,19,2.81367,0.908419,2.34107,4.92475,20.1007,980.39,0.425867,84.9647
2,19,2.82316,0.898401,2.34107,4.97992,20.1436,982.155,0.436709,85.222
3,19,2.82174,0.94751,2.34107,4.84602,19.9968,982.383,0.438492,85.1521
4,19,2.81349,0.982847,2.34107,5.12373,19.9201,982.386,0.433685,85.0841
5,19,2.82367,1.0853,2.34107,4.87074,20.2516,982.729,0.434769,84.9584
6,19,2.81949,1.00601,2.34107,4.99669,20.2639,984.48,0.433596,85.3142
7,19,2.81319,0.965196,2.34107,4.95785,19.7491,987.372,0.436177,85.4074
8,19,2.81527,0.93885,2.34107,4.94344,19.9171,982.309,0.431561,85.1026
9,19,2.83138,0.992456,2.34107,4.9489,19.5816,981.122,0.429711,84.8151
10,19,2.79924,0.941296,2.34107,4.83409,19.8414,981.541,0.435612,85.211
1,20,2.80907,0.473168,2.34107,5.04206,20.4595,983.609,0.440504,85.3866
2,20,2.808,0.494733,2.34107,4.96767,20.1347,985.647,0.437009,84.8573
3,20,2.80774,0.487873,2.34107,5.02432,19.9754,984.467,0.433018,84.8292
4,20,2.81289,0.461661,2.34107,5.01337,20.3886,982.505,0.440225,85.1675
5,20,2.80507,0.493728,2.34107,4.95406,20.0854,982.999,0.436481,85.1077
6,20,2.8096,0.503353,2.34107,4.97703,19.996,983.164,0.436385,84.82
7,20,2.81272,0.482454,2.34107,5.03821,20.0374,982.144,0.439646,85.0767
8,20,2.82135,0.503925,2.34107,4.95183,20.0621,984.928,0.438033,84.753
9,20,2.80815,0.510371,2.34107,4.93797,20.0139,981.83,0.435195,85.0472
10,20,2.81591,0.473686,2.34107,4.9639,20.4281,981.71,0.43635,85.0605
1,21,2.83228,0.777476,2.34107,4.9836,20.1845,982.813,0.429962,84.8035
2,21,2.82003,0.797211,2.34107,4.94089,19.986,981.66,0.425674,85.0337
3,21,2.8228,0.751127,2.34107,4.92101,20.028,986.11,0.42776,84.8213
4,21,2.8199,0.757942,2.34107,4.91692,19.8906,982.575,0.433089,85.1028
5,21,2.82758,0.781,2.34107,4.94701,19.9694,981.228,0.433542,84.965
6,21,2.81897,0.808828,2.34107,4.98423,20.4413,983.202,0.433204,84.9096
7,21,2.83093,0.77613,2.34107,5.04722,19.9699,983.306,0.433547,85.2005
8,21,2.82833,0.811276,2.34107,4.84548,20.1978,983.358,0.442909,85.0959
9,21,2.82005,0.78159,2.34107,5.05937,20.4451,983.792,0.431712,85.0775
10,21,2.83125,0.76044,2.34107,4.99348,19.9079,982,0.433523,85.1316
1,22,2.81838,0.455939,2.34107,5.00759,19.9994,983.199,0.429086,84.9226
2,22,2.81246,0.502635,2.34107,5.03124,20.0782,981.234,0.434681,84.9634
3,22,2.82518,0.439225,2.34107,4.89366,19.9473,982.416,0.431651,84.9732
4,22,2.81856,0.487398,2.34107,4.92855,20.2177,982.826,0.43685,85.0595
5,22,2.80812,0.477063,2.34107,4.9278,20.2367,984.451,0.437096,84.8141
6,22,2.83401,0.47539,2.34107,4.87395,20.0064,982.462,0.436434,85.126
7,22,2.82398,0.490981,2.34107,5.07342,20.0892,982.219,0.431135,84.8407
8,22,2.81865,0.469714,2.34107,4.87349,20.1183,983.405,0.436447,84.8905
9,22,2.82286,0.475914,2.34107,4.97249,20.3685,986.088,0.436978,85.313
10,22,2.82269,0.479711,2.34107,4.99468,20.0424,980.998,0.433288,84.8602
1,23,2.8242,1.16616,2.34107,4.90865,19.976,985.913,0.438145,84.7869
2,23,2.83427,1.21605,2.34107,4.92769,20.0324,986.065,0.437448,84.8837
3,23,2.82401,1.17204,2.34107,4.94171,19.9679,984.527,0.438757,85.1358
4,23,2.81055,1.27424,2.34107,5.02975,19.8604,985.965,0.436435,84.6478
5,23,2.81885,1.26983,2.34107,5.0257,19.5632,982.521,0.444636,85.2336
6,23,2.82569,1.28467,2.34107,5.07679,19.94,978.788,0.441004,84.8957
7,23,2.8227,1.30387,2.34107,4.97785,19.8739,983.804,0.435378,84.8676
8,23,2.82826,1.23709,2.34107,4.88513,20.089,980.553,0.440059,84.9079
9,23,2.83377,1.25946,2.34107,5.0539,20.3704,981.777,0.431583,85.253
10,23,2.82446,1.29866,2.34107,4.96491,19.9426,984.632,0.439152,84.9995
1,24,2.82633,0.765893,2.34107,5.04352,19.9754,983.759,0.432282,84.9774
2,24,2.8121,0.794496,2.34107,4.9709,20.6045,984.786,0.433547,84.7109
3,24,2.81135,0.784132,2.34107,5.09009,20.155,984.039,0.435668,84.9383
4,24,2.82889,0.754867,2.34107,5.01056,19.9861,985.13,0.43284,84.8062
5,24,2.80624,0.713788,2.34107,4.92016,20.5201,980.848,0.433604,84.8299
6,24,2.8162,0.718156,2.34107,4.88682,20.4187,985.136,0.433434,84.9452
7,24,2.82623,0.724681,2.34107,4.97968,20.4108,983.317,0.43436,84.638
8,24,2.81811,0.71989,2.34107,5.0345,20.1618,982.968,0.438161,84.9555
9,24,2.81704,0.758588,2.34107,5.06995,19.9908,980.684,0.435311,85.0295
10,24,2.82444,0.752738,2.34107,4.98756,20.0012,983.638,0.438189,85.0165
1,25,2.83069,0.66252,2.34107,5.06581,20.4453,983.32,0.443147,84.8075
2,25,2.83561,0.645445,2.34107,4.99038,20.0682,985.267,0.434975,85.0654
3,25,2.83769,0.617269,2.34107,4.93877,20.2147,984.331,0.441084,85.1978
4,25,2.83337,0.6334,2.34107,4.9552,19.9413,984.888,0.432046,84.9141
5,25,2.82431,0.593696,2.34107,4.95473,20.2648,982.559,0.435773,85.0953
6,25,2.80979,0.630709,2.34107,5.0126,20.6078,980.757,0.431768,84.8465
7,25,2.83156,0.659773,2.34107,5.01536,20.1674,980.988,0.43317,84.8153
8,25,2.8281,0.637615,2.34107,4.96363,20.05,980.699,0.43836,84.9789
9,25,2.82565,0.660557,2.34107,4.92344,20.6111,983.575,0.439163,84.9156
10,25,2.84301,0.656786,2.34107,4.97432,20.4324,983.23,0.444717,84.9382
1,26,2.81402,0.505966,2.34107,4.87836,20.0453,983.12,0.437248,85.4064
2,26,2.82489,0.50588,2.34107,4.91311,20.0976,980.572,0.429643,85.1626
3,26,2.80645,0.538799,2.34107,4.9853,20.1114,982.453,0.43533,84.8328
4,26,2.81164,0.492109,2.34107,4.85024,19.8728,983.224,0.43124,85.0435
5,26,2.80743,0.535208,2.34107,4.89941,20.1077,983.022,0.434086,85.2152
6,26,2.81468,0.538919,2.34107,4.95784,19.5944,982.982,0.430999,84.9251
7,26,2.79941,0.555521,2.34107,4.92263,19.8443,982.388,0.435458,84.8035
8,26,2.81886,0.540971,2.34107,4.94619,19.6185,984.519,0.438972,85.1002
9,26,2.84294,0.53545,2.34107,4.90888,20.2793,983.084,0.43401,85.1847
10,26,2.81543,0.536744,2.34107,5.03965,20.1369,982.562,0.426978,85.0186
1,27,2.81243,0.580663,2.34107,5.00548,19.6017,982.294,0.436488,85.1976
2,27,2.81419,0.585928,2.34107,4.92835,20.3143,981.045,0.438134,84.9819
3,27,2.83483,0.602602,2.34107,4.97536,19.9598,983.903,0.438677,85.1628
4,27,2.82515,0.555347,2.34107,4.89863,20.3745,981.46,0.428844,84.8889
5,27,2.81915,0.574928,2.34107,4.92714,20.2191,983.191,0.4358,85.0973
6,27,2.82237,0.580919,2.34107,4.89581,20.1414,984.912,0.438665,85.2719
7,27,2.81072,0.60483,2.34107,5.0817,20.0075,982.741,0.430211,84.9013
8,27,2.82956,0.588917,2.34107,4.99472,19.8656,982.496,0.434848,85.1647
9,27,2.81378,0.605834,2.34107,5.04443,19.6003,983.797,0.434489,85.0927
10,27,2.83872,0.620466,2.34107,5.01019,20.2141,981.569,0.435426,84.9718
1,28,2.80656,0.983289,2.34107,4.94776,19.8617,983.91,0.435943,84.9435
2,28,2.83182,0.962784,2.34107,5.12825,20.2855,984.156,0.435716,84.9387
3,28,2.81816,0.928786,2.34107,5.08769,20.2764,981.874,0.433312,85.0578
4,28,2.82471,0.935793,2.34107,5.00084,20.2444,981.486,0.432134,85.014
5,28,2.8495,0.974672,2.34107,5.06421,19.9812,983.675,0.432873,84.9875
6,28,2.81561,0.922298,2.34107,5.01718,20.3047,984.665,0.431591,85.0687
7,28,2.82169,0.962395,2.34107,5.0682,20.016,984.978,0.432959,84.9989
8,28,2.83097,0.985673,2.34107,5.05746,20.2306,981.434,0.434954,85.1722
9,28,2.82494,1.01279,2.34107,5.02387,20.0231,984.366,0.435663,85.0415
10,28,2.8326,0.962108,2.34107,5.05211,20.4902,982.031,0.437103,85.1185
1,29,2.82211,0.634703,2.34107,4.95414,19.9325,983.834,0.439323,84.8045
2,29,2.82471,0.665257,2.34107,4.95242,19.8437,983.687,0.437218,85.0111
3,29,2.82523,0.671433,2.34107,4.96684,20.2065,980.812,0.443122,85.0727
4,29,2.82591,0.603467,2.34107,4.98087,20.2045,982.926,0.441023,84.7504
5,29,2.80471,0.621955,2.34107,4.97932,20.1581,984.219,0.438693,84.8751
6,29,2.81766,0.588824,2.34107,4.97669,20.3491,982.738,0.436978,84.8815
7,29,2.82963,0.643316,2.34107,5.05685,19.9641,983.192,0.436288,85.0179
8,29,2.83226,0.607205,2.34107,4.97159,19.7419,981.482,0.43455,84.8181
9,29,2.81154,0.675187,2.34107,5.08182,20.4612,982.048,0.436129,84.7411
10,29,2.8188,0.635647,2.34107,5.0432,20.0466,984.658,0.440851,85.1286
1,30,2.81484,1.11589,2.34107,4.91496,19.7777,985.153,0.430253,85.12
2,30,2.81866,1.13726,2.34107,5.00449,20.0055,983.314,0.436828,84.8933
3,30,2.80729,1.09342,2.34107,4.93375,19.5634,982.528,0.436682,85.0137
4,30,2.84111,1.07327,2.34107,4.87167,19.7679,984.001,0.435187,85.1629
5,30,2.80785,1.09571,2.34107,4.8582,20.0539,980.188,0.431538,84.9023
6,30,2.84113,1.15245,2.34107,4.99276,19.869,983.805,0.438795,85.2135
7,30,2.83027,1.13731,2.34107,4.98595,20.2445,986.272,0.433128,84.7264
8,30,2.83179,1.08192,2.34107,4.79566,20.0601,985.439,0.436533,84.8317
9,30,2.82747,1.13097,2.34107,4.94059,20.0787,986.267,0.432259,85.0404
10,30,2.82336,1.1396,2.34107,5.07446,19.9438,984.579,0.432921,85.0473
1,31,2.82792,0.819236,2.34107,5.03125,20.5608,983.112,0.43859,84.7515
2,31,2.81978,0.858177,2.34107,5.12095,20.0192,983.469,0.433318,85.0365
3,31,2.80144,0.833159,2.34107,4.9385,19.8205,984.513,0.43648,85.0412
4,31,2.8076,0.818838,2.34107,5.0798,20.0629,985.241,0.435563,84.6645
5,31,2.82087,0.785481,2.34107,5.04973,20.0099,985.063,0.436829,84.989
6,31,2.82985,0.838389,2.34107,5.02284,20.1437,986.479,0.431132,84.7512
7,31,2.82108,0.79444,2.34107,4.97429,20.228,983.906,0.437034,84.8188
8,31,2.82146,0.808165,2.34107,4.97605,20.0517,982.845,0.434378,84.8159
9,31,2.81907,0.818331,2.34107,5.04634,20.0791,985.345,0.439445,85.0682
10,31,2.81664,0.793171,2.34107,4.94511,20.2075,986.399,0.435167,84.8082
1,32,2.81093,0.342884,2.34107,4.97865,20.1321,980.955,0.430457,85.0331
2,32,2.80719,0.314276,2.34107,5.00888,20.0861,981.451,0.435846,85.0498
3,32,2.81913,0.330001,2.34107,4.95116,19.8158,984.052,0.432803,84.8863
4,32,2.83269,0.328789,2.34107,5.01491,19.9502,984.76,0.433172,85.1939
5,32,2.81794,0.32651,2.34107,4.99305,20.1134,983.832,0.433309,84.945
6,32,2.82639,0.343898,2.34107,4.92752,19.9968,982.685,0.438572,85.1606
7,32,2.81892,0.316775,2.34107,4.94874,20.4304,981.172,0.433772,85.248
8,32,2.81941,0.317371,2.34107,4.8727,20.1188,982.025,0.4393,85.348
9,32,2.82393,0.34508,2.34107,5.02714,20.0384,984.002,0.434556,84.9566
10,32,2.81335,0.342969,2.34107,4.98494,20.5302,980.813,0.435155,85.0594
1,33,2.79392,0.7336,2.34107,4.98818,19.8014,983.032,0.438416,84.9387
2,33,2.82292,0.765572,2.34107,4.88914,20.3674,981.548,0.437603,85.0491
3,33,2.80822,0.775418,2.34107,5.06922,19.7151,983.946,0.436248,84.9934
4,33,2.81385,0.80012,2.34107,4.96127,20.0036,981.69,0.43938,84.7994
5,33,2.80902,0.827748,2.34107,4.90232,19.5958,984.169,0.434622,84.8132
6,33,2.81388,0.774387,2.34107,4.86463,20.2894,983.875,0.441661,84.7877
7,33,2.81012,0.767421,2.34107,5.02407,20.3043,984.662,0.4316,84.8408
8,33,2.81476,0.778284,2.34107,4.92035,19.7024,980.788,0.438112,84.6876
9,33,2.81643,0.760908,2.34107,4.95615,20.1258,984.98,0.438043,85.0067
10,33,2.81578,0.784136,2.34107,4.98424,19.6352,986.108,0.437432,84.8708
1,34,2.81581,0.998096,2.34107,4.92992,20.5135,980.984,0.438164,85.1059
2,34,2.8239,0.924693,2.34107,5.0164,20.0411,983.709,0.434895,85.0658
3,34,2.83122,0.986673,2.34107,4.95795,20.2093,981.813,0.438183,85.0166
4,34,2.8147,0.9588,2.34107,5.01199,20.4077,983.202,0.438941,84.9836
5,34,2.83059,0.924479,2.34107,4.96843,20.1982,980.961,0.434508,85.0349
6,34,2.8115,0.918702,2.34107,4.984,20.4495,983.911,0.431152,85.0392
7,34,2.82851,0.932491,2.34107,5.00951,20.2433,982.043,0.434229,84.9994
8,34,2.831,0.955179,2.34107,4.91495,20.2195,983.191,0.431777,84.8329
9,34,2.8278,0.936936,2.34107,4.8868,20.3889,981.481,0.435883,84.7997
10,34,2.82956,0.904766,2.34107,4.94486,20.1497,983.494,0.436705,84.9201
1,35,2.81025,0.492043,2.34107,4.91361,20.274,983.41,0.432214,84.9894
2,35,2.83211,0.518805,2.34107,4.86211,19.7603,983.143,0.44069,85.1413
3,35,2.81527,0.499236,2.34107,4.93398,20.1284,981.719,0.434489,85.1715
4,35,2.83747,0.498095,2.34107,4.95777,20.1083,980.674,0.435121,84.8914
5,35,2.81787,0.470758,2.34107,4.90322,20.3057,984.68,0.436209,84.9458
6,35,2.83553,0.542463,2.34107,5.01884,19.7385,983.494,0.433729,85.0858
7,35,2.81468,0.481277,2.34107,4.89254,20.1947,981.98,0.432556,85.0136
8,35,2.82382,0.497618,2.34107,5.0158,19.9948,984.435,0.434392,84.9565
9,35,2.80617,0.501125,2.34107,4.97529,20.0478,983.777,0.428217,85.0375
10,35,2.83321,0.490744,2.34107,5.00058,20.1959,982.674,0.436967,84.9812
1,36,2.80727,0.396882,2.34107,4.96975,20.0933,982.117,0.431169,85.0059
2,36,2.81864,0.392502,2.34107,4.91006,20.1512,980.115,0.433133,84.8804
3,36,2.81827,0.422873,2.34107,4.96193,20.283,981.57,0.429048,85.0183
4,36,2.80684,0.402915,2.34107,4.88902,20.0073,982.787,0.434437,85.2129
5,36,2.81401,0.4088,2.34107,4.89208,20.0799,981.504,0.430417,84.9903
6,36,2.81356,0.399727,2.34107,5.01978,20.1014,980.024,0.42856,85.0133
7,36,2.81978,0.411499,2.34107,4.90645,19.8737,981.339,0.436915,85.1418
8,36,2.80611,0.432591,2.34107,5.07288,20.052,980.568,0.4318,85.2174
9,36,2.81894,0.422291,2.34107,4.91205,20.1112,980.371,0.431961,85.3161
10,36,2.80566,0.405127,2.34107,4.80064,20.2862,982.898,0.4334,85.3241
1,37,2.8207,0.558176,2.34107,4.98607,20.5879,982.317,0.436592,84.9097
2,37,2.84072,0.589305,2.34107,5.01081,20.0788,983.71,0.441721,85.146
3,37,2.82278,0.56622,2.34107,4.99642,20.4756,979.774,0.43666,85.0437
4,37,2.82206,0.550997,2.34107,5.07,19.6461,984.997,0.441056,85.1867
5,37,2.8128,0.563152,2.34107,4.96782,20.2516,982.596,0.436194,85.0111
6,37,2.80129,0.552445,2.34107,4.93463,20.5114,982.783,0.43288,85.0354
7,37,2.82375,0.573248,2.34107,4.94995,20.6006,982.041,0.437041,85.2241
8,37,2.82518,0.548241,2.34107,4.90681,19.9275,982.5,0.439564,84.796
9,37,2.81454,0.575216,2.34107,4.98236,19.9444,980.351,0.436543,85.0498
10,37,2.81867,0.580298,2.34107,4.8966,20.0765,983.487,0.435826,84.8089
1,38,2.81804,0.490212,2.34107,4.93829,19.9701,982.929,0.434503,84.711
2,38,2.81389,0.548701,2.34107,4.96746,19.7774,983.673,0.439904,85.0135
3,38,2.81687,0.546761,2.34107,4.83982,19.838,983.573,0.441005,84.9731
4,38,2.81158,0.541072,2.34107,4.86816,20.1158,982.408,0.438186,85.3766
5,38,2.81343,0.526221,2.34107,4.81769,19.7386,979.684,0.435242,84.9166
6,38,2.82123,0.505091,2.34107,4.90553,19.6335,980.605,0.437892,84.9614
7,38,2.81411,0.505318,2.34107,4.84301,20.265,979.759,0.437381,84.9919
8,38,2.80893,0.502072,2.34107,4.85803,20.0914,981.827,0.441328,84.7443
9,38,2.81292,0.500184,2.34107,4.96825,20.2055,983.413,0.437696,84.926
10,38,2.8145,0.489991,2.34107,4.90749,19.81,982.391,0.433409,84.725
1,39,2.81883,0.591899,2.34107,4.96778,20.0687,985.342,0.432727,85.0322
2,39,2.82829,0.590514,2.34107,5.0151,19.709,982.679,0.435461,84.9177
3,39,2.82141,0.585725,2.34107,4.8597,20.3516,982.892,0.436323,84.9458
4,39,2.81253,0.610472,2.34107,4.89124,20.4381,983.093,0.43455,85.0288
5,39,2.82111,0.567242,2.34107,4.90049,20.0345,980.957,0.43813,85.1278
6,39,2.81247,0.616049,2.34107,5.00904,20.4691,983.692,0.432384,84.8059
7,39,2.82777,0.560235,2.34107,4.77355,19.8485,981.73,0.435475,85.0622
8,39,2.82522,0.609539,2.34107,5.07354,19.7706,981.793,0.43506,85.2947
9,39,2.81437,0.584815,2.34107,4.92907,19.4463,984.297,0.437595,84.8673
10,39,2.82679,0.547894,2.34107,4.99217,20.1096,982.281,0.435304,85.287
1,40,2.8051,1.11719,2.34107,4.92259,19.8103,981.394,0.440904,85.0135
2,40,2.81892,1.11917,2.34107,4.95489,20.0213,981.768,0.440363,85.1265
3,40,2.81333,1.02706,2.34107,4.86858,19.9617,982.271,0.433473,84.957
4,40,2.82239,1.08626,2.34107,4.85172,19.8133,982.09,0.435414,85.1007
5,40,2.8199,1.12338,2.34107,4.94146,19.7159,982.935,0.433187,84.7942
6,40,2.81759,0.995676,2.34107,5.04645,20.1868,982.796,0.43529,85.1769
7,40,2.812,1.07952,2.34107,4.86597,20.3814,981.661,0.431531,84.9167
8,40,2.82622,1.11322,2.34107,4.96545,20.6106,983.13,0.433311,84.8935
9,40,2.81493,1.2077,2.34107,4.98728,20.2451,980.775,0.431686,84.8888
10,40,2.81875,1.05596,2.34107,4.90599,20.4322,982.908,0.432579,84.83
1,41,2.79427,0.721766,2.34107,4.97846,20.3801,982.792,0.433025,85.0268
2,41,2.8082,0.703056,2.34107,4.94203,20.2832,982.972,0.434494,84.8347
3,41,2.80975,0.704246,2.34107,5.02708,20.2113,984.128,0.440775,84.9352
4,41,2.81894,0.748125,2.34107,4.98009,20.3129,982.495,0.44142,84.9784
5,41,2.80407,0.714081,2.34107,5.01321,20.1102,979.785,0.441959,85.0313
6,41,2.80524,0.745117,2.34107,4.98962,20.2179,983.895,0.432828,85.0036
7,41,2.80774,0.758087,2.34107,4.97595,20.255,982.744,0.433491,84.8077
8,41,2.81085,0.845144,2.34107,4.95185,20.2512,983.376,0.441623,84.9168
9,41,2.8243,0.738606,2.34107,4.9734,20.1215,984.226,0.43976,85.2149
10,41,2.81087,0.73087,2.34107,5.11054,20.0895,982.972,0.434094,84.9258
1,42,2.83401,0.773342,2.34107,4.91349,20.2614,982.548,0.435288,85.209
2,42,2.80548,0.797511,2.34107,4.86696,20.3085,983.068,0.431115,84.8971
3,42,2.82165,0.740584,2.34107,4.84751,19.6021,983.803,0.433116,85.2513
4,42,2.82074,0.748524,2.34107,4.86192,19.7894,982.681,0.433045,84.7373
5,42,2.82291,0.765348,2.34107,4.91167,19.626,982.224,0.429701,85.2187
6,42,2.82578,0.770855,2.34107,4.86089,20.1536,981.668,0.43107,84.9729
7,42,2.82688,0.768601,2.34107,4.95138,20.2489,983.866,0.43161,84.9655
8,42,2.83376,0.788401,2.34107,4.93694,19.8862,983.904,0.437911,85.2207
9,42,2.80297,0.754719,2.34107,4.95583,19.9595,984.117,0.437724,85.1835
10,42,2.82249,0.780288,2.34107,4.96841,19.8185,981.433,0.437005,84.9213
1,43,2.81592,0.560443,2.34107,4.97783,20.3817,981.561,0.436748,84.9207
2,43,2.82586,0.553715,2.34107,4.9194,20.0186,983.15,0.436462,85.1125
3,43,2.81213,0.554524,2.34107,4.92852,20.0432,982.873,0.438525,84.8569
4,43,2.81624,0.578849,2.34107,4.92604,19.7596,981.801,0.437257,84.6833
5,43,2.80632,0.532486,2.34107,5.05227,19.9473,982.496,0.435027,85.0325
6,43,2.81311,0.550387,2.34107,4.92359,19.9824,981.87,0.4386,84.9795
7,43,2.81716,0.54576,2.34107,4.87688,20.0068,980.551,0.437455,85.0458
8,43,2.80591,0.558568,2.34107,5.09527,19.8388,980.539,0.442233,84.9587
9,43,2.84262,0.598735,2.34107,4.86871,19.9703,982.786,0.439776,84.6234
10,43,2.83017,0.551196,2.34107,4.88501,19.9822,981.488,0.430252,84.5545
1,44,2.81544,0.802981,2.34107,4.90622,20.0643,984.788,0.430833,85.2583
2,44,2.8171,0.779871,2.34107,5.01283,20.3835,983.401,0.432771,85.0137
3,44,2.81369,0.795758,2.34107,5.0325,20.1055,982.816,0.427813,84.9597
4,44,2.81755,0.739815,2.34107,4.88374,19.8382,985.712,0.432025,84.8387
5,44,2.82464,0.794888,2.34107,4.924,20.2514,982.767,0.427332,84.9366
6,44,2.80943,0.741249,2.34107,4.95914,19.7744,983.286,0.437604,85.1953
7,44,2.8165,0.808069,2.34107,4.93928,19.6992,981.844,0.435479,85.1383
8,44,2.82957,0.778513,2.34107,4.93337,20.0448,983.936,0.431457,85.0772
9,44,2.82435,0.820311,2.34107,4.93227,19.9424,981.435,0.431965,85.0685
10,44,2.83297,0.781702,2.34107,4.86301,19.7872,984.41,0.434758,85.2539
1,45,2.82088,0.466029,2.34107,4.89444,20.2438,982.654,0.437791,85.026
2,45,2.81117,0.517226,2.34107,4.94011,20.0775,985.271,0.439939,84.9602
3,45,2.81399,0.478157,2.34107,5.00405,20.2431,982.085,0.439804,84.944
4,45,2.81494,0.522013,2.34107,4.91782,19.8364,982.336,0.435771,84.8528
5,45,2.80044,0.472371,2.34107,4.87368,20.2385,982.779,0.437554,84.7934
6,45,2.82047,0.504393,2.34107,4.84461,20.2295,982.737,0.439087,85.0014
7,45,2.8242,0.491951,2.34107,5.05795,20.3167,983.403,0.440641,85.081
8,45,2.79679,0.47739,2.34107,5.01696,20.5154,980.849,0.434572,85.1137
9,45,2.81123,0.462507,2.34107,4.85254,20.6065,986.613,0.437199,84.9681
10,45,2.8254,0.489242,2.34107,4.93353,20.5757,984.886,0.437131,84.8093
