rep,id,eta_V,eta_Cl
1,1,0,-0.252633
2,1,0,-0.239802
3,1,0,-0.247902
4,1,0,-0.257094
5,1,0,-0.217132
6,1,0,-0.280632
7,1,0,-0.251505
8,1,0,-0.231186
9,1,0,-0.249349
10,1,0,-0.232555
1,2,0,0.265069
2,2,0,0.269721
3,2,0,0.27235
4,2,0,0.262343
5,2,0,0.27235
6,2,0,0.27267
7,2,0,0.267195
8,2,0,0.281156
9,2,0,0.254801
10,2,0,0.265318
1,3,0,-0.142871
2,3,0,-0.145027
3,3,0,-0.178945
4,3,0,-0.160836
5,3,0,-0.128904
6,3,0,-0.172582
7,3,0,-0.163894
8,3,0,-0.162636
9,3,0,-0.145683
10,3,0,-0.160613
1,4,0,0.0419245
2,4,0,0.0224472
3,4,0,0.0500333
4,4,0,0.0306641
5,4,0,0.0596934
6,4,0,0.0314988
7,4,0,0.0523344
8,4,0,0.0597679
9,4,0,0.0572227
10,4,0,0.0455287
1,5,0,0.130519
2,5,0,0.148226
3,5,0,0.13005
4,5,0,0.131658
5,5,0,0.135775
6,5,0,0.153199
7,5,0,0.150347
8,5,0,0.130895
9,5,0,0.119766
10,5,0,0.141029
1,6,0,0.258821
2,6,0,0.229204
3,6,0,0.249884
4,6,0,0.232137
5,6,0,0.22831
6,6,0,0.23575
7,6,0,0.225566
8,6,0,0.250917
9,6,0,0.2569
10,6,0,0.257531
1,7,0,-0.0322682
2,7,0,-0.00759182
3,7,0,-0.0179715
4,7,0,0.0161562
5,7,0,-0.0217037
6,7,0,-0.0154324
7,7,0,-0.000973073
8,7,0,-0.0113011
9,7,0,0.000878389
10,7,0,-0.0258805
1,8,0,-0.318582
2,8,0,-0.310981
3,8,0,-0.27123
4,8,0,-0.315796
5,8,0,-0.309547
6,8,0,-0.285616
7,8,0,-0.292459
8,8,0,-0.327103
9,8,0,-0.315726
10,8,0,-0.307267
1,9,0,-0.0216597
2,9,0,-0.039862
3,9,0,-0.0863165
4,9,0,-0.0484364
5,9,0,-0.0204124
6,9,0,-0.0237892
7,9,0,-0.0362638
8,9,0,-0.0461688
9,9,0,-0.0328242
10,9,0,-0.0390172
1,10,0,-0.0342113
2,10,0,-0.0421241
3,10,0,0.00752618
4,10,0,-0.0186926
5,10,0,-0.0586119
6,10,0,-0.00162568
7,10,0,-0.0180028
8,10,0,-0.0179892
9,10,0,0.00291845
10,10,0,-0.0538666
1,11,0,-0.203799
2,11,0,-0.153261
3,11,0,-0.182277
4,11,0,-0.163401
5,11,0,-0.166082
6,11,0,-0.173075
7,11,0,-0.178991
8,11,0,-0.186076
9,11,0,-0.181924
10,11,0,-0.189867
1,12,0,0.636783
2,12,0,0.627463
3,12,0,0.635426
4,12,0,0.643606
5,12,0,0.646469
6,12,0,0.646248
7,12,0,0.626601
8,12,0,0.638644
9,12,0,0.646629
10,12,0,0.645123
1,13,0,-0.159726
2,13,0,-0.163346
3,13,0,-0.175543
4,13,0,-0.163197
5,13,0,-0.166024
6,13,0,-0.196993
7,13,0,-0.168054
8,13,0,-0.152219
9,13,0,-0.146857
10,13,0,-0.167381
1,14,0,-0.435144
2,14,0,-0.413212
3,14,0,-0.402511
4,14,0,-0.426962
5,14,0,-0.441398
6,14,0,-0.409334
7,14,0,-0.438694
8,14,0,-0.393006
9,14,0,-0.383951
10,14,0,-0.423683
1,15,0,-0.0208863
2,15,0,-0.00737211
3,15,0,-0.0311504
4,15,0,-0.0144575
5,15,0,-0.0142619
6,15,0,-0.00216354
7,15,0,-0.0298341
8,15,0,0.00551037
9,15,0,-0.000483812
10,15,0,-0.0098409
1,16,0,0.27725
2,16,0,0.27086
3,16,0,0.255079
4,16,0,0.282423
5,16,0,0.269945
6,16,0,0.265196
7,16,0,0.276338
8,16,0,0.266515
9,16,0,0.259625
10,16,0,0.260047
1,17,0,-0.162074
2,17,0,-0.133536
3,17,0,-0.12686
4,17,0,-0.124184
5,17,0,-0.151847
6,17,0,-0.140225
7,17,0,-0.138192
8,17,0,-0.166557
9,17,0,-0.135791
10,17,0,-0.150417
1,18,0,0.0469489
2,18,0,0.0691814
3,18,0,0.0425276
4,18,0,0.0839509
5,18,0,0.0804372
6,18,0,0.0770286
7,18,0,0.0668644
8,18,0,0.0835128
9,18,0,0.0392928
10,18,0,0.0605559
1,19,0,0.128534
2,19,0,0.154272
3,19,0,0.124321
4,19,0,0.132092
5,19,0,0.178727
6,19,0,0.147494
7,19,0,0.155175
8,19,0,0.130128
9,19,0,0.131958
10,19,0,0.143874
1,20,0,0.257711
2,20,0,0.271376
3,20,0,0.259472
4,20,0,0.240032
5,20,0,0.24502
6,20,0,0.237038
7,20,0,0.234328
8,20,0,0.260744
9,20,0,0.258722
10,20,0,0.246507
1,21,0,0.0142697
2,21,0,-0.0356605
3,21,0,-0.0329311
4,21,0,0.00819701
5,21,0,-0.0370556
6,21,0,0.00486988
7,21,0,-0.0374945
8,21,0,-0.00248579
9,21,0,0.0132882
10,21,0,0.00713114
1,22,0,-0.273115
2,22,0,-0.283705
3,22,0,-0.283102
4,22,0,-0.309206
5,22,0,-0.287528
6,22,0,-0.365414
7,22,0,-0.293191
8,22,0,-0.310316
9,22,0,-0.32854
10,22,0,-0.309114
1,23,0,-0.0815187
2,23,0,-0.0337001
3,23,0,-0.0419538
4,23,0,-0.046826
5,23,0,-0.0703074
6,23,0,-0.0432667
7,23,0,-0.0442121
8,23,0,-0.0372093
9,23,0,-0.0324437
10,23,0,-0.0657143
1,24,0,-0.039194
2,24,0,-0.0128582
3,24,0,-0.0449062
4,24,0,-0.0303653
5,24,0,-0.0192608
6,24,0,-0.0230443
7,24,0,-0.0441641
8,24,0,-0.0290564
9,24,0,-0.0228384
10,24,0,-0.0633444
1,25,0,-0.182341
2,25,0,-0.15969
3,25,0,-0.16341
4,25,0,-0.166571
5,25,0,-0.178178
6,25,0,-0.209938
7,25,0,-0.167902
8,25,0,-0.134345
9,25,0,-0.160785
10,25,0,-0.160419
1,26,0,0.612865
2,26,0,0.628316
3,26,0,0.624825
4,26,0,0.617202
5,26,0,0.636579
6,26,0,0.603121
7,26,0,0.607403
8,26,0,0.631429
9,26,0,0.621657
10,26,0,0.619005
1,27,0,-0.179367
2,27,0,-0.210316
3,27,0,-0.159173
4,27,0,-0.167965
5,27,0,-0.174679
6,27,0,-0.158561
7,27,0,-0.185919
8,27,0,-0.172078
9,27,0,-0.181168
10,27,0,-0.201001
1,28,0,-0.458363
2,28,0,-0.459003
3,28,0,-0.454911
4,28,0,-0.45986
5,28,0,-0.470807
6,28,0,-0.446344
7,28,0,-0.459789
8,28,0,-0.433573
9,28,0,-0.466248
10,28,0,-0.436807
1,29,0,-0.0344278
2,29,0,-0.0225889
3,29,0,-0.0103203
4,29,0,-0.0131522
5,29,0,0.0010455
6,29,0,-0.0227958
7,29,0,-0.0249113
8,29,0,0.00260461
9,29,0,-0.0151388
10,29,0,-0.0342065
1,30,0,0.329624
2,30,0,0.309101
3,30,0,0.324618
4,30,0,0.335403
5,30,0,0.321936
6,30,0,0.34382
7,30,0,0.335727
8,30,0,0.319089
9,30,0,0.334824
10,30,0,0.333568
1,31,0,-0.143193
2,31,0,-0.111703
3,31,0,-0.165706
4,31,0,-0.144566
5,31,0,-0.101318
6,31,0,-0.14345
7,31,0,-0.154887
8,31,0,-0.128199
9,31,0,-0.132698
10,31,0,-0.138092
1,32,0,0.0668006
2,32,0,0.0756332
3,32,0,0.0589638
4,32,0,0.0450189
5,32,0,0.0577955
6,32,0,0.0464482
7,32,0,0.0421933
8,32,0,0.0503773
9,32,0,0.0835377
10,32,0,0.0466966
1,33,0,0.134397
2,33,0,0.140522
3,33,0,0.133936
4,33,0,0.121836
5,33,0,0.127453
6,33,0,0.12206
7,33,0,0.119321
8,33,0,0.124456
9,33,0,0.126034
10,33,0,0.108244
1,34,0,0.269342
2,34,0,0.271934
3,34,0,0.278418
4,34,0,0.261886
5,34,0,0.256791
6,34,0,0.260438
7,34,0,0.2455
8,34,0,0.251584
9,34,0,0.254026
10,34,0,0.276469
1,35,0,0.00363949
2,35,0,-0.0207983
3,35,0,-0.00952433
4,35,0,-0.020028
5,35,0,-0.0347224
6,35,0,-0.0106128
7,35,0,-0.0110894
8,35,0,0.0130437
9,35,0,-0.0220325
10,35,0,-0.00504944
1,36,0,-0.318651
2,36,0,-0.331315
3,36,0,-0.286723
4,36,0,-0.318134
5,36,0,-0.28598
6,36,0,-0.283369
7,36,0,-0.314223
8,36,0,-0.267075
9,36,0,-0.282759
10,36,0,-0.278027
1,37,0,-0.0730494
2,37,0,-0.0666696
3,37,0,-0.0543984
4,37,0,-0.0502743
5,37,0,-0.0485099
6,37,0,-0.0811334
7,37,0,-0.0535823
8,37,0,-0.0464817
9,37,0,-0.0590873
10,37,0,-0.0449317
1,38,0,-0.0291042
2,38,0,-0.0354494
3,38,0,-0.0201497
4,38,0,-0.0222518
5,38,0,-0.0225853
6,38,0,-0.0438072
7,38,0,-0.0371286
8,38,0,-0.0331867
9,38,0,-0.0554429
10,38,0,-0.023978
1,39,0,-0.18833
2,39,0,-0.196419
3,39,0,-0.199259
4,39,0,-0.201358
5,39,0,-0.222479
6,39,0,-0.184587
7,39,0,-0.185307
8,39,0,-0.202479
9,39,0,-0.180587
10,39,0,-0.183848
1,40,0,0.618291
2,40,0,0.644903
3,40,0,0.619228
4,40,0,0.621717
5,40,0,0.618689
6,40,0,0.626466
7,40,0,0.644625
8,40,0,0.611006
9,40,0,0.650074
10,40,0,0.622372
1,41,0,-0.198549
2,41,0,-0.162911
3,41,0,-0.161428
4,41,0,-0.187207
5,41,0,-0.222946
6,41,0,-0.183603
7,41,0,-0.196331
8,41,0,-0.196697
9,41,0,-0.174843
10,41,0,-0.175855
1,42,0,-0.406535
2,42,0,-0.462354
3,42,0,-0.425035
4,42,0,-0.387727
5,42,0,-0.427965
6,42,0,-0.374856
7,42,0,-0.464854
8,42,0,-0.416515
9,42,0,-0.41931
10,42,0,-0.424081
1,43,0,-0.0518263
2,43,0,-0.000126638
3,43,0,-0.007634
4,43,0,-0.0272524
5,43,0,-0.0459748
6,43,0,-0.0191403
7,43,0,-0.0454634
8,43,0,-0.02556
9,43,0,-0.0180783
10,43,0,-0.0421476
1,44,0,0.324139
2,44,0,0.331852
3,44,0,0.304951
4,44,0,0.348769
5,44,0,0.325959
6,44,0,0.303136
7,44,0,0.318673
8,44,0,0.325029
9,44,0,0.333691
10,44,0,0.335105
1,45,0,-0.108184
2,45,0,-0.139201
3,45,0,-0.153822
4,45,0,-0.121898
5,45,0,-0.102076
6,45,0,-0.132062
7,45,0,-0.144375
8,45,0,-0.104878
9,45,0,-0.0952341
10,45,0,-0.107639
