rep,id,V,Cl
1,1,5.67224,2.77433
2,1,5.67224,2.83707
3,1,5.67224,2.74911
4,1,5.67224,2.74965
5,1,5.67224,2.78858
6,1,5.67224,2.65877
7,1,5.67224,2.76543
8,1,5.67224,2.72671
9,1,5.67224,2.75817
10,1,5.67224,2.79178
1,2,5.67224,2.67893
2,2,5.67224,2.80159
3,2,5.67224,2.81238
4,2,5.67224,2.70355
5,2,5.67224,2.77097
6,2,5.67224,2.75452
7,2,5.67224,2.73634
8,2,5.67224,2.78913
9,2,5.67224,2.65108
10,2,5.67224,2.74648
1,3,5.67224,2.54287
2,3,5.67224,2.5252
3,3,5.67224,2.50533
4,3,5.67224,2.46684
5,3,5.67224,2.61317
6,3,5.67224,2.49819
7,3,5.67224,2.53811
8,3,5.67224,2.50225
9,3,5.67224,2.53363
10,3,5.67224,2.55594
1,4,5.67224,2.97956
2,4,5.67224,2.93131
3,4,5.67224,3.04204
4,4,5.67224,2.95931
5,4,5.67224,3.00277
6,4,5.67224,2.97944
7,4,5.67224,2.99958
8,4,5.67224,3.01799
9,4,5.67224,3.07555
10,4,5.67224,3.07464
1,5,5.67224,3.38532
2,5,5.67224,3.36238
3,5,5.67224,3.30004
4,5,5.67224,3.38005
5,5,5.67224,3.39092
6,5,5.67224,3.3501
7,5,5.67224,3.33015
8,5,5.67224,3.32165
9,5,5.67224,3.36844
10,5,5.67224,3.35102
1,6,5.67224,2.84178
2,6,5.67224,2.74154
3,6,5.67224,2.7739
4,6,5.67224,2.77627
5,6,5.67224,2.70096
6,6,5.67224,2.8173
7,6,5.67224,2.88203
8,6,5.67224,2.81718
9,6,5.67224,2.87081
10,6,5.67224,2.82905
1,7,5.67224,2.69252
2,7,5.67224,2.69461
3,7,5.67224,2.67058
4,7,5.67224,2.73322
5,7,5.67224,2.66843
6,7,5.67224,2.62705
7,7,5.67224,2.60225
8,7,5.67224,2.61368
9,7,5.67224,2.63861
10,7,5.67224,2.64266
1,8,5.67224,2.44999
2,8,5.67224,2.55075
3,8,5.67224,2.50325
4,8,5.67224,2.50625
5,8,5.67224,2.49264
6,8,5.67224,2.54705
7,8,5.67224,2.50702
8,8,5.67224,2.49398
9,8,5.67224,2.48541
10,8,5.67224,2.50085
1,9,5.67224,3.65977
2,9,5.67224,3.68955
3,9,5.67224,3.60795
4,9,5.67224,3.62716
5,9,5.67224,3.6552
6,9,5.67224,3.56216
7,9,5.67224,3.64878
8,9,5.67224,3.64672
9,9,5.67224,3.58688
10,9,5.67224,3.66278
1,10,5.67224,2.80349
2,10,5.67224,2.7799
3,10,5.67224,2.82338
4,10,5.67224,2.84138
5,10,5.67224,2.78908
6,10,5.67224,2.77617
7,10,5.67224,2.83053
8,10,5.67224,2.77219
9,10,5.67224,2.88029
10,10,5.67224,2.76148
1,11,5.67224,3.09398
2,11,5.67224,3.18831
3,11,5.67224,3.12262
4,11,5.67224,3.18077
5,11,5.67224,3.15792
6,11,5.67224,3.23055
7,11,5.67224,3.16057
8,11,5.67224,3.17661
9,11,5.67224,3.13621
10,11,5.67224,3.12305
1,12,5.67224,2.47817
2,12,5.67224,2.48878
3,12,5.67224,2.5619
4,12,5.67224,2.60415
5,12,5.67224,2.55783
6,12,5.67224,2.57645
7,12,5.67224,2.49236
8,12,5.67224,2.53462
9,12,5.67224,2.54912
10,12,5.67224,2.53416
1,13,5.67224,2.59014
2,13,5.67224,2.58812
3,13,5.67224,2.58671
4,13,5.67224,2.60091
5,13,5.67224,2.58694
6,13,5.67224,2.53289
7,13,5.67224,2.57592
8,13,5.67224,2.62865
9,13,5.67224,2.60437
10,13,5.67224,2.56629
1,14,5.67224,2.69877
2,14,5.67224,2.73391
3,14,5.67224,2.70689
4,14,5.67224,2.74716
5,14,5.67224,2.74107
6,14,5.67224,2.74518
7,14,5.67224,2.71576
8,14,5.67224,2.75304
9,14,5.67224,2.74171
10,14,5.67224,2.76508
1,15,5.67224,2.94572
2,15,5.67224,2.9923
3,15,5.67224,3.04307
4,15,5.67224,3.03731
5,15,5.67224,2.98393
6,15,5.67224,2.9422
7,15,5.67224,2.98417
8,15,5.67224,3.09146
9,15,5.67224,2.98939
10,15,5.67224,2.91651
1,16,5.67224,2.73297
2,16,5.67224,2.70297
3,16,5.67224,2.69637
4,16,5.67224,2.69839
5,16,5.67224,2.68917
6,16,5.67224,2.65676
7,16,5.67224,2.76827
8,16,5.67224,2.66319
9,16,5.67224,2.69332
10,16,5.67224,2.61112
1,17,5.67224,2.44402
2,17,5.67224,2.52257
3,17,5.67224,2.54606
4,17,5.67224,2.50002
5,17,5.67224,2.50032
6,17,5.67224,2.43966
7,17,5.67224,2.50157
8,17,5.67224,2.44352
9,17,5.67224,2.50551
10,17,5.67224,2.43325
1,18,5.67224,3.05819
2,18,5.67224,3.05044
3,18,5.67224,3.12064
4,18,5.67224,3.02911
5,18,5.67224,3.07761
6,18,5.67224,2.97966
7,18,5.67224,2.96471
8,18,5.67224,2.94594
9,18,5.67224,2.95899
10,18,5.67224,3.05037
1,19,5.67224,3.44583
2,19,5.67224,3.48071
3,19,5.67224,3.35621
4,19,5.67224,3.37809
5,19,5.67224,3.48886
6,19,5.67224,3.43564
7,19,5.67224,3.36678
8,19,5.67224,3.47529
9,19,5.67224,3.31968
10,19,5.67224,3.4128
1,20,5.67224,2.81951
2,20,5.67224,2.86777
3,20,5.67224,2.76016
4,20,5.67224,2.73983
5,20,5.67224,2.76591
6,20,5.67224,2.8691
7,20,5.67224,2.66394
8,20,5.67224,2.83232
9,20,5.67224,2.72276
10,20,5.67224,2.80766
1,21,5.67224,2.67952
2,21,5.67224,2.50661
3,21,5.67224,2.61855
4,21,5.67224,2.71893
5,21,5.67224,2.67064
6,21,5.67224,2.71243
7,21,5.67224,2.6882
8,21,5.67224,2.62887
9,21,5.67224,2.62264
10,21,5.67224,2.70957
1,22,5.67224,2.59362
2,22,5.67224,2.55567
3,22,5.67224,2.60558
4,22,5.67224,2.56792
5,22,5.67224,2.60922
6,22,5.67224,2.49424
7,22,5.67224,2.55764
8,22,5.67224,2.53113
9,22,5.67224,2.51039
10,22,5.67224,2.49422
1,23,5.67224,3.51239
2,23,5.67224,3.54149
3,23,5.67224,3.60528
4,23,5.67224,3.67433
5,23,5.67224,3.57914
6,23,5.67224,3.58638
7,23,5.67224,3.57407
8,23,5.67224,3.62969
9,23,5.67224,3.65921
10,23,5.67224,3.63632
1,24,5.67224,2.80774
2,24,5.67224,2.83869
3,24,5.67224,2.77685
4,24,5.67224,2.78714
5,24,5.67224,2.87774
6,24,5.67224,2.85868
7,24,5.67224,2.87516
8,24,5.67224,2.78436
9,24,5.67224,2.78081
10,24,5.67224,2.74877
1,25,5.67224,3.10956
2,25,5.67224,3.2154
3,25,5.67224,3.18884
4,25,5.67224,3.21393
5,25,5.67224,3.19544
6,25,5.67224,3.14148
7,25,5.67224,3.18648
8,25,5.67224,3.22004
9,25,5.67224,3.2315
10,25,5.67224,3.15985
1,26,5.67224,2.49653
2,26,5.67224,2.5104
3,26,5.67224,2.58334
4,26,5.67224,2.51863
5,26,5.67224,2.56001
6,26,5.67224,2.55343
7,26,5.67224,2.49575
8,26,5.67224,2.60969
9,26,5.67224,2.52406
10,26,5.67224,2.53963
1,27,5.67224,2.63728
2,27,5.67224,2.57
3,27,5.67224,2.61301
4,27,5.67224,2.5578
5,27,5.67224,2.6169
6,27,5.67224,2.66049
7,27,5.67224,2.61418
8,27,5.67224,2.5497
9,27,5.67224,2.61687
10,27,5.67224,2.55671
1,28,5.67224,2.68534
2,28,5.67224,2.6685
3,28,5.67224,2.78271
4,28,5.67224,2.69589
5,28,5.67224,2.62812
6,28,5.67224,2.69936
7,28,5.67224,2.66135
8,28,5.67224,2.75142
9,28,5.67224,2.63139
10,28,5.67224,2.67734
1,29,5.67224,2.95415
2,29,5.67224,2.94777
3,29,5.67224,2.99857
4,29,5.67224,3.01199
5,29,5.67224,2.96062
6,29,5.67224,3.00298
7,29,5.67224,2.96044
8,29,5.67224,2.95134
9,29,5.67224,3.00531
10,29,5.67224,2.92384
1,30,5.67224,2.61179
2,30,5.67224,2.59793
3,30,5.67224,2.6289
4,30,5.67224,2.6299
5,30,5.67224,2.63314
6,30,5.67224,2.63673
7,30,5.67224,2.65776
8,30,5.67224,2.61312
9,30,5.67224,2.63128
10,30,5.67224,2.60848
1,31,5.67224,2.57989
2,31,5.67224,2.55601
3,31,5.67224,2.50937
4,31,5.67224,2.52848
5,31,5.67224,2.60912
6,31,5.67224,2.56278
7,31,5.67224,2.55173
8,31,5.67224,2.50375
9,31,5.67224,2.62579
10,31,5.67224,2.57048
1,32,5.67224,3.14072
2,32,5.67224,3.12699
3,32,5.67224,3.02657
4,32,5.67224,3.04507
5,32,5.67224,3.14463
6,32,5.67224,2.98402
7,32,5.67224,3.07133
8,32,5.67224,3.01783
9,32,5.67224,3.08784
10,32,5.67224,3.0522
1,33,5.67224,3.37968
2,33,5.67224,3.36644
3,33,5.67224,3.37619
4,33,5.67224,3.41794
5,33,5.67224,3.3449
6,33,5.67224,3.38354
7,33,5.67224,3.37598
8,33,5.67224,3.45243
9,33,5.67224,3.49817
10,33,5.67224,3.44377
1,34,5.67224,2.90149
2,34,5.67224,2.83124
3,34,5.67224,2.96694
4,34,5.67224,2.8171
5,34,5.67224,2.86791
6,34,5.67224,2.89463
7,34,5.67224,2.8193
8,34,5.67224,2.80608
9,34,5.67224,2.81351
10,34,5.67224,2.91902
1,35,5.67224,2.70993
2,35,5.67224,2.62544
3,35,5.67224,2.6824
4,35,5.67224,2.64882
5,35,5.67224,2.70015
6,35,5.67224,2.68486
7,35,5.67224,2.71737
8,35,5.67224,2.74265
9,35,5.67224,2.62238
10,35,5.67224,2.72833
1,36,5.67224,2.37005
2,36,5.67224,2.44732
3,36,5.67224,2.45877
4,36,5.67224,2.44417
5,36,5.67224,2.5172
6,36,5.67224,2.45416
7,36,5.67224,2.47308
8,36,5.67224,2.39741
9,36,5.67224,2.48152
10,36,5.67224,2.46421
1,37,5.67224,3.612
2,37,5.67224,3.59717
3,37,5.67224,3.60251
4,37,5.67224,3.66799
5,37,5.67224,3.64383
6,37,5.67224,3.54779
7,37,5.67224,3.60906
8,37,5.67224,3.63455
9,37,5.67224,3.64439
10,37,5.67224,3.69731
1,38,5.67224,2.89512
2,38,5.67224,2.87602
3,38,5.67224,2.83145
4,38,5.67224,2.90195
5,38,5.67224,2.875
6,38,5.67224,2.85135
7,38,5.67224,2.8775
8,38,5.67224,2.86008
9,38,5.67224,2.86753
10,38,5.67224,2.88565
1,39,5.67224,3.19033
2,39,5.67224,3.18145
3,39,5.67224,3.14884
4,39,5.67224,3.1522
5,39,5.67224,3.13137
6,39,5.67224,3.20084
7,39,5.67224,3.2075
8,39,5.67224,3.15721
9,39,5.67224,3.18118
10,39,5.67224,3.19972
1,40,5.67224,2.66024
2,40,5.67224,2.51716
3,40,5.67224,2.53224
4,40,5.67224,2.5165
5,40,5.67224,2.55967
6,40,5.67224,2.59844
7,40,5.67224,2.51356
8,40,5.67224,2.53152
9,40,5.67224,2.60301
10,40,5.67224,2.55659
1,41,5.67224,2.60821
2,41,5.67224,2.6706
3,41,5.67224,2.581
4,41,5.67224,2.60743
5,41,5.67224,2.52113
6,41,5.67224,2.62754
7,41,5.67224,2.59837
8,41,5.67224,2.59332
9,41,5.67224,2.7026
10,41,5.67224,2.63195
1,42,5.67224,2.70203
2,42,5.67224,2.71087
3,42,5.67224,2.72395
4,42,5.67224,2.81521
5,42,5.67224,2.71736
6,42,5.67224,2.8396
7,42,5.67224,2.69319
8,42,5.67224,2.72299
9,42,5.67224,2.72457
10,42,5.67224,2.7708
1,43,5.67224,2.96077
2,43,5.67224,3.00428
3,43,5.67224,2.99007
4,43,5.67224,2.99886
5,43,5.67224,3.00249
6,43,5.67224,2.88987
7,43,5.67224,2.89009
8,43,5.67224,2.96974
9,43,5.67224,2.97015
10,43,5.67224,2.93653
1,44,5.67224,2.58586
2,44,5.67224,2.56921
3,44,5.67224,2.56809
4,44,5.67224,2.60707
5,44,5.67224,2.57634
6,44,5.67224,2.54535
7,44,5.67224,2.56882
8,44,5.67224,2.54346
9,44,5.67224,2.64559
10,44,5.67224,2.61102
1,45,5.67224,3.05068
2,45,5.67224,2.99683
3,45,5.67224,3.02531
4,45,5.67224,3.08099
5,45,5.67224,3.10247
6,45,5.67224,3.0138
7,45,5.67224,3.06222
8,45,5.67224,3.04814
9,45,5.67224,3.08758
10,45,5.67224,3.04816
