rep,id,V,Cl
1,1,5.20745,2.80276
2,1,5.1948,2.78133
3,1,5.29371,2.83234
4,1,5.22992,2.79337
5,1,5.27327,2.80768
6,1,5.14514,2.79634
7,1,5.46762,2.81241
8,1,5.1625,2.78704
9,1,5.2534,2.80509
10,1,5.19917,2.80122
1,2,4.38986,2.78637
2,2,4.41248,2.81397
3,2,4.36503,2.81869
4,2,4.29137,2.78532
5,2,4.3573,2.79262
6,2,4.47865,2.80632
7,2,4.46882,2.81448
8,2,4.45665,2.82185
9,2,4.42731,2.82778
10,2,4.3518,2.77958
1,3,8.25766,2.81944
2,3,8.22426,2.77977
3,3,8.19643,2.81432
4,3,8.14287,2.7738
5,3,8.64696,2.77065
6,3,8.16944,2.7806
7,3,7.95832,2.80122
8,3,8.33052,2.80124
9,3,7.87786,2.81303
10,3,8.66114,2.77654
1,4,7.98813,2.7842
2,4,7.93607,2.77392
3,4,8.05742,2.79071
4,4,7.48698,2.78495
5,4,7.9521,2.78793
6,4,7.51777,2.79113
7,4,7.66564,2.78976
8,4,7.38308,2.80155
9,4,7.86542,2.79174
10,4,7.42365,2.79545
1,5,8.10933,2.77664
2,5,8.28743,2.80568
3,5,8.7618,2.78737
4,5,8.40192,2.78719
5,5,8.45041,2.7898
6,5,8.23754,2.80062
7,5,8.23575,2.79821
8,5,8.3769,2.8055
9,5,7.94056,2.77978
10,5,8.40667,2.79283
1,6,4.44026,2.79149
2,6,4.51779,2.78511
3,6,4.6509,2.80691
4,6,4.47634,2.78747
5,6,4.5473,2.77863
6,6,4.61133,2.79262
7,6,4.46423,2.77045
8,6,4.48552,2.79344
9,6,4.45363,2.78789
10,6,4.42916,2.74316
1,7,8.15129,2.80719
2,7,8.26259,2.8248
3,7,8.19165,2.79597
4,7,8.33893,2.78509
5,7,8.02149,2.80676
6,7,8.11309,2.78318
7,7,8.2524,2.81377
8,7,8.06485,2.80157
9,7,8.14379,2.81258
10,7,7.9747,2.77379
1,8,5.98872,2.78393
2,8,6.12586,2.78361
3,8,5.91754,2.77756
4,8,5.99,2.77843
5,8,5.90614,2.79462
6,8,6.21259,2.76925
7,8,5.96484,2.78706
8,8,6.13077,2.78813
9,8,5.9514,2.78661
10,8,5.95296,2.79423
1,9,4.30659,2.76525
2,9,4.40499,2.81108
3,9,4.28865,2.78975
4,9,4.25035,2.78226
5,9,4.43399,2.8191
6,9,4.40392,2.80093
7,9,4.35033,2.81761
8,9,4.26764,2.78804
9,9,4.40075,2.79987
10,9,4.43609,2.8313
1,10,7.43919,2.80808
2,10,7.12054,2.80424
3,10,7.09206,2.79721
4,10,7.23371,2.78493
5,10,7.02714,2.78431
6,10,7.00071,2.79311
7,10,6.7947,2.80327
8,10,7.04174,2.81473
9,10,7.03816,2.79505
10,10,7.02119,2.79489
1,11,5.33771,2.77338
2,11,5.35195,2.81178
3,11,5.35722,2.80475
4,11,5.33174,2.78669
5,11,5.35372,2.80102
6,11,5.32381,2.80027
7,11,5.22441,2.78582
8,11,5.40551,2.80203
9,11,5.34253,2.8242
10,11,5.30556,2.80067
1,12,5.16379,2.81249
2,12,5.16855,2.82338
3,12,4.98012,2.79593
4,12,5.03497,2.81108
5,12,5.14865,2.79713
6,12,4.97225,2.7981
7,12,4.80152,2.76401
8,12,5.12792,2.79832
9,12,4.94145,2.79651
10,12,5.11567,2.82563
1,13,8.85418,2.82838
2,13,9.20176,2.79097
3,13,9.22132,2.81206
4,13,8.73426,2.79285
5,13,8.98697,2.77249
6,13,8.48625,2.78374
7,13,9.60138,2.80149
8,13,9.32605,2.78657
9,13,8.97176,2.80886
10,13,9.33819,2.79938
1,14,4.63296,2.7845
2,14,4.62644,2.79039
3,14,4.80269,2.7979
4,14,4.81151,2.8002
5,14,4.75045,2.80285
6,14,4.72797,2.80831
7,14,4.77669,2.81251
8,14,4.72739,2.79959
9,14,4.57876,2.7744
10,14,4.77258,2.82377
1,15,7.42029,2.80155
2,15,7.4892,2.80739
3,15,7.74871,2.81102
4,15,7.18824,2.78339
5,15,7.39702,2.76733
6,15,7.37198,2.78467
7,15,7.41581,2.79652
8,15,7.85218,2.77163
9,15,7.37339,2.79758
10,15,7.32427,2.80905
1,16,4.26326,2.79907
2,16,4.21534,2.78497
3,16,4.17446,2.77501
4,16,4.32899,2.81635
5,16,4.22312,2.77367
6,16,4.23551,2.81147
7,16,4.21185,2.78165
8,16,4.22656,2.80198
9,16,4.3143,2.81393
10,16,4.17057,2.80438
1,17,8.41107,2.83791
2,17,8.11746,2.78149
3,17,8.40052,2.78897
4,17,8.23093,2.80545
5,17,8.47412,2.82272
6,17,8.45377,2.78462
7,17,8.25302,2.81127
8,17,8.05971,2.7921
9,17,8.40878,2.77991
10,17,8.5633,2.79016
1,18,7.27527,2.78876
2,18,7.72639,2.81138
3,18,7.60424,2.77474
4,18,7.62685,2.78949
5,18,7.40777,2.80934
6,18,7.44541,2.81143
7,18,7.49232,2.78924
8,18,7.27701,2.77424
9,18,7.41248,2.79465
10,18,7.54079,2.79648
1,19,8.54047,2.7992
2,19,8.50478,2.79818
3,19,8.41117,2.80239
4,19,8.3976,2.78521
5,19,8.56439,2.8047
6,19,8.53032,2.79195
7,19,8.80045,2.80806
8,19,8.53733,2.78299
9,19,8.45959,2.81629
10,19,8.61356,2.81422
1,20,4.51911,2.7978
2,20,4.39762,2.80581
3,20,4.44721,2.80253
4,20,4.50619,2.80769
5,20,4.44173,2.80218
6,20,4.3367,2.79339
7,20,4.51536,2.79183
8,20,4.4364,2.79626
9,20,4.51539,2.80119
10,20,4.45991,2.78901
1,21,8.36334,2.8113
2,21,8.25286,2.78766
3,21,8.12107,2.80191
4,21,8.17679,2.7851
5,21,8.73227,2.82776
6,21,8.12226,2.81346
7,21,8.66458,2.82571
8,21,8.33462,2.79339
9,21,8.70272,2.81577
10,21,8.32157,2.82094
1,22,6.46211,2.79191
2,22,6.22626,2.80491
3,22,6.13404,2.77819
4,22,6.21879,2.79995
5,22,6.20225,2.79438
6,22,6.2717,2.79957
7,22,6.54181,2.81299
8,22,6.30054,2.78922
9,22,6.29728,2.82287
10,22,6.08287,2.80141
1,23,4.25248,2.79515
2,23,4.17857,2.79232
3,23,4.16927,2.79984
4,23,4.23464,2.78955
5,23,4.15588,2.7798
6,23,4.26854,2.82715
7,23,4.25694,2.80501
8,23,4.11043,2.76718
9,23,4.17679,2.77303
10,23,4.2671,2.7796
1,24,6.99933,2.79504
2,24,7.07588,2.81575
3,24,6.61588,2.80148
4,24,6.85713,2.79668
5,24,6.79476,2.78645
6,24,7.04038,2.7904
7,24,6.7233,2.78163
8,24,7.05134,2.7686
9,24,6.92876,2.80644
10,24,6.64919,2.78072
1,25,5.00533,2.79738
2,25,5.26252,2.80928
3,25,5.09255,2.80765
4,25,5.18585,2.80202
5,25,5.29446,2.82805
6,25,5.14588,2.78606
7,25,5.14121,2.80519
8,25,5.24417,2.80812
9,25,5.26491,2.79358
10,25,5.0918,2.79343
1,26,5.06631,2.79039
2,26,5.08355,2.78619
3,26,4.96296,2.7701
4,26,5.17407,2.78593
5,26,5.09177,2.81832
6,26,5.01242,2.76399
7,26,4.96659,2.7879
8,26,5.00252,2.7866
9,26,5.00479,2.78786
10,26,5.03715,2.78908
1,27,8.97968,2.79866
2,27,8.67092,2.79595
3,27,9.14445,2.78263
4,27,9.29341,2.79993
5,27,9.10252,2.77893
6,27,9.28231,2.76961
7,27,8.86296,2.77499
8,27,9.1657,2.79459
9,27,9.17822,2.80345
10,27,9.0486,2.77984
1,28,4.52473,2.77344
2,28,4.51575,2.76793
3,28,4.55963,2.78826
4,28,4.57525,2.79932
5,28,4.61349,2.76279
6,28,4.47652,2.77208
7,28,4.53513,2.78164
8,28,4.63611,2.81312
9,28,4.52318,2.78068
10,28,4.52078,2.79907
1,29,6.90231,2.78158
2,29,6.76811,2.77735
3,29,6.82343,2.77075
4,29,6.79313,2.78021
5,29,6.93967,2.79071
6,29,7.17186,2.8012
7,29,6.89237,2.76559
8,29,7.05163,2.80475
9,29,7.03974,2.80156
10,29,6.92634,2.79016
1,30,3.8147,2.82232
2,30,3.79805,2.81575
3,30,3.72549,2.79134
4,30,3.69943,2.81111
5,30,3.86396,2.80682
6,30,3.72075,2.80335
7,30,3.75573,2.81287
8,30,3.75592,2.80382
9,30,3.7174,2.79223
10,30,3.814,2.83465
1,31,8.00129,2.81354
2,31,7.63665,2.80391
3,31,7.61626,2.78361
4,31,7.82082,2.78043
5,31,7.83376,2.79838
6,31,7.85113,2.81072
7,31,7.83648,2.80817
8,31,7.62772,2.77734
9,31,7.85091,2.82086
10,31,8.07482,2.80407
1,32,7.1977,2.8237
2,32,7.13482,2.79834
3,32,7.17842,2.77601
4,32,7.2266,2.79956
5,32,7.13618,2.76912
6,32,7.17466,2.80957
7,32,7.17496,2.77469
8,32,7.33764,2.81835
9,32,7.21315,2.81983
10,32,7.2789,2.79574
1,33,8.64745,2.8121
2,33,8.18736,2.78548
3,33,7.93183,2.80541
4,33,8.43599,2.77811
5,33,8.2315,2.78574
6,33,8.23709,2.80808
7,33,8.38567,2.78727
8,33,7.70417,2.78869
9,33,8.09363,2.80729
10,33,8.22826,2.81631
1,34,4.42187,2.75752
2,34,4.33772,2.79256
3,34,4.52103,2.79914
4,34,4.34157,2.76955
5,34,4.51759,2.81996
6,34,4.59466,2.80362
7,34,4.51915,2.8104
8,34,4.48999,2.80126
9,34,4.48925,2.79368
10,34,4.52603,2.8087
1,35,8.16425,2.80669
2,35,8.08629,2.77027
3,35,8.2124,2.81776
4,35,8.20904,2.8018
5,35,8.06788,2.80059
6,35,8.1023,2.79937
7,35,8.02398,2.7484
8,35,8.10824,2.7796
9,35,8.61661,2.78534
10,35,7.84336,2.78377
1,36,6.14378,2.78197
2,36,6.21164,2.80085
3,36,6.40269,2.81916
4,36,6.08131,2.78727
5,36,6.34508,2.8213
6,36,6.40215,2.80584
7,36,6.0161,2.78855
8,36,6.20806,2.79912
9,36,6.17071,2.79669
10,36,6.09619,2.79097
1,37,4.34375,2.79488
2,37,4.29153,2.809
3,37,4.20316,2.77837
4,37,4.20339,2.77283
5,37,4.35105,2.77876
6,37,4.29272,2.81767
7,37,4.27491,2.78401
8,37,4.3546,2.81274
9,37,4.25158,2.79089
10,37,4.3107,2.815
1,38,7.02143,2.79171
2,38,6.87676,2.78438
3,38,6.88255,2.79719
4,38,6.71997,2.78161
5,38,6.79031,2.75978
6,38,6.67605,2.78892
7,38,6.66811,2.77454
8,38,6.86821,2.79689
9,38,6.70832,2.77363
10,38,6.76642,2.78987
1,39,5.15385,2.81816
2,39,5.00964,2.80364
3,39,5.15778,2.79844
4,39,5.2463,2.80244
5,39,5.26013,2.77652
6,39,5.17324,2.82156
7,39,5.20618,2.8022
8,39,5.11828,2.77323
9,39,5.42444,2.80496
10,39,5.211,2.79471
1,40,5.32926,2.79967
2,40,5.33841,2.77968
3,40,5.36696,2.77646
4,40,5.22461,2.78025
5,40,5.27152,2.8088
6,40,5.28416,2.78466
7,40,5.19768,2.7779
8,40,5.21025,2.76014
9,40,5.3949,2.78192
10,40,5.33601,2.79046
1,41,9.64166,2.81064
2,41,9.18204,2.81868
3,41,9.24261,2.79797
4,41,8.81107,2.79598
5,41,9.53622,2.78654
6,41,9.26193,2.81355
7,41,9.48097,2.79761
8,41,9.1413,2.78708
9,41,9.54012,2.78213
10,41,9.17813,2.79539
1,42,4.47362,2.78188
2,42,4.55914,2.75831
3,42,4.58814,2.77783
4,42,4.59925,2.80889
5,42,4.49944,2.7533
6,42,4.5872,2.76971
7,42,4.49309,2.75905
8,42,4.638,2.79048
9,42,4.5824,2.78455
10,42,4.55065,2.79386
1,43,7.22858,2.79093
2,43,7.18413,2.78349
3,43,6.99716,2.79972
4,43,7.22554,2.79245
5,43,7.06387,2.80649
6,43,7.27328,2.81729
7,43,6.96588,2.81059
8,43,7.25726,2.81883
9,43,7.18661,2.79199
10,43,6.96058,2.79341
1,44,3.71422,2.79039
2,44,3.66396,2.7845
3,44,3.75285,2.8036
4,44,3.73049,2.7854
5,44,3.70146,2.76786
6,44,3.7698,2.81207
7,44,3.72513,2.78864
8,44,3.74055,2.79123
9,44,3.72676,2.79236
10,44,3.72139,2.77846
1,45,6.91618,2.78025
2,45,7.13386,2.80337
3,45,6.97383,2.78387
4,45,7.17203,2.7877
5,45,7.18149,2.80031
6,45,6.99729,2.76624
7,45,6.99477,2.78342
8,45,7.41724,2.77579
9,45,7.22825,2.79057
10,45,7.09707,2.79804
