rep,id,eta_V,eta_Cl
1,1,-0.157764,0.00252799
2,1,-0.160197,-0.00514601
3,1,-0.141335,0.0130262
4,1,-0.153458,-0.00082823
5,1,-0.145203,0.00428293
6,1,-0.169802,0.000235672
7,1,-0.10901,0.00596453
8,1,-0.166433,-0.00309731
9,1,-0.148979,0.00335944
10,1,-0.159356,0.00197923
1,2,-0.328556,-0.00333556
2,2,-0.323418,0.00651858
3,2,-0.334229,0.00819373
4,2,-0.351247,-0.00371518
5,2,-0.336,-0.00109511
6,2,-0.308532,0.0037961
7,2,-0.310729,0.0067016
8,2,-0.313457,0.0093174
9,2,-0.320061,0.0114155
10,2,-0.337265,-0.00577795
1,3,0.303287,0.00846261
2,3,0.299235,-0.00570735
3,3,0.295844,0.00664403
4,3,0.289289,-0.00786029
5,3,0.349354,-0.00899604
6,3,0.292547,-0.00540978
7,3,0.266364,0.00197915
8,3,0.312071,0.00198471
9,3,0.256203,0.00618602
10,3,0.350992,-0.0068725
1,4,0.270103,-0.00411632
2,4,0.263564,-0.00781615
3,4,0.27874,-0.00178226
4,4,0.205312,-0.00384711
5,4,0.265582,-0.00277883
6,4,0.209415,-0.00163205
7,4,0.228894,-0.00211946
8,4,0.191337,0.00209448
9,4,0.254623,-0.00141021
10,4,0.196817,-8.48196e-05
1,5,0.285161,-0.00683493
2,5,0.306886,0.00356794
3,5,0.362548,-0.00297947
4,5,0.320607,-0.00304225
5,5,0.326361,-0.00210703
6,5,0.300848,0.00176387
7,5,0.30063,0.00090369
8,5,0.317624,0.00350489
9,5,0.264129,-0.00570382
10,5,0.321171,-0.00101969
1,6,-0.31714,-0.00150034
2,6,-0.299831,-0.00378986
3,6,-0.270793,0.00400803
4,6,-0.309048,-0.00294293
5,6,-0.293321,-0.00611939
6,6,-0.279338,-0.00109562
7,6,-0.311756,-0.00906716
8,6,-0.307,-0.000803276
9,6,-0.314134,-0.00279051
10,6,-0.319644,-0.0189678
1,7,0.290322,0.00410883
2,7,0.303884,0.0103604
3,7,0.295262,0.00010327
4,7,0.313081,-0.00379781
5,7,0.27427,0.00395566
6,7,0.285625,-0.00448369
7,7,0.30265,0.00644967
8,7,0.279662,0.00210361
9,7,0.289401,0.00602613
10,7,0.26842,-0.00786184
1,8,-0.0179759,-0.00421307
2,8,0.00466445,-0.00432837
3,8,-0.0299335,-0.00650552
4,8,-0.0177623,-0.00619227
5,8,-0.0318607,-0.000380307
6,8,0.0187245,-0.00950036
7,8,-0.0219717,-0.00308904
8,8,0.00546694,-0.00270441
9,8,-0.0242268,-0.00325043
10,8,-0.0239646,-0.000519829
1,9,-0.347708,-0.0109456
2,9,-0.325117,0.00549096
3,9,-0.351882,-0.00212387
4,9,-0.360854,-0.0048122
5,9,-0.318555,0.00834036
6,9,-0.32536,0.00187595
7,9,-0.337603,0.00781218
8,9,-0.356793,-0.00273813
9,9,-0.32608,0.00149446
10,9,-0.318081,0.0126592
1,10,0.198908,0.00442383
2,10,0.15513,0.00305476
3,10,0.151122,0.000545231
4,10,0.170898,-0.0038527
5,10,0.141926,-0.00407814
6,10,0.138158,-0.000921366
7,10,0.108289,0.00270885
8,10,0.144001,0.00678805
9,10,0.143493,-0.00022775
10,10,0.141079,-0.000282895
1,11,-0.133056,-0.00801142
2,11,-0.130393,0.00573933
3,11,-0.129408,0.00323806
4,11,-0.134176,-0.00322362
5,11,-0.130062,0.00190726
6,11,-0.135665,0.00163865
7,11,-0.154513,-0.003536
8,11,-0.120435,0.00226744
9,11,-0.132155,0.0101483
10,11,-0.139098,0.00178303
1,12,-0.166183,0.00599372
2,12,-0.165262,0.00985897
3,12,-0.202401,8.84435e-05
4,12,-0.191446,0.00549255
5,12,-0.169119,0.000516363
6,12,-0.203982,0.000864691
7,12,-0.238921,-0.0113925
8,12,-0.173154,0.000941335
9,12,-0.210196,0.000296247
10,12,-0.175546,0.0106562
1,13,0.373036,0.0116264
2,13,0.411541,-0.00168729
3,13,0.413664,0.00583938
4,13,0.359399,-0.00101368
5,13,0.387921,-0.00833228
6,13,0.330593,-0.00428228
7,13,0.454053,0.0020763
8,13,0.424958,-0.00326602
9,13,0.386228,0.0047024
10,13,0.426258,0.00132064
1,14,-0.274658,-0.00400944
2,14,-0.276066,-0.00189444
3,14,-0.238677,0.000790606
4,14,-0.236843,0.00161542
5,14,-0.249614,0.00255904
6,14,-0.254358,0.004506
7,14,-0.244106,0.00600143
8,14,-0.254481,0.00139523
9,14,-0.286425,-0.00764098
10,14,-0.244966,0.00999459
1,15,0.196364,0.00209585
2,15,0.205609,0.00417724
3,15,0.239673,0.00547038
4,15,0.164592,-0.00440809
5,15,0.193224,-0.0101944
6,15,0.189833,-0.00394686
7,15,0.19576,0.000300324
8,15,0.252938,-0.00864042
9,15,0.190024,0.000676438
10,15,0.183339,0.00477024
1,16,-0.357819,0.00121025
2,16,-0.369123,-0.00383958
3,16,-0.378869,-0.00742086
4,16,-0.34252,0.0073633
5,16,-0.367279,-0.00790611
6,16,-0.36435,0.00563093
7,16,-0.369952,-0.0050321
8,16,-0.366467,0.00225084
9,16,-0.345919,0.00650551
10,16,-0.3798,0.00310526
1,17,0.321695,0.0149925
2,17,0.286163,-0.00508875
3,17,0.32044,-0.00240307
4,17,0.300045,0.00348736
5,17,0.329163,0.00962488
6,17,0.326759,-0.00396421
7,17,0.302725,0.00556085
8,17,0.279024,-0.00128239
9,17,0.321423,-0.00565883
10,17,0.339632,-0.00197765
1,18,0.176628,-0.00247965
2,18,0.236788,0.00559983
3,18,0.220852,-0.00751999
4,18,0.22382,-0.00221709
5,18,0.194676,0.00487159
6,18,0.199744,0.00561496
7,18,0.206025,-0.00230792
8,18,0.176866,-0.00769984
9,18,0.195311,-0.000370406
10,18,0.212473,0.000285017
1,19,0.336963,0.00125714
2,19,0.332775,0.000890934
3,19,0.321707,0.00239598
4,19,0.320092,-0.00375393
5,19,0.339759,0.00322088
6,19,0.335773,-0.00133504
7,19,0.366948,0.00441595
8,19,0.336594,-0.0045497
9,19,0.327446,0.00734245
10,19,0.345484,0.00660947
1,20,-0.299539,0.000758323
2,20,-0.326791,0.00361664
3,20,-0.315576,0.00244404
4,20,-0.302402,0.00428553
5,20,-0.316811,0.00231967
6,20,-0.34074,-0.000822471
7,20,-0.300369,-0.00137869
8,20,-0.318011,0.000205881
9,20,-0.300362,0.00196662
10,20,-0.312724,-0.00238883
1,21,0.316004,0.00557193
2,21,0.302706,-0.00287526
3,21,0.286608,0.0022258
4,21,0.293445,-0.00379338
5,21,0.359172,0.0114082
6,21,0.286754,0.0063399
7,21,0.351389,0.0106819
8,21,0.312564,-0.000819335
9,21,0.355781,0.0071585
10,21,0.310997,0.00899309
1,22,0.0581018,-0.00135105
2,22,0.0209225,0.00329528
3,22,0.00599899,-0.00627835
4,22,0.019722,0.0015259
5,22,0.0170588,-0.000467981
6,22,0.0281942,0.00138862
7,22,0.0703599,0.00617025
8,22,0.0327817,-0.00231523
9,22,0.0322642,0.00967777
10,22,-0.00237757,0.00204756
1,23,-0.360352,-0.000190711
2,23,-0.377885,-0.00120538
3,23,-0.380114,0.00148651
4,23,-0.364555,-0.00219621
5,23,-0.383329,-0.00569693
6,23,-0.356583,0.011193
7,23,-0.359304,0.00332964
8,23,-0.394326,-0.0102463
9,23,-0.378312,-0.00813619
10,23,-0.356919,-0.00576878
1,24,0.137961,-0.00022951
2,24,0.148838,0.00715249
3,24,0.0816196,0.00207177
4,24,0.117435,0.000354666
5,24,0.108298,-0.00330751
6,24,0.143808,-0.00189262
7,24,0.0977254,-0.00504088
8,24,0.145364,-0.00973478
9,24,0.127828,0.00383834
10,24,0.0866417,-0.00536523
1,25,-0.19735,0.000606133
2,25,-0.147244,0.00484976
3,25,-0.180074,0.00427094
4,25,-0.16192,0.00226319
5,25,-0.141193,0.0115101
6,25,-0.169657,-0.00344745
7,25,-0.170565,0.00339519
8,25,-0.150737,0.00443978
9,25,-0.14679,-0.000753617
10,25,-0.180223,-0.00080489
1,26,-0.18524,-0.00189521
2,26,-0.181844,-0.00340069
3,26,-0.205851,-0.0091945
4,26,-0.164193,-0.00349601
5,26,-0.180229,0.00806469
6,26,-0.195935,-0.0114012
7,26,-0.205121,-0.00278662
8,26,-0.197912,-0.00325416
9,26,-0.197458,-0.00280076
10,26,-0.191014,-0.00236648
1,27,0.387111,0.00106468
2,27,0.352121,9.63387e-05
3,27,0.405293,-0.00468036
4,27,0.421452,0.00151931
5,27,0.400697,-0.00600907
6,27,0.420256,-0.00936869
7,27,0.374027,-0.00742851
8,27,0.407615,-0.000391462
9,27,0.408979,0.00277508
10,27,0.394756,-0.00568458
1,28,-0.298297,-0.00798903
2,28,-0.300282,-0.00997719
3,28,-0.290612,-0.00265735
4,28,-0.287192,0.00130114
5,28,-0.27887,-0.0118364
6,28,-0.309009,-0.00847764
7,28,-0.295999,-0.00503757
8,28,-0.273979,0.00621727
9,28,-0.29864,-0.00538173
10,28,-0.29917,0.00120976
1,29,0.124003,-0.00505873
2,29,0.104369,-0.00657924
3,29,0.112509,-0.00895855
4,29,0.108058,-0.00555124
5,29,0.1294,-0.00178108
6,29,0.162312,0.00197168
7,29,0.122561,-0.0108223
8,29,0.145404,0.0032386
9,29,0.143717,0.00209867
10,29,0.127477,-0.00197763
1,30,-0.468992,0.00948221
2,30,-0.473366,0.00715099
3,30,-0.492655,-0.00155633
4,30,-0.499676,0.00550166
5,30,-0.456162,0.00397545
6,30,-0.493929,0.00273784
7,30,-0.484571,0.00612739
8,30,-0.484521,0.00290436
9,30,-0.494829,-0.00123801
10,30,-0.469176,0.0138431
1,31,0.271749,0.00636604
2,31,0.225105,0.0029392
3,31,0.222432,-0.00432972
4,31,0.248936,-0.00547268
5,31,0.250589,0.000964088
6,31,0.252804,0.00536217
7,31,0.250936,0.00445522
8,31,0.223935,-0.00658432
9,31,0.252776,0.00896478
10,31,0.280897,0.00299632
1,32,0.165907,0.00997177
2,32,0.157133,0.000948208
3,32,0.163226,-0.00706384
4,32,0.169915,0.00138409
5,32,0.157323,-0.00954734
6,32,0.162701,0.00495513
7,32,0.162743,-0.00753654
8,32,0.185164,0.00807341
9,32,0.168051,0.00860019
10,32,0.177126,2.10062e-05
1,33,0.34941,0.00585636
2,33,0.294738,-0.00365781
3,33,0.26303,0.00347168
4,33,0.324653,-0.00630557
5,33,0.300114,-0.00356474
6,33,0.300794,0.00442347
7,33,0.318671,-0.00301517
8,33,0.233907,-0.00250596
9,33,0.283224,0.00414328
10,33,0.29972,0.00735114
1,34,-0.321291,-0.0137461
2,34,-0.340506,-0.00111901
3,34,-0.299114,0.00123701
4,34,-0.339618,-0.00939014
5,34,-0.299875,0.00864765
6,34,-0.28296,0.00283329
7,34,-0.299531,0.00525068
8,34,-0.306004,0.0019936
9,34,-0.306169,-0.000716222
10,34,-0.298009,0.00464541
1,35,0.291911,0.00393021
2,35,0.282316,-0.00913375
3,35,0.297791,0.00786413
4,35,0.297382,0.00218511
5,35,0.280037,0.00175167
6,35,0.284294,0.00131645
7,35,0.274581,-0.0170574
8,35,0.285027,-0.00576892
9,35,0.345838,-0.00370799
10,35,0.251814,-0.004272
1,36,0.00758671,-0.00491901
2,36,0.0185711,0.00184471
3,36,0.0488641,0.00836374
4,36,-0.002633,-0.00301593
5,36,0.0398265,0.0091215
6,36,0.0487803,0.00362712
7,36,-0.0134151,-0.00255549
8,36,0.017994,0.00122918
9,36,0.0119594,0.00035904
10,36,-0.000190647,-0.00168805
1,37,-0.339116,-0.000288869
2,37,-0.351212,0.00475297
3,37,-0.372018,-0.00621236
4,37,-0.371962,-0.008207
5,37,-0.337437,-0.00607159
6,37,-0.350934,0.00783525
7,37,-0.355091,-0.0041835
8,37,-0.336621,0.00608288
9,37,-0.360563,-0.00171795
10,37,-0.346753,0.00688427
1,38,0.141113,-0.00142184
2,38,0.120294,-0.00405091
3,38,0.121135,0.000536844
4,38,0.0972295,-0.00504605
5,38,0.107642,-0.0129272
6,38,0.0906723,-0.00242306
7,38,0.0894819,-0.00759111
8,38,0.11905,0.000429945
9,38,0.0954947,-0.00792007
10,38,0.104119,-0.00208003
1,39,-0.168111,0.00800698
2,39,-0.19649,0.00284264
3,39,-0.167348,0.000983681
4,39,-0.15033,0.00241488
5,39,-0.147699,-0.00687674
6,39,-0.164355,0.00921297
7,39,-0.158008,0.00232859
8,39,-0.175036,-0.00806332
9,39,-0.116939,0.0033115
10,39,-0.157082,-0.00034877
1,40,-0.134641,0.00142641
2,40,-0.132926,-0.00574108
3,40,-0.127593,-0.00690038
4,40,-0.154473,-0.00553581
5,40,-0.145535,0.0046794
6,40,-0.143141,-0.0039527
7,40,-0.159642,-0.0063811
8,40,-0.157225,-0.0127972
9,40,-0.1224,-0.00493683
10,40,-0.133376,-0.00187109
1,41,0.45824,0.00533585
2,41,0.409395,0.00819226
3,41,0.41597,0.00081823
4,41,0.368156,0.000107634
5,41,0.447243,-0.00327502
6,41,0.418059,0.00636847
7,41,0.441432,0.0006878
8,41,0.404948,-0.00308107
9,41,0.447652,-0.00485825
10,41,0.40897,-0.000104026
1,42,-0.309655,-0.00495066
2,42,-0.29072,-0.0134599
3,42,-0.284379,-0.00640597
4,42,-0.28196,0.00471276
5,42,-0.303901,-0.0152777
6,42,-0.284584,-0.0093342
7,42,-0.305314,-0.0131911
8,42,-0.273571,-0.00186156
9,42,-0.285631,-0.0039896
10,42,-0.292583,-0.000652274
1,43,0.170188,-0.00170318
2,43,0.164021,-0.00437021
3,43,0.13765,0.00144433
4,43,0.169768,-0.00115825
5,43,0.147139,0.00385956
6,43,0.176353,0.00769909
7,43,0.133171,0.00531787
8,43,0.174149,0.00824376
9,43,0.164365,-0.00132154
10,43,0.132409,-0.000812085
1,44,-0.495685,-0.00189463
2,44,-0.509309,-0.00400965
3,44,-0.485338,0.0028262
4,44,-0.491314,-0.00368677
5,44,-0.499127,-0.0100016
6,44,-0.480832,0.00584443
7,44,-0.492751,-0.00252218
8,44,-0.488622,-0.00159403
9,44,-0.492314,-0.00119061
10,44,-0.493756,-0.00618018
1,45,0.12601,-0.00553429
2,45,0.156998,0.00274397
3,45,0.134311,-0.00423389
4,45,0.162335,-0.00286145
5,45,0.163653,0.00165384
6,45,0.137668,-0.0105889
7,45,0.137309,-0.00439793
8,45,0.195953,-0.00714009
9,45,0.170143,-0.001831
10,45,0.151829,0.000843098
