rep,id,eta_V,eta_Cl
1,1,0.0826752,-0.185799
2,1,0.0762983,-0.186787
3,1,0.153237,-0.175982
4,1,0.0891738,-0.197965
5,1,0.130113,-0.169468
6,1,0.14634,-0.165346
7,1,0.0955216,-0.199043
8,1,0.117429,-0.180262
9,1,0.0518655,-0.189324
10,1,0.110041,-0.194404
1,2,-0.214135,0.196271
2,2,-0.22458,0.193237
3,2,-0.225418,0.183325
4,2,-0.192925,0.198147
5,2,-0.253559,0.172432
6,2,-0.251509,0.164923
7,2,-0.240349,0.188997
8,2,-0.182048,0.21487
9,2,-0.246529,0.182259
10,2,-0.200602,0.213184
1,3,-0.214613,-0.2294
2,3,-0.20703,-0.203823
3,3,-0.18945,-0.204509
4,3,-0.156086,-0.199083
5,3,-0.189904,-0.196509
6,3,-0.221273,-0.22316
7,3,-0.231063,-0.210203
8,3,-0.224581,-0.209092
9,3,-0.24648,-0.222724
10,3,-0.210094,-0.213943
1,4,-0.233558,-0.00331967
2,4,-0.198848,-0.013204
3,4,-0.217443,-0.0101743
4,4,-0.230061,-0.0167495
5,4,-0.155959,0.0128219
6,4,-0.258637,-0.0310226
7,4,-0.193421,-0.0113233
8,4,-0.159533,0.0094009
9,4,-0.19023,0.00311965
10,4,-0.195896,-0.00175429
1,5,0.174937,0.257462
2,5,0.13485,0.242573
3,5,0.14764,0.261493
4,5,0.160986,0.253711
5,5,0.118459,0.24079
6,5,0.125321,0.23888
7,5,0.107243,0.223009
8,5,0.138642,0.248953
9,5,0.202043,0.288059
10,5,0.114399,0.228947
1,6,0.0795455,0.333612
2,6,0.0833339,0.346827
3,6,0.0879602,0.333974
4,6,0.113434,0.355878
5,6,0.0349349,0.305888
6,6,0.0488963,0.306765
7,6,0.0669407,0.332058
8,6,0.0492067,0.32459
9,6,0.0579041,0.318719
10,6,0.111229,0.355846
1,7,-0.0457637,0.00861361
2,7,-0.0159815,0.0203552
3,7,-0.0267605,0.015346
4,7,0.0286307,0.0287688
5,7,0.0165882,0.0206041
6,7,-0.0065737,0.0298851
7,7,0.00656996,0.0449899
8,7,-0.00269059,0.0307055
9,7,0.00030389,0.0311697
10,7,-0.0129252,0.0264014
1,8,0.16082,-0.269365
2,8,0.19348,-0.237453
3,8,0.166805,-0.224594
4,8,0.201489,-0.236738
5,8,0.179578,-0.226833
6,8,0.232242,-0.239044
7,8,0.220229,-0.235386
8,8,0.215469,-0.27307
9,8,0.209746,-0.235515
10,8,0.196725,-0.251773
1,9,0.146361,0.026112
2,9,0.122363,0.0425214
3,9,0.107397,0.0308469
4,9,0.101048,0.0286283
5,9,0.146569,0.0400572
6,9,0.136415,0.0344771
7,9,0.126247,0.0421976
8,9,0.0745774,0.013864
9,9,0.0974281,0.0335088
10,9,0.121662,0.0197595
1,10,-0.270827,-0.0847525
2,10,-0.316212,-0.117253
3,10,-0.385998,-0.163951
4,10,-0.340613,-0.135317
5,10,-0.283196,-0.106764
6,10,-0.323462,-0.127547
7,10,-0.371288,-0.155458
8,10,-0.302461,-0.117055
9,10,-0.289014,-0.101531
10,10,-0.265396,-0.105809
1,11,0.137341,-0.127667
2,11,0.130779,-0.11135
3,11,0.103703,-0.119317
4,11,0.142467,-0.123709
5,11,0.0982434,-0.110091
6,11,0.124188,-0.0927707
7,11,0.143234,-0.118621
8,11,0.105404,-0.106095
9,11,0.11439,-0.103343
10,11,0.14702,-0.119891
1,12,-0.687275,0.218209
2,12,-0.731328,0.191735
3,12,-0.663272,0.242889
4,12,-0.675481,0.228855
5,12,-0.706173,0.214299
6,12,-0.663731,0.248748
7,12,-0.73481,0.185454
8,12,-0.666621,0.233528
9,12,-0.697336,0.221868
10,12,-0.71867,0.200959
1,13,-0.0156891,-0.148553
2,13,-0.0755828,-0.177502
3,13,-0.0454541,-0.154108
4,13,0.0283621,-0.159827
5,13,-0.076149,-0.180424
6,13,-0.00136857,-0.128942
7,13,-0.0192401,-0.166676
8,13,-0.0137196,-0.175541
9,13,0.0172724,-0.133383
10,13,-0.00431327,-0.138087
1,14,0.43029,-0.443585
2,14,0.410652,-0.418384
3,14,0.467195,-0.43815
4,14,0.417327,-0.437113
5,14,0.375171,-0.427512
6,14,0.405148,-0.428543
7,14,0.447273,-0.416827
8,14,0.39269,-0.481407
9,14,0.427552,-0.441171
10,14,0.385734,-0.457017
1,15,0.503259,0.181472
2,15,0.497103,0.196609
3,15,0.495373,0.207217
4,15,0.534071,0.232466
5,15,0.563786,0.202297
6,15,0.508815,0.208242
7,15,0.51841,0.193034
8,15,0.471768,0.223024
9,15,0.519977,0.213802
10,15,0.521608,0.221599
1,16,-0.202674,0.18798
2,16,-0.221268,0.190022
3,16,-0.19359,0.202903
4,16,-0.205104,0.195494
5,16,-0.221915,0.178935
6,16,-0.217324,0.18247
7,16,-0.175624,0.220028
8,16,-0.228923,0.189857
9,16,-0.166784,0.227765
10,16,-0.216961,0.198677
1,17,-0.175164,-0.162395
2,17,-0.245815,-0.213087
3,17,-0.188817,-0.173064
4,17,-0.205679,-0.177519
5,17,-0.168948,-0.173302
6,17,-0.207028,-0.174985
7,17,-0.212244,-0.189929
8,17,-0.18446,-0.184799
9,17,-0.228,-0.186216
10,17,-0.237746,-0.199162
1,18,-0.14359,0.0273353
2,18,-0.137448,0.0473185
3,18,-0.147397,0.0252868
4,18,-0.173643,0.0212411
5,18,-0.158144,0.0197203
6,18,-0.132925,0.0425969
7,18,-0.134646,0.0232361
8,18,-0.130481,0.0339698
9,18,-0.142408,0.0403974
10,18,-0.154077,0.0220579
1,19,0.141621,0.258668
2,19,0.0958826,0.237727
3,19,0.0879133,0.229943
4,19,0.129471,0.246925
5,19,0.126904,0.249923
6,19,0.124299,0.256678
7,19,0.113863,0.240734
8,19,0.101406,0.238997
9,19,0.0441394,0.208233
10,19,0.124626,0.247283
1,20,0.0679224,0.334554
2,20,0.122276,0.368442
3,20,0.0349585,0.315093
4,20,0.0722438,0.334709
5,20,0.0909781,0.349
6,20,0.0462982,0.333155
7,20,0.111534,0.373149
8,20,0.0997064,0.346921
9,20,0.0384905,0.313469
10,20,0.0793348,0.344573
1,21,0.0142886,0.0296363
2,21,-0.0334732,0.00390624
3,21,0.0503172,0.0372272
4,21,0.0195009,0.0329769
5,21,0.00833904,0.0256144
6,21,0.00734791,0.0249201
7,21,-0.0107603,0.024205
8,21,-0.0148024,0.00893566
9,21,-0.0343258,0.00851698
10,21,0.0132366,0.0295886
1,22,0.220144,-0.255975
2,22,0.276243,-0.278683
3,22,0.273393,-0.283317
4,22,0.230209,-0.276732
5,22,0.189264,-0.278696
6,22,0.178174,-0.281319
7,22,0.250776,-0.267913
8,22,0.247462,-0.280367
9,22,0.269938,-0.270079
10,22,0.255911,-0.275069
1,23,0.130438,0.0410567
2,23,0.139007,0.0356854
3,23,0.174287,0.0454022
4,23,0.105774,0.0177383
5,23,0.155384,0.0498733
6,23,0.126438,0.0130934
7,23,0.143331,0.053516
8,23,0.114926,0.0358561
9,23,0.148456,0.0402473
10,23,0.107698,0.0281426
1,24,-0.273424,-0.10579
2,24,-0.292344,-0.121371
3,24,-0.27299,-0.111517
4,24,-0.342135,-0.135005
5,24,-0.357809,-0.147867
6,24,-0.340859,-0.140175
7,24,-0.341959,-0.131729
8,24,-0.372657,-0.149411
9,24,-0.294423,-0.135159
10,24,-0.321216,-0.118977
1,25,0.164552,-0.0980414
2,25,0.139322,-0.121462
3,25,0.120757,-0.113277
4,25,0.184777,-0.105852
5,25,0.155856,-0.125692
6,25,0.120854,-0.108992
7,25,0.148772,-0.120201
8,25,0.126316,-0.105711
9,25,0.151897,-0.113102
10,25,0.159378,-0.105389
1,26,-0.723193,0.199158
2,26,-0.762884,0.161527
3,26,-0.714645,0.199534
4,26,-0.722921,0.191837
5,26,-0.750635,0.175134
6,26,-0.712474,0.205101
7,26,-0.711855,0.20464
8,26,-0.688076,0.217854
9,26,-0.753818,0.172898
10,26,-0.731603,0.191447
1,27,-0.0411768,-0.176345
2,27,-0.0853595,-0.171484
3,27,-0.1097,-0.184346
4,27,-0.0361804,-0.160721
5,27,-0.0257113,-0.163065
6,27,-0.0534504,-0.182357
7,27,-0.0735262,-0.166558
8,27,-0.0319284,-0.175825
9,27,-0.00803093,-0.1586
10,27,-0.068364,-0.153416
1,28,0.420193,-0.458663
2,28,0.370312,-0.462564
3,28,0.318097,-0.458172
4,28,0.370507,-0.435701
5,28,0.35437,-0.440999
6,28,0.322133,-0.410074
7,28,0.390826,-0.431847
8,28,0.400468,-0.473344
9,28,0.343608,-0.439159
10,28,0.357279,-0.45797
1,29,0.499734,0.176015
2,29,0.445156,0.180615
3,29,0.454927,0.174246
4,29,0.488744,0.212752
5,29,0.500726,0.19847
6,29,0.473894,0.191332
7,29,0.495212,0.190727
8,29,0.477664,0.168162
9,29,0.454637,0.188085
10,29,0.437867,0.190427
1,30,-0.0829373,0.325804
2,30,-0.106889,0.305949
3,30,-0.082272,0.320003
4,30,-0.102102,0.322608
5,30,-0.0645616,0.337053
6,30,-0.068522,0.331456
7,30,-0.100549,0.307564
8,30,-0.126959,0.296219
9,30,-0.0767104,0.327509
10,30,-0.0834465,0.324382
1,31,-0.185204,-0.185714
2,31,-0.18438,-0.165646
3,31,-0.198494,-0.187721
4,31,-0.218698,-0.194229
5,31,-0.228923,-0.202279
6,31,-0.164279,-0.167519
7,31,-0.141142,-0.16904
8,31,-0.229508,-0.196245
9,31,-0.17298,-0.170322
10,31,-0.125664,-0.154728
1,32,-0.137379,0.0370547
2,32,-0.134455,0.0255119
3,32,-0.179227,0.0100256
4,32,-0.158164,0.0209357
5,32,-0.169583,0.0120793
6,32,-0.176045,-0.0041685
7,32,-0.169004,-0.00199818
8,32,-0.170763,0.0148525
9,32,-0.117317,0.0362114
10,32,-0.173705,0.00119163
1,33,0.152278,0.24027
2,33,0.151384,0.246722
3,33,0.167259,0.253064
4,33,0.108886,0.241903
5,33,0.209829,0.260507
6,33,0.163082,0.253105
7,33,0.14128,0.238226
8,33,0.113916,0.2392
9,33,0.171211,0.252047
10,33,0.147964,0.247151
1,34,0.0205712,0.311098
2,34,0.078772,0.349554
3,34,0.0944362,0.353924
4,34,0.0846624,0.342675
5,34,0.0690207,0.341128
6,34,0.0801862,0.347629
7,34,0.0864721,0.354036
8,34,0.0696919,0.338332
9,34,0.0653249,0.339581
10,34,0.0908303,0.357903
1,35,-0.0344602,0.010847
2,35,0.0158776,0.038924
3,35,-0.0164033,0.0134554
4,35,0.0162318,0.0233296
5,35,0.0320504,0.0586664
6,35,-0.00754299,0.00863648
7,35,-0.00869131,0.040339
8,35,0.0637227,0.0392551
9,35,0.00975503,0.0205957
10,35,0.0388877,0.036532
1,36,0.308839,-0.253721
2,36,0.221,-0.250393
3,36,0.24226,-0.256773
4,36,0.278627,-0.251355
5,36,0.206715,-0.222556
6,36,0.186306,-0.252876
7,36,0.264062,-0.233477
8,36,0.223732,-0.244702
9,36,0.28035,-0.235081
10,36,0.23085,-0.230051
1,37,0.109422,0.00444646
2,37,0.120036,0.0230338
3,37,0.0890264,0.0165065
4,37,0.108053,0.0283016
5,37,0.10897,0.00576009
6,37,0.0670827,-0.00190619
7,37,0.0805668,-0.0143281
8,37,0.0869958,-0.00305772
9,37,0.121188,0.00918861
10,37,0.0715804,-0.0076861
1,38,-0.387142,-0.170035
2,38,-0.412282,-0.185101
3,38,-0.315167,-0.129975
4,38,-0.31737,-0.130931
5,38,-0.371209,-0.16538
6,38,-0.38425,-0.163266
7,38,-0.378987,-0.179063
8,38,-0.339074,-0.137294
9,38,-0.361275,-0.170404
10,38,-0.398264,-0.185067
1,39,0.1081,-0.14654
2,39,0.10733,-0.120425
3,39,0.0955108,-0.145296
4,39,0.14073,-0.149108
5,39,0.133651,-0.14969
6,39,0.127546,-0.156486
7,39,0.0866204,-0.152473
8,39,0.0916579,-0.172811
9,39,0.150634,-0.149628
10,39,0.0992239,-0.159675
1,40,-0.77753,0.162062
2,40,-0.806811,0.143252
3,40,-0.774902,0.162884
4,40,-0.816071,0.135373
5,40,-0.737323,0.189051
6,40,-0.789811,0.142738
7,40,-0.705897,0.219578
8,40,-0.803934,0.137203
9,40,-0.732212,0.194365
10,40,-0.775984,0.16544
1,41,-0.00141878,-0.169542
2,41,-0.0453862,-0.158462
3,41,-0.0322511,-0.164866
4,41,-0.0529956,-0.169042
5,41,-0.01836,-0.178988
6,41,-0.0553634,-0.188159
7,41,-0.00959645,-0.159883
8,41,0.0319646,-0.155109
9,41,0.00964845,-0.134462
10,41,-0.0106869,-0.167405
1,42,0.364156,-0.443068
2,42,0.369534,-0.407784
3,42,0.427404,-0.448181
4,42,0.390031,-0.467052
5,42,0.398789,-0.478619
6,42,0.324464,-0.402266
7,42,0.374201,-0.444261
8,42,0.357899,-0.432809
9,42,0.385008,-0.454284
10,42,0.341689,-0.43274
1,43,0.569264,0.21804
2,43,0.54528,0.219564
3,43,0.59725,0.235453
4,43,0.597529,0.211457
5,43,0.630505,0.203157
6,43,0.559018,0.20052
7,43,0.59859,0.220948
8,43,0.563378,0.213299
9,43,0.616325,0.208334
10,43,0.623368,0.223597
1,44,-0.0827671,0.322411
2,44,-0.128869,0.308168
3,44,-0.12798,0.30158
4,44,-0.0608613,0.329053
5,44,-0.0919629,0.328117
6,44,-0.0960504,0.320976
7,44,-0.139381,0.296035
8,44,-0.120906,0.301041
9,44,-0.148146,0.294226
10,44,-0.123572,0.30443
1,45,0.186357,-0.0388225
2,45,0.149567,-0.0353819
3,45,0.167364,-0.0493619
4,45,0.142052,-0.0476777
5,45,0.173419,-0.0251715
6,45,0.170172,-0.021441
7,45,0.182302,-0.0261789
8,45,0.164156,-0.0534086
9,45,0.20983,-0.0362689
10,45,0.235453,-0.0209272
