rep,id,Cl,V1,Q,V2,S,R0,gamma,MTT
1,1,2.80705,0.411113,2.30979,4.92376,19.8122,983.41,0.436967,85.4595
2,1,2.82022,0.40562,2.32845,4.88488,20.4963,981.768,0.438399,84.8352
3,1,2.82013,0.385936,2.33514,4.9264,20.0838,985.694,0.436808,84.7368
4,1,2.82717,0.40336,2.32701,4.99802,20.2038,983.102,0.43226,85.0685
5,1,2.82325,0.38418,2.37429,5.02148,19.9784,980.722,0.438203,84.79
6,1,2.81725,0.380361,2.33593,4.81122,20.2612,983.766,0.438909,85.0625
7,1,2.81935,0.392294,2.31996,4.90605,20.0602,983.767,0.432526,84.4792
8,1,2.81998,0.413128,2.35432,4.97122,20.2765,984.662,0.430814,84.9336
9,1,2.81323,0.405661,2.32096,5.01317,20.132,981.998,0.440451,85.0485
10,1,2.81307,0.398094,2.34776,5.03692,19.9723,985.583,0.437033,84.8256
1,2,2.83952,0.530587,2.38612,5.00432,20.1305,984.007,0.43414,85.4164
2,2,2.83048,0.542077,2.31953,4.94592,20.1468,985.482,0.43774,85.3605
3,2,2.81701,0.514642,2.3355,4.89686,20.5804,981.922,0.436227,85.4625
4,2,2.83345,0.54668,2.32872,4.80221,19.9379,980.539,0.436865,85.1894
5,2,2.82045,0.524899,2.34231,4.9046,20.2765,982.774,0.43535,85.415
6,2,2.8196,0.505745,2.33746,5.01614,20.3685,984.418,0.432868,85.1899
7,2,2.82712,0.547003,2.37145,5.039,20.1955,983.13,0.431443,85.0135
8,2,2.81863,0.523268,2.36359,4.95074,19.7987,983.552,0.439172,85.0837
9,2,2.83227,0.523186,2.36156,5.01491,20.2921,987.006,0.432931,85.3656
10,2,2.8138,0.518187,2.36222,4.96162,20.1056,985.83,0.430344,85.2083
1,3,2.81956,0.950236,2.32678,4.94157,19.9642,984.688,0.435245,85.1159
2,3,2.82445,0.982794,2.32217,4.9042,20.2872,987.393,0.436903,85.2719
3,3,2.82428,0.888627,2.32311,4.96098,19.8517,985.72,0.433035,84.7529
4,3,2.81118,0.934669,2.34189,4.95672,19.9126,984.733,0.434521,84.914
5,3,2.81893,0.99918,2.34273,5.02026,20.0596,980.408,0.433007,84.9701
6,3,2.81278,0.971624,2.32167,4.98106,19.5104,982.234,0.43654,85.1634
7,3,2.82275,0.949135,2.34775,4.94439,19.9416,981.503,0.431033,84.9632
8,3,2.83291,0.927855,2.35217,4.85506,19.9471,982.025,0.432966,85.201
9,3,2.82038,0.986425,2.36744,5.0464,20.4448,979.931,0.43536,84.7867
10,3,2.81685,0.903245,2.35379,4.96036,19.7515,982.44,0.440641,85.5404
1,4,2.82689,0.7415,2.34432,4.92446,19.8823,984.451,0.429638,84.9837
2,4,2.80985,0.733626,2.33245,5.09981,20.4075,984.427,0.436417,85.0795
3,4,2.81789,0.698653,2.37924,4.89225,20.1208,986.273,0.435835,84.9506
4,4,2.82306,0.729809,2.37929,4.93833,19.9149,986.084,0.432217,85.0105
5,4,2.81155,0.720612,2.31479,4.99846,20.1781,982.858,0.43441,84.8433
6,4,2.81382,0.66992,2.35361,4.89848,20.3543,982.662,0.437201,85.3996
7,4,2.81434,0.742474,2.34885,5.0039,20.0045,984.569,0.438861,85.4109
8,4,2.81562,0.682668,2.34429,4.93743,20.273,982.586,0.432844,84.83
9,4,2.80921,0.672275,2.32521,4.93416,20.3628,981.739,0.434905,84.9572
10,4,2.82391,0.724466,2.33599,4.89844,19.7408,986.157,0.434068,84.8632
1,5,2.82435,1.18742,2.34173,4.79845,20.3087,982.558,0.437229,84.9751
2,5,2.81706,1.14979,2.3234,4.92044,20.1802,984.901,0.43966,85.2018
3,5,2.82832,1.13365,2.30001,4.91275,19.9927,987.319,0.439013,85.2144
4,5,2.81906,1.11152,2.34713,4.93216,19.8806,984.16,0.434416,85.2005
5,5,2.83053,1.11947,2.35831,4.93142,19.8332,980.952,0.437224,85.0937
6,5,2.82033,1.12963,2.36799,5.03526,19.8532,984.053,0.43515,85.0434
7,5,2.82407,1.16406,2.30886,4.79996,20.3376,984.339,0.433014,85.2533
8,5,2.82254,1.1306,2.34071,4.9384,20.3126,986.787,0.432481,85.0167
9,5,2.81062,1.13498,2.35936,4.99482,20.4723,983.857,0.438207,85.5283
10,5,2.81372,1.16065,2.36192,4.94865,19.9594,986.317,0.433735,85.1862
1,6,2.82362,1.02213,2.36181,4.94187,20.2622,984.049,0.434253,84.9381
2,6,2.8106,1.0312,2.35944,4.8802,19.9835,983.963,0.434953,85.1121
3,6,2.82935,1.01883,2.32859,4.98261,20.2001,980.168,0.434879,85.1747
4,6,2.83004,0.996318,2.37904,4.93375,19.4824,984.799,0.434021,85.1739
5,6,2.82406,1.03658,2.33706,4.90742,19.8607,983.074,0.439039,85.4004
6,6,2.82019,1.01089,2.34881,4.94685,19.9121,983.68,0.436159,84.8446
7,6,2.82358,0.935741,2.33529,4.83684,19.9413,982.597,0.434397,84.8413
8,6,2.81551,1.04878,2.34712,4.9926,19.4647,983.341,0.433252,85.1688
9,6,2.81744,1.00115,2.33738,5.04929,19.7544,984.996,0.436226,85.389
10,6,2.81742,1.01035,2.3695,4.85003,20.0733,981.408,0.436126,84.906
1,7,2.83144,0.756066,2.33762,4.98155,20.3198,984.654,0.437002,85.1505
2,7,2.81823,0.734799,2.34453,4.98783,20.3723,981.281,0.43561,85.3698
3,7,2.8379,0.74907,2.31765,5.01176,19.9134,985.952,0.431206,84.6935
4,7,2.83696,0.734735,2.34305,4.90907,20.0004,984.082,0.434589,84.8662
5,7,2.82089,0.758341,2.31767,5.02883,20.0761,983.128,0.433175,84.9299
6,7,2.82218,0.765287,2.36395,4.94377,20.0366,984.483,0.429879,85.1255
7,7,2.82817,0.767173,2.33891,4.91252,19.7036,983.64,0.434647,85.4218
8,7,2.81914,0.754279,2.33152,4.98771,20.1736,984.137,0.436195,85.2567
9,7,2.80834,0.797276,2.29447,5.02649,19.8258,981.281,0.437987,85.0506
10,7,2.82066,0.723788,2.32083,5.06876,19.6867,984.505,0.438645,85.0635
1,8,2.8185,1.01531,2.35705,4.98525,19.9483,983.638,0.43486,85.251
2,8,2.81792,0.975293,2.35122,4.93096,19.3937,981.978,0.43496,85.1759
3,8,2.82452,1.00225,2.34599,4.95586,20.1872,984.308,0.435696,84.988
4,8,2.81392,0.993693,2.34545,4.93618,20.2871,982.117,0.437656,85.0808
5,8,2.82003,1.03018,2.36729,5.01074,19.8866,983.441,0.436034,85.1837
6,8,2.81603,1.02759,2.34336,4.94736,20.6501,983.651,0.434201,84.9822
7,8,2.82182,0.977537,2.36999,4.91224,19.7719,981.405,0.435734,84.6403
8,8,2.84055,1.08125,2.32691,5.04176,19.7589,986.057,0.432213,85.2558
9,8,2.80717,1.03332,2.33856,4.9759,19.7142,987.722,0.434623,85.2867
10,8,2.81542,0.996401,2.33586,4.92859,20.0768,983.899,0.435256,84.9671
1,9,2.81902,0.894808,2.3617,4.8194,20.1996,982.072,0.429166,84.8671
2,9,2.82181,0.863894,2.35183,4.98372,20.5715,982.547,0.436368,85.1521
3,9,2.82734,0.879403,2.33762,4.83233,20.0228,980.591,0.436199,85.1472
4,9,2.81747,0.913394,2.33868,4.88981,20.3258,986.166,0.43766,85.4541
5,9,2.82901,0.824896,2.34095,4.85983,20.0581,981.86,0.435253,85.2528
6,9,2.82334,0.903918,2.35387,4.91271,20.0966,980.79,0.436269,85.0106
7,9,2.82773,0.872796,2.31148,4.98577,20.2609,981.798,0.437403,85.203
8,9,2.82067,0.90344,2.3755,4.96918,19.8202,982.064,0.437357,84.8766
9,9,2.82458,0.956746,2.33037,4.94467,19.9741,988.249,0.434937,85.0608
10,9,2.82192,0.915948,2.33783,4.92773,20.1082,981.235,0.436258,85.0986
1,10,2.81653,0.933464,2.33037,4.95259,20.0595,982.624,0.431633,85.1639
2,10,2.81522,0.945146,2.33492,4.84361,20.1388,986.036,0.434321,84.9866
3,10,2.81829,0.913937,2.30396,4.85174,19.9872,985.424,0.437293,84.8296
4,10,2.82335,0.938251,2.35261,4.91219,19.6534,987.787,0.438424,84.9399
5,10,2.82979,0.901629,2.36558,4.80834,19.9872,982.817,0.435349,84.4873
6,10,2.82236,0.965967,2.35061,4.97198,19.9818,982.134,0.434958,85.1243
7,10,2.8224,0.93514,2.37431,4.88418,20.0706,985.852,0.434471,85.2959
8,10,2.81609,0.878038,2.36096,4.94737,20.0151,986.411,0.438015,85.0466
9,10,2.82296,0.920925,2.32866,4.93055,19.834,986.207,0.43152,85.1792
10,10,2.80997,0.928367,2.35241,4.87943,19.7064,984.967,0.434434,84.9978
1,11,2.81987,1.2196,2.345,4.93537,20.1718,987.864,0.438526,85.0586
2,11,2.79598,1.3092,2.36157,4.94857,20.5052,981.322,0.43391,85.3211
3,11,2.81581,1.37933,2.35888,4.94931,20.0208,981.208,0.437484,85.1772
4,11,2.83163,1.38703,2.34013,4.93317,20.373,981.638,0.442218,84.7669
5,11,2.82157,1.33096,2.36606,5.01219,19.9932,981.228,0.433163,84.9326
6,11,2.80969,1.36034,2.31807,5.07071,19.8506,983.136,0.436975,85.245
7,11,2.81987,1.31143,2.35928,4.90511,19.9615,982.087,0.435884,84.7106
8,11,2.82504,1.27128,2.34086,5.00577,20.4151,981.774,0.435459,85.2799
9,11,2.81004,1.32304,2.35905,4.89672,19.9077,985.819,0.434792,84.6891
10,11,2.83017,1.33796,2.34057,5.00781,20.3435,983.324,0.438615,85.3542
1,12,2.81944,0.561686,2.3604,4.96905,19.997,986.819,0.438451,84.9671
2,12,2.79979,0.563276,2.36059,4.93995,19.758,986.725,0.437352,85.048
3,12,2.81458,0.547845,2.31734,4.91924,20.2195,986.395,0.436994,85.1183
4,12,2.83119,0.570626,2.35372,4.99704,20.3073,981.185,0.433892,84.8963
5,12,2.82558,0.554568,2.33545,4.89157,20.1813,984.023,0.443265,84.8588
6,12,2.82125,0.600684,2.37579,4.90411,20.115,981.685,0.437107,84.6479
7,12,2.81738,0.599947,2.36573,5.01084,20.1248,981.648,0.435655,84.9596
8,12,2.82078,0.568413,2.34835,4.90027,20.1712,984.846,0.438776,85.1901
9,12,2.82018,0.55804,2.39006,4.96365,19.9942,982.592,0.438189,84.8596
10,12,2.80787,0.593334,2.34481,4.94045,20.0928,987.917,0.434736,85.0891
1,13,2.81422,0.582824,2.34233,5.00757,20.1074,981.928,0.437431,85.1424
2,13,2.8091,0.577861,2.33512,4.94638,20.4993,984.893,0.435965,85.1084
3,13,2.8273,0.569179,2.34456,5.04833,20.1868,983.058,0.43767,85.3265
4,13,2.81769,0.588106,2.33433,4.98041,20.3167,984.368,0.434036,85.1482
5,13,2.83819,0.594333,2.34367,4.92533,19.9268,986.079,0.43941,84.73
6,13,2.82393,0.563453,2.35384,4.8984,20.1638,982.397,0.431511,85.011
7,13,2.82315,0.608611,2.36941,5.0114,19.7833,985.282,0.436036,84.7733
8,13,2.81157,0.608799,2.34759,5.02374,20.0482,979.847,0.435629,85.2335
9,13,2.82205,0.532661,2.39284,5.02769,20.4861,986.695,0.438029,85.4643
10,13,2.81595,0.569876,2.33212,5.01718,20.3409,985.471,0.437519,85.2069
1,14,2.81683,0.612104,2.328,4.90735,20.2658,987.494,0.436505,84.7079
2,14,2.82511,0.659046,2.35647,4.93724,19.8697,985.178,0.434563,85.181
3,14,2.81575,0.641265,2.34515,5.03812,19.8018,981.444,0.438671,85.1465
4,14,2.81924,0.691729,2.32011,4.9409,19.7106,980.634,0.431416,85.094
5,14,2.81921,0.629728,2.35872,4.98366,19.9111,985.595,0.436976,85.0622
6,14,2.80879,0.616733,2.35454,4.93883,19.9432,988.485,0.436925,84.8975
7,14,2.81489,0.653247,2.35864,4.94629,20.0147,984.285,0.431333,84.9506
8,14,2.8187,0.655233,2.36791,4.97476,20.0777,983.298,0.437354,85.4102
9,14,2.83105,0.634863,2.34833,4.88348,19.8276,983.752,0.433884,85.0609
10,14,2.81131,0.650235,2.32733,4.97663,20.2182,985.383,0.432436,84.9927
1,15,2.81326,0.628108,2.34943,4.99095,20.0684,983.378,0.434313,85.1909
2,15,2.8147,0.686357,2.32111,4.92846,20.5503,982.889,0.436818,84.4788
3,15,2.81438,0.610486,2.34172,4.88011,20.0409,983.701,0.434913,84.96
4,15,2.82366,0.655969,2.38345,4.84022,19.5537,986.539,0.443718,85.1781
5,15,2.83144,0.646135,2.35508,4.95753,20.1224,980.894,0.438712,85.4312
6,15,2.8182,0.627925,2.36836,4.94632,19.9565,983.921,0.437709,84.5313
7,15,2.8235,0.649362,2.33231,4.8924,19.6985,983.514,0.433871,85.1435
8,15,2.81852,0.691914,2.33602,4.9985,19.8953,985.902,0.437011,85.1563
9,15,2.80677,0.639553,2.36631,4.98939,20.5038,984.757,0.435929,85.0886
10,15,2.82067,0.655591,2.32864,4.86958,19.6322,980.884,0.441789,85.0925
1,16,2.83098,0.611351,2.34529,4.91572,19.9365,984.368,0.43426,84.9033
2,16,2.82077,0.621423,2.30972,5.05496,20.044,983.02,0.441286,85.1481
3,16,2.81104,0.647061,2.31558,4.87433,20.0837,985.223,0.435404,85.059
4,16,2.81755,0.662919,2.34726,5.03329,20.1209,983.573,0.432502,85.2853
5,16,2.83055,0.597593,2.34012,4.97042,20.1064,980.536,0.434091,85.3275
6,16,2.82513,0.612596,2.3874,4.94108,20.1181,984.592,0.436307,85.1554
7,16,2.81807,0.624825,2.3338,4.93781,19.8317,984.277,0.436335,85.3557
8,16,2.82432,0.609108,2.35179,4.99561,19.8854,986.43,0.433562,85.0422
9,16,2.81123,0.643488,2.32341,5.01304,19.2459,982.646,0.435627,84.943
10,16,2.81803,0.590087,2.33472,5.05954,20.0559,983.94,0.439934,85.4524
1,17,2.82142,0.501601,2.35238,4.87529,20.1879,980.757,0.438945,84.7903
2,17,2.81976,0.470887,2.33838,4.86388,20.2353,982.229,0.437266,85.062
3,17,2.81286,0.546184,2.35969,4.98421,19.7329,987.492,0.434565,84.9929
4,17,2.81648,0.528285,2.36732,4.91411,19.807,984.621,0.431811,84.7891
5,17,2.80929,0.472736,2.33946,4.78624,20.3316,983.784,0.435128,84.8912
6,17,2.81929,0.497627,2.34888,4.91638,20.1653,979.565,0.435868,85.0028
7,17,2.81094,0.479305,2.35257,4.9445,20.1121,983.965,0.43458,84.8222
8,17,2.80337,0.460498,2.35038,4.92821,19.9035,982.361,0.439144,85.1604
9,17,2.81739,0.509747,2.35147,4.95755,20.0631,983.157,0.438553,85.0951
10,17,2.80855,0.489666,2.33357,4.86947,20.094,982.546,0.436499,84.4928
1,18,2.81269,0.641419,2.35523,4.93428,20.1809,983.444,0.435715,84.8028
2,18,2.80864,0.607146,2.35688,4.97339,20.0776,983.628,0.437451,85.3767
3,18,2.79752,0.612084,2.37723,4.94417,20.1723,985.857,0.433947,85.0925
4,18,2.81253,0.626478,2.35227,4.9089,20.2109,983.378,0.434345,85.0866
5,18,2.82274,0.671402,2.37762,4.99675,19.7936,984.27,0.435367,85.1604
6,18,2.81311,0.639843,2.37197,4.90874,20.3517,981.184,0.437129,85.284
7,18,2.8214,0.619686,2.37505,4.9881,19.8622,983.259,0.437801,85.0749
8,18,2.82214,0.631494,2.33019,4.97178,20.0219,984.123,0.436064,85.0896
9,18,2.82331,0.611005,2.33813,4.81824,20.0051,984.869,0.433163,84.9373
10,18,2.8288,0.599496,2.361,4.91688,20.1798,982.616,0.436273,85.3593
1,19,2.82165,0.982345,2.34755,4.92629,20.1272,981.709,0.435211,85.4799
2,19,2.83522,0.947627,2.32017,5.02215,19.7397,983.766,0.436922,85.3831
3,19,2.82909,0.94955,2.34569,4.91604,19.8602,981.51,0.434943,85.2666
4,19,2.83139,0.986693,2.34844,5.01602,19.9068,980.774,0.432844,84.8633
5,19,2.82025,1.02157,2.35105,5.00162,20.2422,983.386,0.434871,85.0467
6,19,2.8211,0.954912,2.3517,4.91333,19.9768,983.494,0.428469,85.3548
7,19,2.82561,0.936817,2.33325,4.92188,19.904,986.298,0.434213,84.8097
8,19,2.82073,0.890441,2.32728,4.94324,20.2893,980.216,0.431054,85.3082
9,19,2.82774,0.942629,2.35891,4.87872,19.9807,984.594,0.43422,85.492
10,19,2.81743,0.943247,2.34608,4.98883,20.35,981.259,0.432223,85.1289
1,20,2.81252,0.473007,2.32871,5.02092,20.1982,983.188,0.441877,85.4396
2,20,2.82752,0.504004,2.36077,4.86125,20.3916,983.56,0.435192,85.0567
3,20,2.8091,0.500623,2.33975,4.93496,19.7249,979.844,0.43603,84.8088
4,20,2.82309,0.525519,2.34585,5.11064,19.9177,981.821,0.436191,85.2301
5,20,2.8174,0.520422,2.34233,4.89424,20.0247,982.796,0.43321,84.9319
6,20,2.82192,0.482847,2.36614,5.0237,19.9814,985.569,0.436053,85.2593
7,20,2.81017,0.472114,2.34528,5.04133,20.0025,982.59,0.437273,84.7143
8,20,2.80382,0.475085,2.32317,5.06951,20.1892,982.398,0.439923,84.7049
9,20,2.81662,0.505007,2.36794,4.97305,20.209,985.518,0.434835,85.0985
10,20,2.82667,0.485975,2.36706,4.95929,20.248,984.207,0.436588,85.2759
1,21,2.82886,0.750746,2.35636,4.96538,19.8907,986.961,0.440487,85.1068
2,21,2.81971,0.76143,2.34237,4.96252,19.9559,986.859,0.430093,85.2306
3,21,2.81981,0.749395,2.3306,4.99347,19.9855,983.58,0.434739,85.2902
4,21,2.83248,0.778651,2.33159,4.86667,20.4014,986.136,0.434642,85.1333
5,21,2.81979,0.807463,2.3545,4.91426,20.0169,983.066,0.43203,85.0734
6,21,2.8395,0.780494,2.3405,4.89219,20.3954,983.969,0.438547,85.1431
7,21,2.82369,0.785531,2.33505,4.91083,20.1652,983.222,0.435262,85.3272
8,21,2.80504,0.739828,2.3388,4.97699,19.9892,986.311,0.434433,85.3037
9,21,2.81608,0.786568,2.34759,4.9528,20.3873,982.392,0.431062,85.2224
10,21,2.83761,0.722687,2.34956,4.98553,20.0117,985.722,0.435055,84.9694
1,22,2.81459,0.436137,2.32488,4.95732,19.9498,980.343,0.439942,85.2313
2,22,2.82315,0.437189,2.34767,4.95018,20.2739,985.578,0.435136,85.2444
3,22,2.81817,0.452429,2.34598,4.99434,20.52,986.257,0.439394,85.3305
4,22,2.80925,0.449822,2.32803,4.86379,19.9669,983.252,0.437001,85.0243
5,22,2.82585,0.442963,2.3538,4.87764,20.3028,983.221,0.436017,85.0742
6,22,2.81272,0.473773,2.33278,5.02269,19.9835,983.122,0.431969,85.0068
7,22,2.82616,0.484866,2.3647,4.91194,20.0058,984.568,0.437153,85.0591
8,22,2.81706,0.488689,2.34019,4.90234,20.1231,984.929,0.437374,85.0123
9,22,2.81066,0.428871,2.34155,4.86459,20.2012,984.467,0.435577,84.9406
10,22,2.81162,0.486238,2.35102,5.02311,20.0072,982.978,0.436799,84.9556
1,23,2.83281,1.21391,2.35853,4.9389,19.7014,979.914,0.435479,85.0544
2,23,2.82472,1.28161,2.3691,4.96051,20.1871,983.409,0.437206,85.1788
3,23,2.84054,1.23081,2.35523,4.85782,20.0444,980.629,0.43506,85.0607
4,23,2.83687,1.21854,2.32903,4.97102,19.9888,980.583,0.43692,85.1469
5,23,2.81735,1.20583,2.36248,4.91973,20.2769,980.924,0.439271,85.261
6,23,2.81243,1.17524,2.35157,4.97539,19.7815,985.971,0.439635,84.8886
7,23,2.82385,1.13152,2.39541,4.85885,19.842,985.996,0.438184,84.6681
8,23,2.82754,1.21278,2.35723,5.05848,20.141,985.392,0.436194,85.1404
9,23,2.8184,1.25004,2.3138,4.98805,20.3354,981.977,0.436091,85.0694
10,23,2.82156,1.21751,2.35927,4.86963,20.4515,979.685,0.438626,84.7919
1,24,2.82034,0.757262,2.33397,4.89482,19.8222,978.883,0.438953,84.718
2,24,2.81432,0.770669,2.30068,4.94026,19.9484,986.118,0.436201,84.9015
3,24,2.82312,0.745554,2.34499,4.91218,20.2838,985.201,0.437765,84.8797
4,24,2.81493,0.750594,2.3157,4.89506,20.291,985.043,0.435623,85.1095
5,24,2.82294,0.826474,2.36466,4.91029,19.9201,985.287,0.436404,84.9704
6,24,2.82271,0.737208,2.31072,4.87032,20.0399,983.495,0.43488,84.7697
7,24,2.81315,0.76289,2.3314,5.03158,19.8481,982.14,0.433228,84.8712
8,24,2.81408,0.739572,2.28843,4.98226,20.0107,985.852,0.434271,84.9631
9,24,2.81773,0.778445,2.32179,4.95074,20.0743,981.783,0.436874,84.9455
10,24,2.82381,0.757228,2.34223,4.83072,19.6739,985.445,0.436506,84.8876
1,25,2.8182,0.678053,2.33207,4.93946,20.4022,983.943,0.437238,85.2957
2,25,2.8232,0.627779,2.32712,5.00902,20.083,981.981,0.440662,84.8482
3,25,2.83748,0.655497,2.30799,4.98902,19.9727,987.137,0.437966,84.965
4,25,2.8252,0.627763,2.35181,4.87707,20.3789,983.693,0.438057,85.058
5,25,2.81225,0.635816,2.30763,4.95188,19.9565,984.624,0.433002,85.2453
6,25,2.82828,0.637732,2.35194,4.95461,20.1846,981.021,0.436939,85.0117
7,25,2.81549,0.646633,2.32203,4.97722,19.9185,987.275,0.441021,85.106
8,25,2.81316,0.63441,2.34878,4.98606,20.1098,986.868,0.44094,85.0664
9,25,2.8288,0.626719,2.33676,4.94354,20.2973,984.163,0.440978,85.28
10,25,2.824,0.628802,2.31998,4.92429,19.9592,983.836,0.436013,84.8542
1,26,2.82073,0.581036,2.3146,4.89005,20.0765,983.171,0.437619,85.2283
2,26,2.8187,0.552186,2.35105,4.95928,19.6445,982.606,0.430288,85.3088
3,26,2.81221,0.529866,2.32144,4.92421,19.9167,986.631,0.435695,85.1122
4,26,2.81655,0.565011,2.35537,4.97066,19.7362,981.334,0.439599,85.2059
5,26,2.81023,0.528942,2.31787,4.97518,20.5766,982.799,0.428707,85.0706
6,26,2.81756,0.546656,2.35843,5.00254,19.7577,985.118,0.436131,85.0905
7,26,2.81971,0.565981,2.36836,4.85246,20.1899,983.305,0.433286,84.7631
8,26,2.80957,0.529776,2.34594,4.88819,20.0929,985.904,0.433042,84.786
9,26,2.82049,0.569096,2.35755,4.95717,20.3461,982.849,0.433313,85.1107
10,26,2.81879,0.536808,2.31402,4.85014,19.7754,983.72,0.435202,84.7586
1,27,2.81963,0.606529,2.3555,5.07272,19.8558,982.825,0.439765,84.9477
2,27,2.82226,0.5386,2.3363,4.90677,20.2571,984.063,0.434842,84.8308
3,27,2.81562,0.609242,2.31487,5.00624,19.8649,982.718,0.43768,85.1653
4,27,2.83929,0.591503,2.3549,4.9429,20.2005,983.459,0.431404,84.8506
5,27,2.81883,0.59482,2.34211,4.92998,20.1092,983.875,0.431591,85.1956
6,27,2.80349,0.565429,2.30828,5.06811,19.9715,980.29,0.438144,85.1622
7,27,2.83352,0.56277,2.37015,4.93268,19.9875,984.724,0.437072,84.9483
8,27,2.82875,0.581336,2.35828,5.05472,20.0599,982.542,0.431868,85.3058
9,27,2.82238,0.586993,2.35073,4.98281,20.4219,979.049,0.437453,85.1856
10,27,2.82035,0.621931,2.31577,5.08364,20.2398,982.798,0.436373,84.9682
1,28,2.81342,0.919422,2.32088,5.02439,20.4545,983.637,0.438401,85.432
2,28,2.83252,0.991794,2.29826,4.95586,19.8305,984.885,0.434751,85.3729
3,28,2.82633,0.941362,2.34644,5.07546,20.1835,983.923,0.432233,85.4586
4,28,2.83024,1.03336,2.33197,4.93073,19.7708,986.231,0.432021,84.7797
5,28,2.82134,0.997931,2.33851,5.12697,20.265,983.631,0.432312,85.3722
6,28,2.81907,0.977878,2.35244,5.09095,20.5466,986.816,0.435286,85.1203
7,28,2.8193,0.94073,2.34914,4.96589,20.0278,983.837,0.434028,85.0011
8,28,2.83143,1.0143,2.29911,4.9531,20.0637,983.392,0.435984,85.3241
9,28,2.82151,0.940809,2.34551,4.98645,20.154,985,0.437519,85.442
10,28,2.83283,0.987565,2.31275,5.00723,20.1653,984.043,0.435773,85.2604
1,29,2.81968,0.664285,2.32698,5.054,20.0064,987.847,0.435965,84.9218
2,29,2.83666,0.6363,2.3384,4.99164,19.8558,983.713,0.438268,85.0852
3,29,2.81342,0.600368,2.32811,4.94176,19.7483,983.614,0.437258,84.7427
4,29,2.81449,0.583538,2.32211,4.88974,20.2774,984.929,0.437602,85.0399
5,29,2.83747,0.618672,2.36641,5.0203,19.8017,985.919,0.439928,84.9133
6,29,2.82644,0.634388,2.30692,4.8841,19.8581,982.669,0.436712,84.9554
7,29,2.82367,0.667316,2.32719,4.92731,20.286,984.192,0.433228,85.0504
8,29,2.81644,0.631632,2.33627,5.00516,19.7769,985.502,0.435917,85.0247
9,29,2.8238,0.628078,2.33909,4.96446,19.9591,986.433,0.436567,84.281
10,29,2.83157,0.656355,2.33877,4.96683,20.1109,986.315,0.440639,84.9715
1,30,2.83062,1.05617,2.3393,4.93541,19.8686,981.645,0.434111,84.8135
2,30,2.81951,1.08276,2.30519,4.94962,20.1054,984.543,0.436368,85.0348
3,30,2.84467,1.14225,2.3657,4.94674,19.7608,987.216,0.43977,85.3683
4,30,2.83436,1.10049,2.33922,4.86362,19.9845,984.41,0.436364,85.1595
5,30,2.82732,1.06193,2.31118,4.98709,19.8822,984.909,0.434433,84.9321
6,30,2.83451,1.04305,2.3602,4.82621,19.9399,981.217,0.435321,85.0183
7,30,2.8126,1.09582,2.32689,4.9179,20.053,984.961,0.436642,85.2016
8,30,2.82621,1.1283,2.36808,4.91972,19.8826,986.763,0.434201,85.1065
9,30,2.82192,1.1246,2.30398,4.98614,19.9246,986.079,0.436596,85.2019
10,30,2.82353,1.07332,2.36062,4.91344,20.0934,981.33,0.435547,85.3909
1,31,2.82168,0.772996,2.32538,4.97279,19.9666,984.405,0.435121,84.8642
2,31,2.8217,0.802969,2.33795,5.0396,19.9298,981.634,0.436605,84.7686
3,31,2.81203,0.770549,2.34083,4.97274,20.2167,981.291,0.437398,84.9661
4,31,2.81342,0.824282,2.31327,4.91733,19.9942,982.715,0.433979,84.7216
5,31,2.8226,0.856572,2.3377,5.14754,19.7268,981.328,0.435162,85.347
6,31,2.8234,0.821693,2.33784,4.93958,19.8053,983.917,0.437921,84.8673
7,31,2.83437,0.81313,2.34219,4.96232,20.0656,985.045,0.437408,84.7312
8,31,2.80847,0.794152,2.35038,5.03113,19.9047,983.723,0.436685,85.0084
9,31,2.82015,0.828716,2.3817,5.03702,20.068,983.127,0.437579,84.9954
10,31,2.81031,0.783697,2.34064,5.00984,20.4995,979.073,0.433531,84.9829
1,32,2.81601,0.335036,2.333,5.0508,20.001,984.138,0.433375,84.9979
2,32,2.82255,0.32012,2.35065,4.92383,20.0176,983.598,0.435031,85.3938
3,32,2.82298,0.347373,2.40204,5.00132,19.8807,983.622,0.439674,85.2612
4,32,2.82596,0.33923,2.33604,4.93063,20.3644,982.139,0.433282,85.0421
5,32,2.81745,0.302606,2.30386,5.05114,20.0688,986.972,0.43806,85.074
6,32,2.81877,0.307275,2.32985,4.95641,20.3241,983.631,0.434983,85.3903
7,32,2.82049,0.348024,2.33691,5.01637,20.3616,978.441,0.432795,85.1977
8,32,2.81643,0.314751,2.31704,4.96011,20.1607,985.059,0.437269,84.8565
9,32,2.81929,0.332722,2.35656,4.96925,19.9109,982.838,0.43388,85.104
10,32,2.82152,0.33079,2.3511,4.99942,20.4749,984.459,0.432188,85.3075
1,33,2.81962,0.826142,2.38021,5.08234,19.924,981.296,0.442078,84.9799
2,33,2.82133,0.7758,2.30994,4.94253,19.7532,982.68,0.437992,84.972
3,33,2.80214,0.783793,2.33741,4.91355,19.7087,984.962,0.44247,85.0122
4,33,2.81915,0.76622,2.32478,4.92833,20.4773,982.796,0.43952,85.5496
5,33,2.80697,0.764423,2.31674,4.91375,20.147,983.537,0.440817,84.901
6,33,2.82589,0.805582,2.33705,4.92115,20.1898,985.716,0.435449,84.7993
7,33,2.80277,0.765043,2.35854,4.96914,19.6433,987.225,0.436901,85.0887
8,33,2.8078,0.761993,2.38176,4.9761,19.9944,982.207,0.437111,85.1905
9,33,2.81978,0.769507,2.32817,5.03317,19.7343,983.917,0.430903,84.694
10,33,2.82199,0.823793,2.35759,5.03379,19.9158,985.668,0.441967,85.3669
1,34,2.83177,0.947833,2.34042,5.02129,20.1684,980.522,0.435304,84.8894
2,34,2.8088,0.915452,2.32249,4.90577,20.0918,983.011,0.435551,84.9275
3,34,2.82102,0.947661,2.33165,4.96032,20.4382,981.334,0.434117,85.2529
4,34,2.81756,0.946273,2.32123,4.96929,20.1523,986.001,0.431915,85.0187
5,34,2.81731,0.93188,2.31782,5.03769,20.1709,983.155,0.436749,84.9582
6,34,2.81431,0.955123,2.34769,4.98262,20.6771,980.097,0.436934,85.1326
7,34,2.82956,0.975342,2.34006,4.97239,20.3749,982.705,0.436477,84.8083
8,34,2.81231,0.920831,2.31046,4.93255,20.0815,983.923,0.438186,84.7537
9,34,2.8156,0.903043,2.36249,4.95346,20.4469,982.881,0.438326,85.0432
10,34,2.82378,0.952643,2.3356,4.93379,20.2603,982.266,0.435891,85.155
1,35,2.815,0.48124,2.32526,4.9555,19.6875,986.882,0.439456,85.6394
2,35,2.81424,0.527699,2.32388,5.0259,19.8542,987.812,0.437745,85.1495
3,35,2.81711,0.496309,2.31479,5.00794,20.3738,985.919,0.438929,85.2526
4,35,2.82001,0.488236,2.3345,4.98614,20.31,982.789,0.436991,84.9641
5,35,2.81561,0.491366,2.33231,4.96231,20.162,986.103,0.438448,84.9026
6,35,2.83363,0.488858,2.3265,4.93308,20.1211,983.812,0.43975,85.0864
7,35,2.81993,0.508204,2.32152,4.95784,20.2735,980.814,0.437557,85.8424
8,35,2.81897,0.499532,2.32898,4.97153,20.0012,985.508,0.436223,85.0207
9,35,2.82226,0.482237,2.31478,5.00241,20.2208,986.759,0.434184,85.2085
10,35,2.82194,0.478329,2.34166,4.87574,20.1395,984.842,0.43549,84.9308
1,36,2.81928,0.409804,2.34288,4.86495,20.0527,983.487,0.432801,85.2877
2,36,2.83021,0.406185,2.35706,4.9741,20.0706,979.313,0.436007,85.0954
3,36,2.8081,0.405105,2.35374,4.84121,20.2652,985.4,0.434784,85.3035
4,36,2.82052,0.395698,2.34305,4.88793,20.2756,983.505,0.437286,85.3698
5,36,2.81448,0.406234,2.35202,4.9758,20.2089,979.934,0.434378,85.5958
6,36,2.80859,0.411619,2.35082,4.90972,20.3222,983.246,0.435594,85.3479
7,36,2.81218,0.417296,2.33746,4.92484,20.3602,982.401,0.437969,85.2795
8,36,2.80703,0.413183,2.35818,4.89634,19.8698,983.214,0.435364,85.1708
9,36,2.8352,0.41313,2.37089,5.0219,20.0582,982.98,0.431971,84.9406
10,36,2.81129,0.403527,2.35508,4.86417,20.1123,982.641,0.435012,85.421
1,37,2.83043,0.571546,2.34066,4.83705,20.2927,984.835,0.436169,85.0161
2,37,2.83148,0.565506,2.35892,4.9891,19.96,984.148,0.440178,84.9375
3,37,2.81508,0.58234,2.34075,5.01348,20.5813,982.864,0.434341,85.0668
4,37,2.80668,0.595345,2.37651,4.87232,20.0675,983.673,0.435585,85.0534
5,37,2.82457,0.554578,2.34299,4.95579,20.6778,982.411,0.436351,84.9469
6,37,2.82696,0.626916,2.33708,5.01685,20.3099,981.404,0.434271,84.7233
7,37,2.7994,0.562383,2.35508,4.84538,19.9046,984.18,0.437287,85.1233
8,37,2.83252,0.599834,2.33957,4.95943,20.2393,984.476,0.436596,85.4601
9,37,2.82572,0.566789,2.34692,4.9874,20.1663,984.392,0.434303,84.9473
10,37,2.83483,0.551041,2.32022,4.94943,20.4316,983.897,0.435894,85.1391
1,38,2.81882,0.487068,2.36489,4.88618,19.8323,981.901,0.435921,84.9421
2,38,2.79844,0.502694,2.36699,4.94019,20.0933,985.054,0.436933,84.9779
3,38,2.81012,0.498608,2.36889,4.86315,20.0756,984.82,0.437431,85.0675
4,38,2.81802,0.46739,2.31326,4.89607,20.0115,981.392,0.437721,85.0615
5,38,2.80922,0.506747,2.36999,4.98735,19.5989,981.71,0.439889,84.8678
6,38,2.81666,0.531702,2.34941,4.97952,19.9846,981.636,0.4359,85.0407
7,38,2.82198,0.509871,2.345,4.88299,20.3845,982.268,0.433584,84.9618
8,38,2.81653,0.509985,2.35678,4.94088,20.2359,986.808,0.437334,84.8115
9,38,2.81495,0.530097,2.40333,4.87041,19.9363,981.949,0.436794,85.0296
10,38,2.81323,0.518647,2.36173,4.91068,20.2598,983.946,0.437384,85.4363
1,39,2.82909,0.627013,2.35155,4.8991,20.0955,985.742,0.433251,84.9527
2,39,2.83977,0.59433,2.31096,5.03079,20.2073,983.527,0.435234,85.2999
3,39,2.82227,0.617715,2.34105,4.93526,20.4676,981.305,0.433862,85.2958
4,39,2.81664,0.597822,2.32459,4.99002,20.1784,982.254,0.444266,85.1305
5,39,2.83152,0.560325,2.34263,4.95342,20.2018,988.086,0.437351,85.1216
6,39,2.81972,0.599399,2.32277,4.89275,20.0003,986.169,0.434185,84.9427
7,39,2.81516,0.60916,2.29643,4.93332,20.0406,983.992,0.437551,85.1463
8,39,2.82784,0.578052,2.33842,5.0419,19.6359,986.17,0.437122,85.0543
9,39,2.82396,0.608023,2.31804,5.03017,20.0257,983.388,0.435316,85.3495
10,39,2.82164,0.593846,2.31967,4.92398,20.2446,983.303,0.437833,85.1854
1,40,2.81224,1.05691,2.34346,4.96819,20.4062,984.233,0.437498,85.0744
2,40,2.81729,1.09265,2.32515,4.90927,20.1505,983.249,0.435777,85.0306
3,40,2.8079,1.12597,2.36549,4.93725,19.8838,984.433,0.435397,84.8656
4,40,2.81829,1.05971,2.37953,4.94861,20.6742,985.131,0.434092,85.0373
5,40,2.81703,1.05816,2.34319,4.88807,20.2632,982.927,0.437707,85.1581
6,40,2.82325,1.09014,2.3663,4.96484,20.1154,985.921,0.437661,85.1059
7,40,2.82581,1.12152,2.30578,4.91153,20.2119,981.609,0.439403,85.3123
8,40,2.80359,1.08137,2.37572,4.99897,19.997,985.895,0.435005,85.2704
9,40,2.82723,1.09214,2.35897,4.96991,20.0595,988.219,0.434021,85.1844
10,40,2.81674,1.08998,2.34566,4.90515,19.7926,982.307,0.435814,84.5799
1,41,2.82499,0.803379,2.37625,4.93673,20.1272,984.641,0.432319,85.2261
2,41,2.81901,0.735431,2.34418,4.87955,20.3475,985.413,0.43489,85.218
3,41,2.80938,0.761666,2.36809,4.92375,20.56,983.901,0.434221,85.181
4,41,2.82088,0.711652,2.31125,5.00283,20.1928,983.293,0.435706,84.9338
5,41,2.81305,0.762251,2.36908,4.92499,20.257,982.072,0.436945,85.01
6,41,2.81634,0.727816,2.35536,4.86483,19.9229,982.523,0.442211,84.9611
7,41,2.81084,0.746842,2.37004,4.97101,20.1352,983.126,0.439543,85.0738
8,41,2.82197,0.780074,2.3407,4.98258,20.1533,982.979,0.438014,85.1251
9,41,2.81525,0.747908,2.34189,5.07112,19.9442,980.032,0.43798,84.7676
10,41,2.81912,0.753702,2.34431,4.94064,20.2611,981.771,0.439337,85.1126
1,42,2.81708,0.797461,2.34809,5.05798,19.7391,984.479,0.437165,85.0724
2,42,2.83195,0.810864,2.33335,4.81706,20.0022,984.118,0.434666,85.1125
3,42,2.8338,0.742274,2.32157,4.99312,19.7735,984.595,0.433047,85.3651
4,42,2.82037,0.764933,2.30971,4.8093,19.8948,984.593,0.435134,84.937
5,42,2.81441,0.826145,2.34395,4.94333,19.5809,981.455,0.437829,84.8183
6,42,2.81596,0.78497,2.35707,5.01145,20.0248,985.322,0.437407,85.4386
7,42,2.81858,0.780554,2.39215,4.89157,20.4673,982.687,0.434904,85.133
8,42,2.82039,0.725068,2.34801,4.91695,20.0378,984.261,0.435553,84.9712
9,42,2.80983,0.706716,2.34878,4.8772,20.0277,983.037,0.435241,85.2169
10,42,2.82965,0.771319,2.35238,4.85906,19.8995,981.623,0.435375,85.1992
1,43,2.81974,0.547849,2.30761,5.05901,20.1732,983.272,0.43722,84.9308
2,43,2.81278,0.566369,2.34661,4.87303,19.9149,984.633,0.436388,85.147
3,43,2.81459,0.54869,2.34815,4.91549,19.9012,985.464,0.436479,85.1526
4,43,2.82769,0.548028,2.36742,4.88311,19.9109,983.988,0.439001,85.248
5,43,2.82527,0.559319,2.35207,4.95235,20.0734,982.68,0.438063,84.9891
6,43,2.83156,0.561606,2.35307,4.90412,20.299,983.738,0.435458,85.2512
7,43,2.83414,0.586733,2.34864,4.94712,20.212,984.718,0.437983,85.0563
8,43,2.8232,0.568615,2.37096,4.9036,20.1021,984.161,0.435851,84.9854
9,43,2.82385,0.553027,2.32274,4.90589,19.7958,984.12,0.437161,84.9599
10,43,2.8029,0.552591,2.36255,4.94016,20.3087,985.15,0.434398,84.8273
1,44,2.81756,0.773857,2.34827,4.8911,19.4699,988.176,0.435053,85.0284
2,44,2.82009,0.793521,2.37527,5.03359,20.1547,986.167,0.432071,85.1947
3,44,2.81307,0.769106,2.33628,4.99146,19.587,984.915,0.431883,85.3978
4,44,2.82805,0.829038,2.39553,4.91456,19.9401,984.56,0.436161,85.027
5,44,2.80975,0.798087,2.36134,4.87524,20.0793,984.153,0.435908,85.2497
6,44,2.81351,0.771896,2.32709,4.90334,20.0675,980.73,0.433828,84.9556
7,44,2.81647,0.787465,2.37089,4.9301,20.2262,984.713,0.432866,85.4825
8,44,2.83372,0.789031,2.37612,4.96821,19.7615,984.464,0.436001,85.1877
9,44,2.82437,0.775835,2.30753,4.89849,19.6918,985.575,0.435608,85.3559
10,44,2.82137,0.813263,2.3294,4.95329,20.066,984.183,0.433941,84.9977
1,45,2.82684,0.508416,2.33963,4.89826,20.3651,983.392,0.442052,85.4587
2,45,2.81773,0.45904,2.35836,4.88684,20.3249,984.819,0.435585,84.7526
3,45,2.82601,0.480939,2.31857,4.87904,19.9948,982.376,0.434671,84.9145
4,45,2.82077,0.510583,2.32278,4.92299,20.0733,984.146,0.438488,85.286
5,45,2.81972,0.479563,2.34219,4.8677,19.8402,979.773,0.437843,85.0269
6,45,2.82,0.504553,2.35478,4.93853,20.3058,979.53,0.437962,85.1332
7,45,2.82174,0.532115,2.35419,4.94485,20.2109,986.644,0.437921,84.8138
8,45,2.82436,0.482358,2.35449,4.88959,19.822,984.355,0.438498,85.0539
9,45,2.82661,0.506932,2.35135,4.88771,20.1391,982.755,0.437462,84.9301
10,45,2.80797,0.480499,2.32857,4.98325,19.9463,980.652,0.440104,85.047
