rep,id,Cl,V1,Q,V2,S,R0,gamma,MTT
1,1,2.80677,0.408943,2.30924,4.90338,19.8322,984.146,0.436177,85.4268
2,1,2.82771,0.41672,2.33574,4.8148,20.0222,980.032,0.43844,84.9928
3,1,2.82243,0.368589,2.35119,4.88363,19.8057,982.008,0.437928,85.0699
4,1,2.82124,0.409817,2.30555,4.92888,20.2265,982.124,0.434243,85.1249
5,1,2.81674,0.388775,2.34595,4.97577,20.0825,979.659,0.437353,85.1154
6,1,2.8227,0.385021,2.32351,4.84745,20.1759,986.062,0.437906,85.0192
7,1,2.81425,0.392646,2.34232,4.97538,20.0911,983.855,0.437948,84.6636
8,1,2.82137,0.419684,2.36414,4.97146,20.0914,981.753,0.431307,85.0877
9,1,2.81016,0.401779,2.33486,4.96021,20.0961,980.922,0.441221,85.2418
10,1,2.81375,0.387626,2.36287,5.03216,20.0598,984.347,0.438553,84.9777
1,2,2.83454,0.531575,2.34612,5.00226,20.0939,984.474,0.4356,85.3745
2,2,2.81451,0.529907,2.32151,4.89449,19.7053,984.827,0.439452,85.263
3,2,2.81423,0.499565,2.33282,4.94487,20.2328,982.376,0.436889,85.2424
4,2,2.82907,0.494942,2.34049,4.88024,20.0333,983.871,0.440524,85.0226
5,2,2.82117,0.536384,2.37124,4.86207,20.2662,981.556,0.436964,85.3291
6,2,2.82411,0.54119,2.35136,5.04591,20.0996,981.968,0.435369,85.0969
7,2,2.81393,0.493282,2.37354,4.94412,20.1568,982.657,0.434441,85.1889
8,2,2.82104,0.551939,2.32993,4.91474,19.7735,982.179,0.438972,85.2074
9,2,2.8304,0.504876,2.35978,5.04393,20.2127,985.615,0.436649,85.1791
10,2,2.81641,0.547642,2.36191,4.93916,19.6899,982.902,0.434088,85.138
1,3,2.82641,1.00773,2.32416,4.90984,20.034,982.168,0.437516,85.2781
2,3,2.82214,0.982567,2.32027,4.89863,20.2148,986.431,0.438013,85.2892
3,3,2.82195,0.887651,2.32194,4.95883,19.8843,985.057,0.434612,84.9345
4,3,2.81344,0.937372,2.36007,4.94009,19.6762,983.661,0.436376,84.9695
5,3,2.81496,0.954148,2.34018,4.98392,20.0473,981.355,0.434546,85.1003
6,3,2.81334,0.999757,2.31198,5.01402,19.6571,981.824,0.437111,85.1315
7,3,2.81594,0.923289,2.32785,4.90044,19.8418,980.314,0.434003,85.1006
8,3,2.82838,0.92541,2.34956,4.84912,19.9522,981.472,0.434543,85.2391
9,3,2.82547,0.96707,2.34845,4.90277,20.1344,979.459,0.439328,85.2765
10,3,2.81251,0.905268,2.33108,4.97167,19.7716,981.101,0.437453,85.4486
1,4,2.82333,0.741489,2.34261,4.92154,19.8862,983.717,0.431508,85.0785
2,4,2.81199,0.733808,2.33125,5.10206,20.2942,983.663,0.437601,85.1479
3,4,2.8177,0.662576,2.3287,4.91796,20.0721,980.34,0.438856,85.1272
4,4,2.82088,0.729614,2.37334,4.92456,19.9521,985.234,0.434792,85.1136
5,4,2.82827,0.693242,2.32224,4.99991,20.1466,982.031,0.437094,84.9884
6,4,2.82304,0.695589,2.34084,4.8789,20.2234,983.986,0.439613,85.3708
7,4,2.81504,0.733565,2.33181,5.00158,19.8582,985.386,0.435498,85.4518
8,4,2.81525,0.682453,2.34364,4.93952,20.2002,982,0.434007,84.9925
9,4,2.81117,0.731663,2.32214,4.92621,20.3072,981.004,0.436289,85.0834
10,4,2.81353,0.664259,2.32279,4.92754,19.9918,985.882,0.437425,85.0654
1,5,2.82181,1.18499,2.34002,4.84109,20.2077,982.248,0.439338,84.9926
2,5,2.82281,1.10607,2.3307,4.93918,20.1798,985.19,0.439294,85.1843
3,5,2.8209,1.13942,2.30638,4.95572,19.8727,986.839,0.439185,85.3819
4,5,2.82077,1.11909,2.35916,4.95156,20.0678,983.497,0.436257,85.179
5,5,2.82458,1.13903,2.36678,4.95448,19.831,983.641,0.441387,85.1077
6,5,2.81565,1.15602,2.35809,4.91854,20.2291,983.687,0.43705,85.1255
7,5,2.82713,1.18761,2.33297,4.78423,20.197,982.654,0.435958,85.3176
8,5,2.82154,1.15413,2.32516,4.93334,20.1693,986.583,0.43542,85.1488
9,5,2.81385,1.15323,2.37391,5.02832,20.4833,987.748,0.440031,85.3853
10,5,2.82686,1.16715,2.36605,4.91804,19.8502,985.545,0.434551,85.2146
1,6,2.82447,1.05679,2.36115,4.9336,20.2453,984.633,0.43575,85.0986
2,6,2.81649,1.0151,2.3561,4.83757,19.9155,984.003,0.435702,84.9341
3,6,2.81644,0.99309,2.32572,4.93906,20.0768,980.594,0.438782,85.3574
4,6,2.82332,1.01065,2.38482,4.98614,19.7071,983.978,0.434471,85.2716
5,6,2.82265,1.05661,2.34321,4.91327,19.8108,981.207,0.436324,85.3613
6,6,2.81309,1.0148,2.36239,4.93122,20.0664,982.58,0.436898,84.9573
7,6,2.82252,0.914807,2.33773,4.80742,19.7866,981.776,0.440756,85.1879
8,6,2.81872,1.07095,2.36603,5.0036,19.5818,982.276,0.436688,85.2363
9,6,2.82183,1.00462,2.32469,5.02372,20.0396,986.15,0.437107,84.902
10,6,2.81388,1.01736,2.3608,4.89934,19.9851,981.141,0.436065,85.2861
1,7,2.83025,0.755395,2.32154,4.96396,20.2295,982.982,0.437472,85.2009
2,7,2.81542,0.686508,2.34297,4.94219,20.2459,983.008,0.440056,85.2402
3,7,2.83185,0.749016,2.31665,5.00937,19.9149,985.122,0.433007,84.902
4,7,2.82211,0.717927,2.3582,4.91615,20.5622,982.913,0.43534,85.0801
5,7,2.82332,0.71508,2.30203,5.0148,20.1454,981.281,0.436522,85.0837
6,7,2.82244,0.750454,2.341,4.99009,20.1206,984.467,0.431737,85.1084
7,7,2.82694,0.764423,2.3463,4.9362,19.868,985.568,0.439492,85.1916
8,7,2.81479,0.703334,2.33226,4.95481,20.275,982.607,0.438677,85.2273
9,7,2.81278,0.719598,2.29224,4.99408,19.6895,981.519,0.438889,85.1692
10,7,2.81215,0.734655,2.30767,5.00308,20.0033,983.587,0.43917,85.1247
1,8,2.82053,1.01902,2.34738,4.99368,20.0633,983.752,0.436679,85.3012
2,8,2.81681,0.99906,2.3302,4.9577,19.5974,983.064,0.438383,85.2458
3,8,2.81805,0.960826,2.36711,5.01827,20.1197,982.748,0.439991,85.1107
4,8,2.81447,0.99124,2.344,4.93298,20.2038,981.527,0.438706,85.1604
5,8,2.8166,1.02795,2.36014,5.01069,19.8972,983.662,0.437567,85.1626
6,8,2.81585,1.02418,2.34155,4.94551,20.4565,982.953,0.435511,85.1124
7,8,2.81929,0.994404,2.35539,4.9684,19.7042,983.155,0.438592,84.9281
8,8,2.81912,1.00624,2.32919,4.901,20.0868,983.833,0.436029,85.3505
9,8,2.81081,1.00478,2.31708,4.95544,20.0132,985.641,0.435932,84.9405
10,8,2.81959,0.996927,2.34201,4.93656,20.0285,983.366,0.436425,84.9162
1,9,2.81859,0.884448,2.37593,4.86917,20.0538,981.406,0.431338,85.1548
2,9,2.82025,0.862786,2.34974,4.98196,20.4216,981.922,0.43752,85.2078
3,9,2.8261,0.892346,2.33536,4.82516,19.8374,980.308,0.435982,85.2605
4,9,2.82342,0.922466,2.32967,4.90682,20.4172,983.991,0.438456,85.3813
5,9,2.82532,0.824606,2.34027,4.85571,20.0333,981.286,0.436568,85.2726
6,9,2.8213,0.902427,2.35239,4.90868,20.0627,980.299,0.437349,85.1132
7,9,2.82307,0.880809,2.32858,4.98032,20.2864,981.814,0.438649,85.2214
8,9,2.81917,0.901747,2.37492,4.96698,19.8764,981.408,0.438316,85.0288
9,9,2.82045,0.95559,2.33023,4.94132,19.9476,987.119,0.43625,85.1444
10,9,2.82663,0.9169,2.3372,4.91025,20.041,980.395,0.436841,85.1841
1,10,2.81513,0.973099,2.35007,4.96607,20.0173,980.331,0.432173,85.1371
2,10,2.82397,0.909467,2.36877,4.78351,20.0806,984.628,0.435143,85.2896
3,10,2.81896,0.972135,2.31369,4.92358,20.0636,985.333,0.4378,85.0101
4,10,2.82111,0.938885,2.3492,4.90812,19.7496,986.709,0.439215,85.0723
5,10,2.83103,0.980556,2.37551,4.90158,19.8725,985.169,0.43297,84.9631
6,10,2.82063,0.963232,2.3489,4.96767,19.9722,981.546,0.43623,85.1948
7,10,2.82043,0.929997,2.37316,4.88096,20.0387,985.005,0.435674,85.2945
8,10,2.80674,0.91568,2.35242,4.95117,19.8882,985.394,0.436826,85.1301
9,10,2.81794,0.904517,2.3409,4.96674,19.8206,985.214,0.434482,85.2477
10,10,2.81312,0.921769,2.34787,4.9185,20.0051,984.713,0.436187,85.1006
1,11,2.81877,1.23465,2.34266,4.89758,20.1247,985.288,0.437711,85.1379
2,11,2.81474,1.37161,2.34541,5.01873,20.1923,981.584,0.435185,85.3366
3,11,2.81533,1.34295,2.35598,4.91689,20.0508,983.164,0.437834,85.1293
4,11,2.8241,1.37329,2.31197,4.96046,20.1423,980.899,0.441738,84.9852
5,11,2.82408,1.40505,2.39215,4.96805,20.0491,980.946,0.434297,84.9116
6,11,2.81013,1.31168,2.33803,5.02442,19.9453,980.751,0.438034,85.2111
7,11,2.82118,1.31089,2.34982,4.91576,20.2481,982.592,0.437418,84.9297
8,11,2.82175,1.27978,2.34193,5.04285,20.3177,980.661,0.43659,85.2617
9,11,2.81373,1.35592,2.36169,4.88908,19.8535,983.476,0.435568,85.1637
10,11,2.82564,1.42285,2.32698,5.02823,20.0338,986.325,0.439187,85.3195
1,12,2.81883,0.562513,2.35975,4.96778,20.0016,985.89,0.439493,85.0881
2,12,2.8033,0.563974,2.32903,4.93675,19.8132,985.415,0.438458,85.1267
3,12,2.81481,0.548635,2.31414,4.91707,20.1406,985.559,0.438013,85.1843
4,12,2.82444,0.571534,2.33469,5.0135,20.2929,981.709,0.435398,85.0966
5,12,2.8229,0.556755,2.33442,4.8864,20.1242,983.302,0.443669,85.0053
6,12,2.82808,0.592045,2.36381,4.88488,20.1148,981.19,0.438547,84.9824
7,12,2.81807,0.618737,2.3397,4.95792,20.0822,980.559,0.437237,85.0634
8,12,2.82319,0.567078,2.34876,4.9205,20.1611,984.636,0.441396,84.9471
9,12,2.82061,0.558389,2.38798,4.96147,19.964,984.946,0.439206,84.9985
10,12,2.81384,0.602582,2.34347,4.93576,20.2438,985.992,0.437151,85.1769
1,13,2.81469,0.583886,2.34153,5.00569,20.0652,981.36,0.438581,85.2016
2,13,2.80813,0.578703,2.33436,4.93202,20.3468,985.306,0.437184,85.1782
3,13,2.82427,0.570048,2.34407,5.04828,20.1426,982.358,0.43866,85.3285
4,13,2.81393,0.596024,2.33086,4.95847,20.1542,984.987,0.436415,85.1231
5,13,2.83252,0.59165,2.3561,4.9331,20.1312,985.904,0.437699,85.2016
6,13,2.82178,0.562637,2.35406,4.8938,20.1083,981.783,0.433151,85.1099
7,13,2.81776,0.583893,2.36076,5.0583,19.8252,984.282,0.433987,85.2009
8,13,2.81296,0.605362,2.35287,5.05158,19.9957,984.138,0.43772,85.1745
9,13,2.82133,0.524271,2.36748,5.00318,19.73,987.005,0.439203,85.4497
10,13,2.81567,0.584529,2.34444,4.97644,20.3698,986.233,0.439826,85.2653
1,14,2.81621,0.622941,2.31328,4.94852,20.0162,987.384,0.438158,84.9461
2,14,2.82157,0.659444,2.35497,4.93741,19.8859,984.382,0.435892,85.229
3,14,2.81741,0.641146,2.34016,4.98132,19.9991,982.517,0.442013,85.1018
4,14,2.82145,0.692206,2.32428,4.97284,19.729,981.575,0.433265,85.4483
5,14,2.81845,0.631083,2.35749,4.98192,19.9165,984.778,0.437936,85.1601
6,14,2.81383,0.647564,2.34077,4.94262,20.2781,984.558,0.434455,85.068
7,14,2.81484,0.653994,2.35723,4.94504,20.0035,983.549,0.432972,85.0658
8,14,2.81745,0.598798,2.36682,4.96739,20.1654,984.573,0.439734,85.4002
9,14,2.82855,0.62395,2.33408,4.87732,20.0531,982.954,0.437577,85.2481
10,14,2.80985,0.650539,2.31962,4.95576,20.0911,985.231,0.435874,85.1546
1,15,2.82221,0.654845,2.33046,4.98373,19.9588,982.724,0.435968,85.1989
2,15,2.81561,0.6421,2.29357,4.93369,20.3818,982.881,0.437008,84.8119
3,15,2.81833,0.695806,2.33205,4.90215,20.0873,982.41,0.434174,85.1723
4,15,2.82108,0.65645,2.39739,4.91195,19.8851,985.888,0.444572,85.1773
5,15,2.82119,0.636142,2.32906,4.90495,20.0046,980.436,0.438961,85.32
6,15,2.81569,0.611067,2.35986,4.93584,19.9683,983.669,0.43819,84.865
7,15,2.8175,0.634104,2.32938,4.88489,19.9002,984.872,0.436135,85.1756
8,15,2.81754,0.691967,2.33402,4.99882,19.916,985.138,0.438067,85.2153
9,15,2.80939,0.639534,2.3647,4.98744,20.3549,984.131,0.43715,85.1604
10,15,2.81864,0.654498,2.32753,4.86471,19.728,980.481,0.442541,85.1759
1,16,2.8194,0.621729,2.36211,4.91866,20.039,982.846,0.437405,85.1916
2,16,2.81151,0.600407,2.34067,5.0176,20.1102,982.529,0.440504,85.2624
3,16,2.80983,0.646539,2.30502,4.93433,20.0566,983.546,0.434765,85.1891
4,16,2.82098,0.632377,2.29949,4.92586,19.9073,982.3,0.43312,85.2489
5,16,2.82097,0.625605,2.34276,4.98303,19.7926,981.74,0.43453,85.3138
6,16,2.81974,0.601997,2.38244,4.9227,20.0564,985.794,0.437516,85.3666
7,16,2.81418,0.630242,2.31218,4.92411,20.141,984.12,0.439597,85.29
8,16,2.82464,0.626836,2.33286,5.00058,20.0741,986.375,0.436402,85.2503
9,16,2.81579,0.625608,2.321,5.03351,19.8781,983.87,0.435874,85.1648
10,16,2.81719,0.624997,2.33464,5.04412,19.9834,982.54,0.441089,85.1293
1,17,2.81098,0.477434,2.35066,4.92115,20.122,980.697,0.441831,85.0776
2,17,2.80792,0.491239,2.33145,4.84291,20.1482,981.049,0.439796,85.2679
3,17,2.81944,0.522981,2.34919,4.91297,19.7588,986.945,0.438583,84.9987
4,17,2.81762,0.493765,2.35108,4.87005,19.9854,983.778,0.434923,84.9357
5,17,2.81558,0.483491,2.3414,4.89126,20.1229,983.134,0.437856,85.0956
6,17,2.80614,0.512627,2.38325,4.90643,19.9259,982.403,0.437942,84.9729
7,17,2.81966,0.47567,2.36606,4.95833,20.1711,984.841,0.4348,85.045
8,17,2.81372,0.497235,2.33172,4.89666,19.8699,980.509,0.438091,85.1707
9,17,2.82539,0.506244,2.35495,4.98528,20.0483,984.097,0.43822,85.2784
10,17,2.82223,0.493894,2.34401,4.93742,20.3629,980.281,0.435074,84.8276
1,18,2.81579,0.633748,2.35168,4.92409,20.1951,978.76,0.436296,85.2361
2,18,2.81335,0.611835,2.35027,4.97298,20.1666,983.717,0.438273,85.3021
3,18,2.81762,0.628328,2.35633,4.93201,20.2499,983.134,0.43799,85.2162
4,18,2.81392,0.616742,2.36215,4.99939,20.027,981.939,0.437572,85.1587
5,18,2.82089,0.628927,2.3637,5.02818,20.1133,984.145,0.435315,85.1031
6,18,2.80793,0.610145,2.36679,4.96702,20.3515,984.078,0.436841,85.2315
7,18,2.81686,0.612586,2.36699,5.00939,19.9297,983.97,0.439051,85.1527
8,18,2.82044,0.631944,2.32963,4.96936,20.0084,983.415,0.437279,85.167
9,18,2.82311,0.610091,2.33552,4.84401,19.926,983.731,0.436341,84.995
10,18,2.81912,0.62067,2.35485,4.9354,20.0258,983.439,0.432843,85.1321
1,19,2.81851,0.975011,2.34026,4.91287,20.0926,981.247,0.437026,85.4146
2,19,2.82436,0.95105,2.32774,4.9373,19.8564,981.3,0.43639,85.3074
3,19,2.82216,1.01981,2.31946,4.92297,19.9364,979.635,0.43738,85.1732
4,19,2.82673,0.999298,2.36159,4.95199,19.9409,983.272,0.434876,85.137
5,19,2.81971,0.891599,2.34159,4.9525,20.1006,986.741,0.437686,85.1381
6,19,2.81553,0.887747,2.34701,4.83644,20.2129,982.053,0.434578,85.3865
7,19,2.81685,0.938811,2.32331,4.91977,19.9027,983.756,0.435972,84.9537
8,19,2.82356,0.95864,2.31332,4.94625,19.9461,978.831,0.434074,85.1631
9,19,2.82267,0.952575,2.35312,4.84894,19.9662,982.854,0.433899,85.4379
10,19,2.81799,0.970079,2.3534,4.93926,19.8974,981.936,0.43464,85.1297
1,20,2.80765,0.484354,2.32762,5.04349,20.1913,982.517,0.436001,85.1269
2,20,2.82469,0.482174,2.3413,4.96159,19.9799,985.105,0.436549,85.2141
3,20,2.81822,0.506454,2.34033,4.96341,19.8998,978.745,0.44057,84.9239
4,20,2.81436,0.509485,2.35035,5.09353,20.0301,979.173,0.439072,85.2117
5,20,2.81562,0.508549,2.34524,4.98918,20.224,981.598,0.433344,85.4183
6,20,2.82492,0.461682,2.36818,5.01485,20.0601,981.569,0.432406,85.2278
7,20,2.81029,0.459164,2.34282,4.97099,19.9275,984.801,0.436805,84.9891
8,20,2.8123,0.464308,2.33768,5.06412,20.2639,981.751,0.440785,85.0779
9,20,2.82165,0.489707,2.36329,4.99093,20.1059,984.503,0.436723,85.4056
10,20,2.81074,0.461709,2.36598,5.0473,20.1102,986.415,0.436005,85.2168
1,21,2.82206,0.81492,2.2927,5.02558,19.8691,984.338,0.439546,84.9672
2,21,2.81774,0.744882,2.34593,5.01326,19.9547,983.509,0.433109,85.2995
3,21,2.81591,0.764143,2.31407,4.94478,19.9626,983.454,0.437929,85.3414
4,21,2.83163,0.746523,2.34583,4.91754,20.2582,984.181,0.437761,85.1177
5,21,2.82466,0.765602,2.34014,4.9428,20.3359,984.503,0.437232,85.1576
6,21,2.82029,0.752676,2.34998,5.01205,20.3385,985.56,0.439675,85.4301
7,21,2.81448,0.740689,2.3536,4.88692,20.1111,982.671,0.438163,85.2299
8,21,2.81878,0.707848,2.30961,4.9299,19.954,983.944,0.436411,85.476
9,21,2.82839,0.729118,2.32967,4.98331,20.0637,982.158,0.434043,85.1851
10,21,2.8295,0.73118,2.3525,4.9945,19.9857,986.376,0.436601,84.9987
1,22,2.81147,0.479229,2.36082,4.94149,19.8135,982.9,0.441807,85.0799
2,22,2.82094,0.467931,2.33165,4.9699,19.7916,984.288,0.436115,85.1317
3,22,2.81668,0.491051,2.35532,4.92932,19.982,984.428,0.438819,85.1555
4,22,2.80765,0.460666,2.39691,4.96848,19.8104,985.381,0.435149,85.0952
5,22,2.81384,0.466811,2.35938,4.92881,19.6934,981.308,0.439038,85.2439
6,22,2.81733,0.461019,2.34488,4.99871,20.0407,982.945,0.433271,84.989
7,22,2.82799,0.447093,2.33562,4.9558,19.9637,983.25,0.437893,85.1415
8,22,2.82388,0.505258,2.36519,4.92567,20.1144,981.498,0.437444,85.0294
9,22,2.81976,0.450457,2.36686,4.91238,19.8109,985.346,0.44206,85.06
10,22,2.81662,0.513034,2.34859,5.02473,19.9945,984.92,0.43712,85.1173
1,23,2.82656,1.23528,2.35144,4.97269,19.8515,979.949,0.437531,84.9507
2,23,2.81875,1.26616,2.35251,4.93359,20.1943,982.002,0.438225,85.2377
3,23,2.82788,1.22616,2.34804,4.90286,20.0703,979.628,0.437265,85.1685
4,23,2.83196,1.19748,2.33833,4.97605,19.7794,980.177,0.438734,85.1413
5,23,2.82598,1.22362,2.35285,4.90019,20.1832,981.059,0.439645,85.3059
6,23,2.81631,1.19195,2.34792,4.98965,20.0791,982.351,0.438279,84.9906
7,23,2.81679,1.1475,2.38419,4.9144,19.9215,985.312,0.439473,85.0465
8,23,2.82717,1.21873,2.35427,5.05139,20.1122,984.186,0.438554,85.093
9,23,2.81322,1.2506,2.31385,4.95733,20.2548,981.734,0.43851,85.0787
10,23,2.82203,1.1811,2.3403,4.9576,20.3155,980.55,0.438301,85.1253
1,24,2.81834,0.77139,2.31174,4.90975,19.9472,980.084,0.440672,85.0305
2,24,2.81612,0.777253,2.30668,4.92485,20.0713,985.151,0.438362,85.0689
3,24,2.81555,0.777762,2.34697,4.95029,20.1476,985.178,0.437645,84.8896
4,24,2.81349,0.743593,2.31278,4.9476,20.1626,983.684,0.437784,85.1419
5,24,2.8211,0.753954,2.34653,4.92031,20.1947,984.602,0.435185,84.9174
6,24,2.82134,0.765861,2.33252,4.84863,20.1036,984.234,0.436057,85.0162
7,24,2.82141,0.733263,2.33616,4.95961,19.9216,980.314,0.43957,85.2637
8,24,2.82106,0.769309,2.32886,4.99986,19.9589,985.554,0.43446,85.0508
9,24,2.82124,0.750671,2.32243,5.02585,19.9364,979.487,0.440428,85.0432
10,24,2.81851,0.75092,2.34467,4.97258,19.8885,984.907,0.436912,84.963
1,25,2.81569,0.649393,2.3208,4.88198,20.2972,983.62,0.441349,85.1976
2,25,2.82612,0.644237,2.32122,4.94813,20.2262,980.717,0.442138,85.2701
3,25,2.8228,0.686028,2.29439,4.99559,20.0498,983.999,0.438537,84.9899
4,25,2.81608,0.649848,2.33252,4.91763,20.3668,985.213,0.439976,85.0302
5,25,2.81337,0.636241,2.30679,4.94904,19.8219,983.529,0.434589,85.2843
6,25,2.82789,0.655889,2.36114,5.0639,19.9789,980.768,0.439219,85.0699
7,25,2.82053,0.658278,2.3548,4.95227,20.1919,984.277,0.44207,85.0434
8,25,2.81776,0.659831,2.3437,4.99985,20.1692,984.381,0.43923,85.1505
9,25,2.82608,0.646568,2.32474,4.95095,20.0376,981.794,0.439795,85.2366
10,25,2.82607,0.650565,2.2978,4.97375,20.0893,982.848,0.437677,85.0563
1,26,2.81437,0.537721,2.33878,4.82488,20.0183,982.385,0.437834,85.2321
2,26,2.81267,0.547412,2.3504,4.97292,19.887,980.733,0.436427,85.1013
3,26,2.81748,0.541131,2.35095,4.91452,19.9004,982.655,0.436974,85.1748
4,26,2.81433,0.509169,2.33444,4.92954,19.8059,982.048,0.440358,85.3378
5,26,2.81471,0.544966,2.31689,4.96379,20.3546,981.776,0.434219,85.2583
6,26,2.80872,0.536738,2.35556,4.92804,19.5921,986.056,0.440411,85.1649
7,26,2.82143,0.539018,2.3343,4.97475,20.1433,984.487,0.438675,84.9523
8,26,2.81717,0.511679,2.34234,4.97917,20.1827,983.003,0.437605,85.03
9,26,2.82672,0.539964,2.33273,5.03237,20.2011,984.155,0.435586,85.0862
10,26,2.81916,0.533982,2.34505,4.97978,19.9478,984.023,0.435332,84.9143
1,27,2.82668,0.61409,2.34814,5.04251,20.0781,981.701,0.439188,85.116
2,27,2.82358,0.573994,2.34842,4.97507,20.3101,981.044,0.437154,85.3238
3,27,2.80768,0.62163,2.3342,5.02735,19.9796,982.399,0.43679,85.2494
4,27,2.82977,0.592684,2.33247,4.9211,19.8916,984.405,0.435871,85.1453
5,27,2.81697,0.587308,2.33528,4.87056,20.1424,983.34,0.437388,85.224
6,27,2.80665,0.577854,2.3071,5.06939,19.9661,979.818,0.43912,85.2169
7,27,2.82732,0.584479,2.37593,4.98363,19.8755,981.962,0.436059,85.1294
8,27,2.82845,0.583318,2.34252,5.04472,19.9227,982.215,0.436676,85.339
9,27,2.81816,0.578162,2.32664,4.97397,20.1851,981.063,0.436093,85.3056
10,27,2.81963,0.616152,2.3145,5.00056,19.9391,983.882,0.438637,85.1343
1,28,2.8244,0.98953,2.33264,5.03084,20.0505,986.433,0.434967,85.1133
2,28,2.82449,1.01245,2.29616,4.95367,19.9371,985.552,0.43426,85.2354
3,28,2.82188,0.92665,2.2999,4.91762,20.2931,983.137,0.435308,85.2791
4,28,2.81933,0.969923,2.30625,4.98969,19.8819,985.883,0.434495,85.1572
5,28,2.82098,0.973919,2.32832,5.08604,20.1482,981.456,0.435013,85.3276
6,28,2.81937,1.051,2.34627,5.11573,20.2675,985.153,0.437448,85.1597
7,28,2.8134,0.955245,2.30953,4.96702,20.0716,983.636,0.434207,85.4653
8,28,2.81929,0.952272,2.32245,4.89582,20.0132,982.765,0.43848,85.2908
9,28,2.82407,0.9689,2.34116,4.93475,20.1621,981.974,0.435428,85.1458
10,28,2.83118,1.00563,2.29255,5.05213,20.1581,985.35,0.437415,85.2402
1,29,2.81595,0.641999,2.33049,4.8232,19.9912,986.195,0.438129,84.9245
2,29,2.81823,0.639189,2.34038,4.97664,20.0152,984.978,0.440966,85.1894
3,29,2.81738,0.614476,2.32636,4.96176,19.8642,983.829,0.437084,85.0078
4,29,2.81519,0.623344,2.32914,4.86867,19.9195,982.93,0.438925,85.1773
5,29,2.82526,0.671926,2.34889,4.96211,20.2436,981.808,0.437743,85.1383
6,29,2.81901,0.632102,2.3495,5.02023,19.8424,983.635,0.436541,85.1197
7,29,2.81505,0.638569,2.34513,4.94581,20.0123,985.684,0.437711,85.2376
8,29,2.82151,0.613661,2.31844,4.97845,19.7877,981.901,0.438298,84.9641
9,29,2.8273,0.637607,2.32248,4.90289,19.7025,986.484,0.439698,84.624
10,29,2.8223,0.681526,2.32804,4.95551,20.2135,985.122,0.439339,85.0875
1,30,2.82557,1.06503,2.32134,4.93614,20.0171,981.635,0.435686,85.0013
2,30,2.81886,1.09264,2.33142,5.03865,20.2624,985.247,0.437069,85.1378
3,30,2.82212,1.10003,2.37182,4.93188,19.7908,985.265,0.436694,85.301
4,30,2.82758,1.12977,2.34161,4.87584,19.8663,984.626,0.435204,85.1613
5,30,2.81509,1.06187,2.30967,5.00383,20.1899,984.246,0.43634,85.2052
6,30,2.82937,1.03689,2.36026,4.80475,19.9184,981.617,0.438367,85.0822
7,30,2.81766,1.13173,2.30363,4.95696,20.1599,983.522,0.434029,85.1277
8,30,2.82508,1.11811,2.35649,4.90313,20.0409,984.007,0.43576,85.1668
9,30,2.81895,1.11663,2.33034,4.9978,19.9203,985.425,0.438589,85.2925
10,30,2.82202,1.06837,2.34364,4.91201,20.0457,981.388,0.438557,85.4476
1,31,2.81694,0.782637,2.32254,4.96075,20.2404,983.103,0.437459,85.3693
2,31,2.82042,0.802313,2.33208,4.91722,20.0873,980.985,0.437776,85.0513
3,31,2.81585,0.823661,2.3275,5.03195,20.0972,982.178,0.437753,85.0391
4,31,2.80916,0.796064,2.29738,4.94664,20.1149,980.841,0.435722,85.2192
5,31,2.81188,0.834998,2.34612,5.14697,19.8385,982.488,0.435932,85.2258
6,31,2.81691,0.805463,2.3231,5.03948,19.9074,982.733,0.438861,85.0161
7,31,2.81949,0.789666,2.34201,4.85834,20.1952,981.224,0.438487,85.163
8,31,2.82042,0.800663,2.3531,5.01493,19.9938,981.203,0.437977,85.1086
9,31,2.81645,0.804836,2.33499,5.00915,20.0671,983.221,0.438517,85.0289
10,31,2.81604,0.806097,2.35256,5.11483,20.136,979.407,0.438556,85.2256
1,32,2.81421,0.326407,2.33878,4.94433,20.1215,982.177,0.436112,85.011
2,32,2.81397,0.332353,2.33621,4.97081,19.8995,985.405,0.436077,85.3337
3,32,2.81758,0.345133,2.38644,5.03406,19.9949,983.144,0.439466,85.2404
4,32,2.82304,0.344364,2.33949,4.99475,19.9469,982.28,0.434296,85.1237
5,32,2.81446,0.299726,2.32785,4.991,20.1354,981.288,0.439309,85.0857
6,32,2.81161,0.305403,2.35138,4.94972,20.2754,979.994,0.434717,85.3816
7,32,2.82216,0.326371,2.32631,5.01196,20.0912,978.931,0.434987,85.1742
8,32,2.81936,0.320259,2.32552,4.93583,20.1778,982.732,0.436329,85.0224
9,32,2.81732,0.336699,2.36066,4.99573,19.8072,982.149,0.437906,85.1255
10,32,2.81442,0.320873,2.31814,5.00572,19.9758,982.171,0.437789,85.155
1,33,2.81275,0.825651,2.35002,5.06992,19.9197,981.035,0.4419,85.1233
2,33,2.81359,0.770855,2.3384,4.99549,20.415,983.108,0.439766,85.5249
3,33,2.80357,0.797594,2.32715,4.88804,20.0635,983.877,0.442866,85.0989
4,33,2.82739,0.745742,2.3354,4.91434,20.214,982.523,0.440134,85.0829
5,33,2.82036,0.802152,2.35695,4.86905,20.0997,984.201,0.44086,85.1171
6,33,2.8218,0.810825,2.30446,4.92983,20.2878,983.718,0.438631,85.1463
7,33,2.80446,0.733726,2.32599,4.97271,20.1491,983.503,0.437427,85.1018
8,33,2.81361,0.793774,2.36192,5.00352,19.9923,983.465,0.437057,85.3153
9,33,2.8202,0.77355,2.36452,4.97977,19.8399,983.832,0.433772,85.1324
10,33,2.81526,0.784022,2.3509,5.00122,19.8273,982.09,0.442702,85.3485
1,34,2.8228,0.89304,2.36226,5.04324,19.8976,982.818,0.435243,85.1954
2,34,2.81559,0.95409,2.31961,4.89666,20.2341,983.19,0.437325,84.9261
3,34,2.81651,0.89219,2.31684,4.92871,19.8542,983.967,0.438424,85.2011
4,34,2.81312,0.941014,2.31356,4.97769,19.8728,986.661,0.433099,84.9448
5,34,2.81122,0.884594,2.32374,4.84301,20.0939,982.937,0.43551,85.1755
6,34,2.81236,0.914746,2.32092,5.00322,20.5884,979.996,0.437816,85.1774
7,34,2.82792,0.991549,2.33084,4.8644,20.1248,982.322,0.436674,85.177
8,34,2.81597,0.856322,2.32483,4.89069,20.1849,984.839,0.439423,85.0129
9,34,2.81888,0.897844,2.31627,5.08628,20.0391,980.736,0.439622,85.0987
10,34,2.81971,0.950139,2.3423,5.00025,20.2235,982.648,0.437659,85.2166
1,35,2.82923,0.482881,2.34454,4.85738,19.767,984.245,0.4413,85.5697
2,35,2.80798,0.499132,2.33224,5.00608,19.7284,984.522,0.438158,85.3091
3,35,2.8144,0.513319,2.34589,4.97482,20.3153,983.805,0.438157,85.0824
4,35,2.82199,0.503458,2.33897,4.95853,20.2439,982.231,0.437803,85.0704
5,35,2.8189,0.480698,2.34727,4.91662,20.4622,981.644,0.437547,85.0776
6,35,2.83134,0.488612,2.33952,4.895,20.0696,982.459,0.438335,85.2205
7,35,2.82025,0.48832,2.3285,4.95482,20.3256,980.181,0.44135,85.5649
8,35,2.81931,0.475496,2.32414,4.99963,20.2182,985.883,0.435319,85.1872
9,35,2.82411,0.497503,2.32805,4.99552,20.227,981.859,0.440039,85.2633
10,35,2.81221,0.477696,2.31267,4.86539,20.1226,981.962,0.436134,85.0886
1,36,2.81537,0.426197,2.3592,4.86924,19.9771,982.725,0.436639,85.2293
2,36,2.8295,0.402074,2.35226,4.89736,20.0505,976.035,0.434617,85.3928
3,36,2.81963,0.407213,2.34196,4.917,20.2473,982.876,0.436403,85.408
4,36,2.81622,0.447431,2.33141,4.91489,20.0844,981.464,0.439504,85.016
5,36,2.81588,0.400697,2.33226,4.95258,20.0598,978.311,0.436474,85.5757
6,36,2.81633,0.434134,2.36238,4.95182,19.9073,981.719,0.433949,85.2753
7,36,2.81898,0.417127,2.32993,4.93407,19.8797,982.813,0.437414,85.2546
8,36,2.81446,0.426717,2.31749,4.89288,19.7494,982.373,0.439015,84.9913
9,36,2.82045,0.426941,2.33165,4.92157,19.8225,982.231,0.438768,85.2323
10,36,2.81931,0.400441,2.36249,4.84052,19.8224,981.01,0.438395,85.204
1,37,2.82145,0.568336,2.30815,4.8765,20.0652,982.452,0.438909,85.1004
2,37,2.82164,0.582242,2.34788,4.9959,20.0538,984.535,0.437935,85.0831
3,37,2.81208,0.56116,2.36099,4.94017,20.1917,981.463,0.436613,85.2169
4,37,2.80799,0.558368,2.35415,4.87732,19.6056,983.402,0.437188,85.2126
5,37,2.82622,0.562709,2.34413,5.00057,20.4252,981.198,0.438676,85.0973
6,37,2.81858,0.592028,2.34037,4.92188,20.2155,980.567,0.438118,85.0962
7,37,2.82026,0.569075,2.37057,4.95021,20.0081,983.936,0.439687,85.0096
8,37,2.8196,0.560543,2.35029,4.92466,20.1413,983.041,0.438131,85.1134
9,37,2.82063,0.559662,2.37566,4.98005,20.1014,983.974,0.437159,85.0596
10,37,2.81592,0.557214,2.34918,4.84051,20.128,983.009,0.43763,85.0898
1,38,2.81524,0.493383,2.34121,4.92027,20.1055,980.359,0.438777,85.073
2,38,2.81032,0.48967,2.36251,4.97779,20.0035,982.893,0.439109,85.0394
3,38,2.81308,0.535704,2.3533,4.88292,19.9382,984.634,0.436855,85.0668
4,38,2.81801,0.468152,2.3425,4.84053,20.1308,981.044,0.437901,85.1029
5,38,2.81003,0.496168,2.3406,5.00483,20.1352,978.648,0.44098,85.0929
6,38,2.81591,0.504285,2.35696,4.91437,20.2289,984.208,0.436335,85.0953
7,38,2.831,0.491806,2.3705,4.91714,20.0203,982.334,0.435461,85.153
8,38,2.81513,0.506447,2.34488,4.93444,20.0315,980.893,0.439239,84.9187
9,38,2.8175,0.49984,2.38868,4.93783,20.0443,981.152,0.43536,85.3223
10,38,2.80802,0.494572,2.35266,4.92243,19.8113,984.288,0.441177,85.1455
1,39,2.82756,0.608616,2.37059,4.94501,20.1471,982.456,0.434919,85.1255
2,39,2.82582,0.596626,2.30621,5.05847,20.2102,983.414,0.436508,85.2782
3,39,2.8227,0.591912,2.33926,4.8271,20.1977,980.957,0.435114,85.294
4,39,2.81485,0.583735,2.32071,4.98437,20.3646,980.952,0.443805,85.3045
5,39,2.82734,0.58955,2.29324,5.05296,20.1657,984.343,0.433417,85.0261
6,39,2.8155,0.583436,2.33411,5.01788,19.7133,985.537,0.436227,85.124
7,39,2.8133,0.600062,2.2663,4.97839,20.1583,981.341,0.439069,85.182
8,39,2.82581,0.626008,2.35511,5.00361,19.8116,986.574,0.438441,85.3057
9,39,2.8223,0.627714,2.30006,5.06828,20.1052,982.426,0.436563,85.2772
10,39,2.8324,0.558256,2.32498,4.94884,19.8834,983.874,0.439208,85.275
1,40,2.81962,1.0547,2.33402,4.99871,20.1068,980.996,0.438603,85.0826
2,40,2.81542,1.0967,2.30783,4.90302,20.4826,982.873,0.438678,85.2778
3,40,2.80447,1.06251,2.37753,4.93742,19.9998,982.212,0.438187,85.271
4,40,2.81492,1.07989,2.3647,4.95062,20.2121,984.14,0.434129,85.1511
5,40,2.82039,1.10272,2.34116,4.82685,20.0481,980.392,0.439802,85.2673
6,40,2.817,1.0714,2.32839,4.9846,20.0491,981.804,0.439528,85.1815
7,40,2.82429,1.10592,2.31308,4.88006,20.0325,980.861,0.440685,85.1953
8,40,2.80949,1.05382,2.37665,4.93985,20.0143,982.966,0.438285,85.24
9,40,2.81929,1.06906,2.35759,5.04605,20.0394,985.711,0.439122,85.0662
10,40,2.81544,1.07904,2.33496,4.9144,20.147,987.001,0.438646,85.111
1,41,2.82559,0.764565,2.3717,4.99463,19.8444,983.886,0.434574,85.1366
2,41,2.82131,0.797993,2.34974,5.02694,20.4562,984.562,0.437062,85.0966
3,41,2.8138,0.720991,2.36319,4.91591,19.7484,985.734,0.436073,85.1439
4,41,2.82972,0.74682,2.33985,4.95555,20.1348,985.012,0.435915,85.0425
5,41,2.81499,0.756979,2.33779,4.93653,20.1792,985.591,0.438654,85.0894
6,41,2.81967,0.724077,2.34281,4.88253,19.8209,980.655,0.440087,85.2541
7,41,2.81011,0.782296,2.3355,4.93058,20.0694,983.177,0.440226,85.0962
8,41,2.8209,0.745651,2.35475,4.93515,20.0366,983.277,0.438896,85.2097
9,41,2.81783,0.76346,2.37806,4.86728,20.1809,981.961,0.438041,85.2483
10,41,2.81749,0.749305,2.36906,4.97119,20.3926,983.09,0.435981,85.2011
1,42,2.82411,0.80668,2.37449,4.9177,19.9101,982.311,0.436969,84.9649
2,42,2.83268,0.776333,2.33666,4.89017,20.0008,982.865,0.435268,85.0448
3,42,2.82508,0.749057,2.32749,4.93645,19.9946,982.977,0.435372,85.1912
4,42,2.81041,0.749351,2.31855,4.92574,19.7522,984.935,0.437043,85.1018
5,42,2.81591,0.791263,2.34052,4.88442,19.6831,981.731,0.438563,85.1154
6,42,2.81886,0.813783,2.31988,4.95087,20.2541,984.301,0.438142,85.1245
7,42,2.82339,0.788098,2.38692,4.91846,20.1658,979.292,0.439984,85.2842
8,42,2.81836,0.755077,2.32406,4.88001,20.0622,982.012,0.437785,85.2058
9,42,2.8103,0.763728,2.3563,4.92684,20.0787,983.522,0.435553,85.3099
10,42,2.82483,0.776899,2.36345,4.9863,19.8666,983.365,0.434836,85.1842
1,43,2.81303,0.552305,2.30373,5.00677,20.1552,981.272,0.438038,85.0996
2,43,2.81148,0.59276,2.34284,4.93661,20.0356,984.523,0.437612,85.092
3,43,2.80918,0.581017,2.33177,4.91533,20.0211,983.888,0.436338,85.1981
4,43,2.81977,0.559277,2.36629,4.87871,20.1133,981.779,0.437472,85.2727
5,43,2.8156,0.557459,2.33931,4.9462,20.0428,983.159,0.438131,85.0399
6,43,2.80709,0.56263,2.35134,4.90034,20.2205,983.059,0.43676,85.2744
7,43,2.83269,0.557537,2.33803,4.93489,20.1246,984.007,0.439053,85.1482
8,43,2.82041,0.582136,2.37784,4.88913,20.0732,982.022,0.437759,85.0349
9,43,2.81709,0.568183,2.34516,4.95336,19.8964,983.776,0.438555,84.9089
10,43,2.81397,0.600417,2.33572,4.97083,20.1031,981.692,0.437331,85.1103
1,44,2.82613,0.765483,2.35343,4.84685,20.0364,986.025,0.433313,85.01
2,44,2.82506,0.771524,2.36986,4.97262,20.2438,983.527,0.434009,85.2317
3,44,2.80991,0.814395,2.36883,5.01906,19.8829,986.272,0.433248,85.3929
4,44,2.82435,0.797611,2.33939,4.92079,20.1547,985.92,0.439423,85.149
5,44,2.81641,0.786809,2.34782,4.90684,20.0187,983.714,0.438966,85.3151
6,44,2.81144,0.735893,2.3081,4.90524,20.156,980.338,0.434742,85.3225
7,44,2.80996,0.787334,2.3541,5.03051,19.943,982.789,0.4369,85.3423
8,44,2.82067,0.73843,2.38064,5.01442,19.6607,985.281,0.436351,85.3499
9,44,2.81444,0.760754,2.32996,4.92142,19.5764,983.243,0.43257,85.1678
10,44,2.81584,0.790596,2.32795,4.9203,19.9634,983.715,0.43491,85.2152
1,45,2.82088,0.497905,2.33231,4.95621,20.2501,984.473,0.438881,85.2085
2,45,2.81964,0.47023,2.37392,4.88841,19.9837,982.924,0.439362,85.0406
3,45,2.8319,0.515931,2.33363,4.95876,20.0851,981.593,0.435808,85.0815
4,45,2.82308,0.469802,2.34599,4.9097,20.2211,984.408,0.440343,85.1441
5,45,2.81072,0.470971,2.31786,5.01005,19.7041,981.76,0.441495,85.0397
6,45,2.82213,0.499666,2.35927,5.00139,20.0257,978.493,0.438528,85.3271
7,45,2.82206,0.504968,2.34562,4.97338,19.9758,980.912,0.43991,85.1489
8,45,2.81727,0.48697,2.37859,4.92386,19.9446,981.421,0.438103,85.1088
9,45,2.81843,0.504474,2.3423,4.89308,20.1057,981.96,0.438903,85.2902
10,45,2.81118,0.47938,2.31395,5.00163,19.9637,981.863,0.440716,85.0754
