id,Cl_SAEM,V1_SAEM,Q_SAEM,V2_SAEM,R0_SAEM,kout_SAEM,IC50_SAEM,Cl_mean,V1_mean,Q_mean,V2_mean,R0_mean,kout_mean,IC50_mean,Cl_mode,V1_mode,Q_mode,V2_mode,R0_mode,kout_mode,IC50_mode,Cl_sd,V1_sd,Q_sd,V2_sd,R0_sd,kout_sd,IC50_sd
1,2.81452,0.394779,2.33302,4.94247,1112.23,0.00652541,2.71379e-10,2.81505,0.393661,2.33823,4.94728,1114.53,0.00673923,2.32544e-10,2.81486,0.392273,2.3345,4.94063,1114.14,0.00641183,2.12289e-10,0.00761678,0.0146437,0.0176178,0.0460191,6.00603,0.00124368,9.77617e-11
2,2.81557,0.521158,2.33883,4.93754,1113.64,0.00638497,2.43182e-10,2.81498,0.524138,2.33857,4.93592,1114.27,0.0064866,2.32445e-10,2.81552,0.521665,2.33842,4.9378,1114.16,0.00631928,2.12243e-10,0.0077605,0.0225953,0.020063,0.0451701,6.77416,0.00125741,1.12286e-10
3,2.81652,0.945464,2.32625,4.93891,1113.31,0.00671794,2.15951e-10,2.81723,0.955093,2.32557,4.93993,1113.48,0.00650416,2.28758e-10,2.81729,0.951897,2.32806,4.943,1114.15,0.00661111,2.12143e-10,0.00740774,0.0366219,0.0178704,0.0475005,6.09689,0.00124485,1.08684e-10
4,2.81514,0.698742,2.33221,4.92623,1113.63,0.00620106,2.5602e-10,2.81469,0.69966,2.33707,4.93504,1114.07,0.00637052,2.3102e-10,2.81635,0.702158,2.33449,4.93106,1114.31,0.00632387,2.14735e-10,0.00874556,0.0258525,0.0170355,0.0497449,6.16068,0.00122943,9.6572e-11
5,2.81466,1.14252,2.34012,4.8986,1113.07,0.00665984,2.40289e-10,2.81596,1.14297,2.33814,4.90347,1114.95,0.00668469,2.43979e-10,2.81536,1.14399,2.34089,4.90884,1114.52,0.00650309,2.16686e-10,0.0075939,0.0380316,0.0189412,0.0432118,5.86071,0.00126895,1.03995e-10
6,2.81522,1.01587,2.3396,4.91556,1113.84,0.00675781,2.31089e-10,2.81543,1.01029,2.34204,4.92112,1113.63,0.00666162,2.16795e-10,2.81583,1.01391,2.34028,4.92061,1113.97,0.0066329,2.12462e-10,0.0077219,0.0356574,0.018074,0.0476458,6.46855,0.00129053,1.00199e-10
7,2.81791,0.726309,2.32496,4.93705,1113.57,0.00606258,2.21344e-10,2.81816,0.730186,2.32548,4.94768,1113.98,0.00598845,2.3852e-10,2.81833,0.728645,2.32538,4.94102,1114.12,0.00607663,2.12613e-10,0.00825248,0.0248965,0.0189007,0.0477138,5.96615,0.00114225,9.05848e-11
8,2.81693,1.01511,2.33672,4.92464,1113.61,0.00623479,2.42613e-10,2.81858,1.01746,2.33523,4.92563,1113.8,0.00628739,2.43144e-10,2.8183,1.01642,2.33425,4.92869,1114.11,0.00624171,2.16074e-10,0.00768599,0.0410099,0.0190587,0.045106,6.50488,0.00122513,8.8235e-11
9,2.81771,0.879898,2.32891,4.93803,1113.94,0.00640559,2.17162e-10,2.81679,0.881805,2.33064,4.94072,1114.22,0.006431,2.30564e-10,2.81685,0.879892,2.32927,4.93527,1114.04,0.00614248,2.15516e-10,0.00791284,0.0311306,0.0178932,0.0478077,6.13651,0.00126827,9.97768e-11
10,2.8143,0.915936,2.34234,4.92365,1113.39,0.00609962,2.28759e-10,2.81586,0.921246,2.34121,4.92658,1114.54,0.006221,2.24644e-10,2.81476,0.918346,2.34168,4.92619,1114.4,0.00616312,2.17795e-10,0.00739398,0.0321415,0.0186274,0.0437258,5.66363,0.00112862,9.09885e-11
11,2.81632,1.3075,2.33993,4.92193,1113.37,0.00645007,2.11823e-10,2.81655,1.31352,2.34257,4.93554,1114.79,0.00641905,2.35399e-10,2.81596,1.30803,2.33981,4.93092,1114.07,0.00621309,2.14091e-10,0.00684332,0.0494065,0.0211476,0.0431973,6.27917,0.00114733,9.49967e-11
12,2.81325,0.57665,2.33507,4.92379,1113.1,0.00665869,2.50236e-10,2.81443,0.575292,2.33939,4.92991,1114.35,0.00639441,2.2326e-10,2.81455,0.575019,2.339,4.92912,1114.32,0.00631134,2.13672e-10,0.00783021,0.0199762,0.0177411,0.0459572,5.77866,0.00109873,1.08203e-10
13,2.8183,0.577582,2.32725,4.94974,1113.11,0.00648406,2.42773e-10,2.81592,0.575902,2.32674,4.94074,1113.74,0.00639508,2.21382e-10,2.81643,0.573119,2.32765,4.9478,1114.16,0.00625382,2.15014e-10,0.00770181,0.0196284,0.0179868,0.0447159,6.2024,0.00122873,8.84606e-11
14,2.81483,0.636065,2.33777,4.9332,1113.1,0.00638984,2.44907e-10,2.81575,0.638717,2.33742,4.93515,1113.61,0.0064662,2.28868e-10,2.81549,0.637987,2.33798,4.9328,1114.17,0.00639146,2.13506e-10,0.00886403,0.0232441,0.0181838,0.048132,5.57184,0.00125241,1.06023e-10
15,2.81189,0.641069,2.33458,4.93258,1113.77,0.00638909,2.45427e-10,2.81493,0.647707,2.33682,4.93757,1114.09,0.0061634,2.18156e-10,2.81454,0.643894,2.33737,4.93313,1114.17,0.00610557,2.13931e-10,0.00764695,0.0201013,0.0182026,0.0398156,6.17501,0.001356,8.34342e-11
16,2.81586,0.613563,2.33115,4.93572,1112.99,0.00773045,2.32321e-10,2.81551,0.613611,2.33067,4.93984,1115.11,0.00756145,2.269e-10,2.81702,0.61224,2.33075,4.93503,1114.52,0.00756137,2.12874e-10,0.00751536,0.0202103,0.0185409,0.0440684,6.48128,0.00136825,1.01567e-10
17,2.81396,0.49427,2.3447,4.91519,1113.82,0.00781065,2.22934e-10,2.8135,0.494075,2.34573,4.91294,1114.2,0.00764054,2.31667e-10,2.81396,0.492921,2.34536,4.91839,1114.29,0.0076363,2.07879e-10,0.00718484,0.0183483,0.0186983,0.0399463,6.32643,0.0012647,1.40885e-10
18,2.81384,0.634083,2.34413,4.91662,1113.52,0.00806126,2.38419e-10,2.81443,0.633746,2.3433,4.91904,1114.05,0.00800529,2.24373e-10,2.81446,0.632493,2.3443,4.9231,1114.13,0.0082051,2.09058e-10,0.0083283,0.022912,0.0191573,0.0418565,6.14873,0.00138727,9.59974e-11
19,2.81704,0.94455,2.32981,4.92359,1113.59,0.00792656,2.18916e-10,2.81745,0.950162,2.33375,4.93201,1114.11,0.00772988,2.19588e-10,2.81778,0.947954,2.33413,4.92955,1114.49,0.00806574,2.09413e-10,0.00687305,0.0315904,0.018096,0.0483764,5.61076,0.00122424,9.43838e-11
20,2.8136,0.488419,2.3355,4.96438,1112.96,0.00755157,2.43177e-10,2.81276,0.48577,2.3348,4.95472,1115.18,0.00789227,2.41337e-10,2.81361,0.487162,2.33555,4.95901,1114.34,0.00792216,2.10516e-10,0.00717908,0.0183369,0.0187956,0.0401037,5.43302,0.00145295,1.18415e-10
21,2.81749,0.767557,2.32828,4.94028,1114.53,0.00828345,2.30584e-10,2.81748,0.767046,2.32863,4.94368,1114.18,0.00830551,2.14106e-10,2.81813,0.765643,2.32964,4.94161,1114.71,0.00810597,2.07679e-10,0.00917334,0.0298677,0.0181219,0.0426206,5.34489,0.00138335,8.10102e-11
22,2.81434,0.462733,2.34262,4.92538,1112.98,0.00803263,2.5875e-10,2.81517,0.464617,2.34144,4.93501,1113.99,0.00787411,2.31245e-10,2.81458,0.460627,2.3398,4.93139,1114.71,0.00770617,2.10662e-10,0.00670822,0.0167346,0.0184405,0.0466161,5.8025,0.00151833,9.03743e-11
23,2.81666,1.22648,2.33479,4.93545,1113.59,0.00795277,2.23552e-10,2.81581,1.21709,2.33513,4.93672,1114.82,0.00788358,2.37474e-10,2.81632,1.22119,2.3359,4.93414,1114.49,0.00791348,2.14198e-10,0.00746552,0.0504853,0.0192701,0.0442513,6.43719,0.00145854,1.01038e-10
24,2.81492,0.757724,2.32291,4.9342,1114.35,0.00785972,2.27377e-10,2.81638,0.754565,2.32737,4.94592,1113.95,0.00772899,2.27415e-10,2.81627,0.755064,2.32832,4.94416,1114.45,0.00758271,2.13224e-10,0.0079053,0.0236341,0.0180265,0.0481519,6.23576,0.00136823,9.46672e-11
25,2.82013,0.639275,2.32168,4.94985,1114.22,0.0076989,2.50591e-10,2.81794,0.640582,2.32207,4.94129,1115.01,0.00770334,2.17015e-10,2.81932,0.636663,2.32303,4.94561,1114.98,0.00795627,2.06775e-10,0.00731504,0.0228993,0.0176683,0.0440513,5.40313,0.00145083,8.69238e-11
26,2.81297,0.538349,2.32824,4.93213,1113.06,0.00795679,2.15255e-10,2.81473,0.541533,2.32961,4.94631,1114.57,0.00755853,2.31664e-10,2.81445,0.538672,2.32957,4.93902,1114.91,0.00800406,2.06334e-10,0.0074403,0.0179291,0.0163008,0.0390511,5.79105,0.00141521,1.07233e-10
27,2.81623,0.593879,2.32491,4.95198,1113.86,0.0079297,2.09364e-10,2.81726,0.592769,2.32615,4.9499,1114.66,0.00797114,2.2329e-10,2.81657,0.591237,2.32549,4.95212,1114.5,0.00808884,2.06002e-10,0.00815109,0.0198732,0.0174038,0.0396266,5.34178,0.00134341,1.07084e-10
28,2.82274,0.954683,2.30683,4.97196,1114.23,0.00780033,2.51622e-10,2.82148,0.950545,2.31154,4.96542,1115.32,0.00803836,2.22209e-10,2.82167,0.948809,2.31099,4.96552,1114.78,0.007886,2.10719e-10,0.00819262,0.0318504,0.0187201,0.0373804,5.83091,0.00145023,9.66379e-11
29,2.81793,0.625339,2.32644,4.94429,1113.7,0.00760267,2.35688e-10,2.81831,0.629781,2.32833,4.95319,1113.96,0.00761104,2.34042e-10,2.81789,0.62494,2.3284,4.95034,1114.51,0.00761419,2.09842e-10,0.00741863,0.0249142,0.0183344,0.0415663,6.24855,0.00133838,9.69087e-11
30,2.81854,1.08737,2.32483,4.92726,1114.49,0.00729592,2.48095e-10,2.81916,1.10118,2.32889,4.93353,1115.42,0.00754086,2.42244e-10,2.81924,1.0955,2.32652,4.93242,1114.84,0.00747583,2.11596e-10,0.0070143,0.0414398,0.0200747,0.0464293,5.98478,0.00132204,1.03813e-10
31,2.81498,0.803827,2.3205,4.95587,1115.85,0.00950448,2.25848e-10,2.81592,0.804699,2.32642,4.95967,1115.36,0.0100709,2.16608e-10,2.81611,0.802092,2.32478,4.95478,1115.62,0.00949902,2.09485e-10,0.00694288,0.0274587,0.0176076,0.0425249,6.40867,0.0015954,9.89697e-11
32,2.81521,0.322627,2.33225,4.93997,1114.15,0.0100951,2.18888e-10,2.81607,0.323266,2.33339,4.94013,1115.23,0.00987884,2.17097e-10,2.81539,0.323646,2.33326,4.94533,1115.32,0.0103152,1.99705e-10,0.00716509,0.0129422,0.017819,0.0467822,6.40086,0.00152771,9.08114e-11
33,2.81265,0.774808,2.3317,4.94992,1115.36,0.00961133,2.07643e-10,2.81441,0.77907,2.33016,4.94801,1115.69,0.00957942,2.08587e-10,2.81368,0.774458,2.33289,4.94804,1115.39,0.00944742,2.10352e-10,0.00697922,0.0287311,0.0194109,0.0430469,5.17023,0.00165987,8.50065e-11
34,2.81806,0.953861,2.32386,4.94214,1115.29,0.00963387,2.01499e-10,2.81854,0.940401,2.3276,4.9421,1114.12,0.0101137,2.20709e-10,2.81862,0.94596,2.32689,4.94243,1115.29,0.0100216,1.98102e-10,0.00762941,0.0345925,0.0174908,0.04877,6.02718,0.00134009,9.49775e-11
35,2.81725,0.493604,2.33016,4.93967,1115.6,0.00977719,2.23056e-10,2.81652,0.492101,2.33315,4.93158,1114.87,0.00966255,2.16847e-10,2.81609,0.491262,2.33157,4.93857,1115.41,0.00955761,2.04816e-10,0.00817677,0.0177351,0.0171312,0.0457938,6.65668,0.00155419,1.00441e-10
36,2.81421,0.420769,2.3381,4.92588,1114.65,0.00911082,2.31636e-10,2.81446,0.422761,2.33948,4.92461,1116,0.00960721,2.05121e-10,2.81494,0.420062,2.34042,4.92309,1114.8,0.00958664,2.00799e-10,0.00836029,0.0144654,0.0183944,0.0427677,5.89512,0.00156728,7.89614e-11
37,2.81514,0.571355,2.3303,4.95024,1114.93,0.00943332,2.36262e-10,2.81601,0.56821,2.32944,4.95362,1115.9,0.00983219,2.31247e-10,2.81579,0.567012,2.33173,4.94939,1115.19,0.0095219,2.04835e-10,0.00709379,0.0216937,0.0171172,0.0437473,5.30584,0.00142129,1.06403e-10
38,2.81281,0.513988,2.35068,4.91342,1114.19,0.00985342,2.26677e-10,2.81502,0.515374,2.35206,4.92301,1115.64,0.00987459,2.19453e-10,2.81269,0.513239,2.35171,4.9252,1115.59,0.00975611,2.00421e-10,0.00691825,0.020202,0.0194616,0.0497323,5.73909,0.00165145,9.04945e-11
39,2.81916,0.584891,2.31865,4.949,1115.03,0.00989816,2.14051e-10,2.82022,0.585605,2.31991,4.94566,1115.6,0.00998594,2.31604e-10,2.82029,0.583305,2.32019,4.9444,1115.35,0.00953784,2.07526e-10,0.00676594,0.0203489,0.0182607,0.047653,6.29537,0.00166186,1.1712e-10
40,2.81352,1.07482,2.33512,4.92571,1115.43,0.00982049,2.39204e-10,2.81334,1.07486,2.3342,4.92543,1115.54,0.00964959,2.33958e-10,2.81377,1.07614,2.33494,4.93101,1115.37,0.0100039,2.04684e-10,0.00725529,0.0375906,0.0185423,0.0441488,6.31396,0.0014609,9.36643e-11
41,2.81247,0.749565,2.33293,4.94287,1114.99,0.00964698,2.02879e-10,2.81407,0.75032,2.33924,4.94241,1114.8,0.00969519,2.27245e-10,2.8132,0.74855,2.33802,4.94418,1115.56,0.00947394,2.07007e-10,0.00727958,0.0270094,0.0185529,0.0447898,5.95718,0.00148115,9.11466e-11
42,2.81399,0.76088,2.33571,4.91695,1115.11,0.00960775,2.40185e-10,2.81386,0.761427,2.33411,4.93052,1115.8,0.00972249,2.27834e-10,2.81399,0.762682,2.3377,4.93318,1115.44,0.00956321,2.06544e-10,0.0073001,0.0262852,0.0175619,0.0448429,5.61213,0.00151368,1.01928e-10
43,2.81271,0.558065,2.34066,4.92838,1114.2,0.00974031,2.00027e-10,2.81442,0.55829,2.3435,4.92681,1115.56,0.0100904,2.08044e-10,2.81402,0.558971,2.34106,4.92999,1115.59,0.0102576,2.03352e-10,0.00754917,0.0181468,0.016914,0.0449336,5.95052,0.00166942,9.55303e-11
44,2.81644,0.773043,2.34129,4.92656,1115.33,0.00981126,2.24474e-10,2.81552,0.77332,2.34398,4.93745,1115.8,0.00967622,2.24095e-10,2.81508,0.769281,2.34125,4.93159,1115.65,0.00947003,2.07427e-10,0.00771896,0.0287303,0.0200127,0.0452223,5.94438,0.00170423,1.10856e-10
45,2.81373,0.483718,2.33685,4.92325,1114.51,0.00940847,2.22537e-10,2.81372,0.482758,2.33929,4.92782,1115.5,0.00975197,2.13876e-10,2.81455,0.48054,2.33896,4.92432,1115.24,0.0095411,2.0311e-10,0.00768865,0.0192683,0.0186622,0.0415965,5.88978,0.00161876,8.83991e-11
