rep,id,eta_Cl,eta_V1,eta_Q,eta_V2,eta_R0,eta_kout,eta_IC50
1,1,-0.00131646,-0.60774,0.00615388,0.000929287,0.000414064,-0.290733,0.172615
2,1,-0.00598193,-0.547769,0.00881035,-0.00632344,0.00143701,-0.0497299,-0.122264
3,1,-0.00395127,-0.537231,-0.00674892,-0.00992477,-0.00738587,-0.29048,0.179111
4,1,0.00617838,-0.575552,-0.00526284,0.0125149,0.00870776,0.0237248,0.171225
5,1,-0.00279314,-0.588767,-0.00247762,0.00166193,0.00214462,-0.109016,-0.684925
6,1,-0.00144366,-0.576894,-0.00966671,-0.012019,0.00142873,-0.268408,0.453154
7,1,-0.00361456,-0.553991,-0.00173169,0.00765141,-0.00503405,-0.00214933,0.730565
8,1,-0.00531067,-0.576728,0.0042021,-0.01328,-0.00154967,-0.245552,0.208655
9,1,0.00228266,-0.551814,-0.0069861,-0.00134088,-0.00570536,-0.0610482,0.258527
10,1,-0.00107596,-0.605247,0.00969366,-0.0130588,0.00286948,-0.473286,0.131441
1,2,0.00259656,-0.21485,0.0140107,-0.0105805,-0.00282155,0.0275205,0.0679062
2,2,-0.00230866,-0.327014,0.00614683,-0.00395192,0.0188048,-0.216636,-0.0246855
3,2,-0.00335234,-0.266855,-0.00596832,0.00255524,-0.00579409,0.0665183,-0.183149
4,2,0.00240037,-0.225323,-0.00144436,-0.00374587,0.00441375,-0.17333,-0.032914
5,2,0.00331064,-0.277937,0.0153088,-0.00867725,0.00928366,-0.273656,0.379747
6,2,-0.000331958,-0.209012,-0.00516964,-0.0169352,-0.00544427,-0.229174,-0.113864
7,2,-0.00386296,-0.272773,-0.0103013,0.00420285,0.013502,0.14426,0.402108
8,2,-0.00113598,-0.343038,-0.00258146,-0.00081902,-0.00931503,0.0186147,-0.642294
9,2,0.000118355,-0.348402,-0.0187007,-0.0160003,0.00316206,-0.527684,-0.568244
10,2,-0.00837691,-0.3277,0.00365017,0.000631471,-0.00205926,-0.33826,-0.792787
1,3,0.000497483,0.297525,-0.00280488,0.00396196,-0.00156799,0.0615345,0.11644
2,3,0.00103863,0.327283,-0.00549564,-0.0172222,-0.00221955,-0.191475,-0.115748
3,3,9.35184e-05,0.335668,-0.00819084,0.00105981,-0.00143384,-0.337097,0.526522
4,3,-0.00091936,0.32487,-0.00920103,0.00732065,-0.00566377,0.0597729,-0.448119
5,3,-0.0030519,0.36954,0.0107851,0.00131631,-0.00154304,-0.189295,-0.161695
6,3,0.000309996,0.373161,0.00154278,0.010354,-0.000643624,0.0155374,-0.248504
7,3,-0.000282163,0.382082,-0.00417093,-0.000612652,-0.00285187,-0.171001,-0.52693
8,3,0.000964797,0.33322,0.000496307,0.0232379,0.0134357,-0.291074,-0.070679
9,3,-0.00450853,0.362328,-0.016761,0.00952949,0.00070813,0.0196822,-0.0990367
10,3,0.00301936,0.270737,0.00759105,-0.0137852,0.00436541,-0.426468,0.0970452
1,4,-0.00352111,-0.00568529,0.0037923,0.0122122,0.00351103,-0.23859,-0.0148896
2,4,0.00373064,0.0348911,0.0151571,0.00532763,-0.00301438,0.098618,-0.189433
3,4,-0.0063455,-0.0356359,-0.0115425,-0.00336858,0.00139948,-0.252743,0.265776
4,4,-0.00240816,0.088616,0.00231192,0.00719417,0.000664261,-0.325651,0.0260964
5,4,0.00318909,0.0267126,-0.00239211,-0.0014276,-0.00207532,-0.0634727,-0.0284093
6,4,-0.00100063,0.00181044,-0.00848855,0.00149772,-0.00823145,-0.535387,-0.756529
7,4,0.000982286,-0.0306057,0.0103279,-0.00333356,-0.00304956,0.118137,0.768835
8,4,0.000576794,-0.031499,0.0113908,0.0130046,-0.00653698,-0.211047,-0.0493099
9,4,0.00322941,-0.0267329,0.0073292,0.00889561,-0.00912332,-0.24139,0.0707297
10,4,0.00301479,-0.0019279,0.00275229,-0.00664044,-0.00752557,-0.121183,0.287301
1,5,0.000960214,0.484326,0.00129512,-0.0284336,-0.00059149,-0.0897616,0.569868
2,5,-0.000344745,0.534708,-0.00563751,-0.0206002,-0.00121451,-0.0926086,-0.554213
3,5,-0.00296219,0.528297,-0.000621206,-0.00607093,0.00534284,-0.167777,0.353896
4,5,-0.001294,0.487113,-0.00630724,-0.0128857,0.0123974,-0.164447,-0.749584
5,5,0.001366,0.538191,0.00481013,-0.000378244,-0.00167698,-0.369143,0.44079
6,5,-0.00335276,0.49116,-0.00867241,-0.0145249,-0.002699,-0.27057,0.110691
7,5,0.000952062,0.572879,-0.000118515,0.00138723,-0.00537744,-0.451405,0.533026
8,5,0.00173055,0.474676,0.014825,-0.000999625,0.00354312,-0.225082,0.676046
9,5,-0.00122027,0.412219,0.000745765,-0.0204796,0.00802626,-0.109568,-0.385295
10,5,0.00115211,0.509751,0.00135878,0.000631075,0.00252323,-0.411298,0.801184
1,6,-0.000348762,0.403771,-0.00969411,-0.0098277,0.00554356,-0.230187,-0.546795
2,6,0.00212659,0.38781,0.00369917,-0.00305753,-0.00416807,-0.102514,0.340093
3,6,0.00555329,0.362387,0.00859165,-0.00466879,-0.00170085,-0.289861,-0.0868261
4,6,-0.00164321,0.404988,-0.0109782,0.0093207,-0.000414201,-0.268487,-0.257571
5,6,-0.00481787,0.359815,-0.000437507,0.0116464,0.00682023,-0.302567,-0.65319
6,6,-0.00481645,0.36549,0.00242662,-0.010988,-0.0103301,-0.263522,-0.203253
7,6,0.00226247,0.396087,-0.00651051,-0.0152358,-0.00480722,-0.0585336,-0.069858
8,6,-0.000667065,0.376926,0.011374,-0.00110382,-0.00407802,-0.0507243,-0.270036
9,6,-0.00314255,0.326237,0.00627771,-0.00386794,0.00144236,-0.0457656,-0.339673
10,6,-0.0011258,0.440845,0.014473,-0.00780054,-0.0008399,-0.303463,0.619278
1,7,0.00419649,0.00663342,0.00156021,0.00869288,-0.00116991,0.0214325,0.587901
2,7,-0.00201424,0.0298147,-0.0117444,-0.0172872,-0.00314091,-0.341991,0.828128
3,7,0.0052962,0.0488941,-0.00437153,-0.0128884,-0.00402751,-0.0722354,0.651283
4,7,0.00197421,0.0372953,-0.00680864,0.0142567,0.00744013,-0.942653,-0.0930165
5,7,0.00284325,0.110277,-0.00576246,0.0120248,-0.00800995,-0.527579,-0.157848
6,7,0.00179369,0.0617634,-0.00248668,-0.0161256,-0.00836812,-0.0779181,0.39119
7,7,-0.000642786,0.0290432,-0.010473,0.00559948,-0.00422709,-0.210336,0.015937
8,7,-0.000334564,0.0986307,-0.0150821,0.00527121,0.00393584,-0.584215,0.320344
9,7,0.00159108,0.0779837,-0.00919899,-0.00074754,-0.00299728,-0.301941,-0.294652
10,7,0.00397467,0.0483158,-0.00741647,0.00640153,0.00166234,-0.284053,-0.225257
1,8,0.00548346,0.430512,-0.00174986,0.00615477,-0.00251497,-0.259751,0.458439
2,8,-0.000476709,0.345979,-0.00126696,0.00244148,0.0040651,0.121277,0.0378195
3,8,0.00204507,0.327937,0.00167479,0.00163753,0.00252781,-0.248861,0.4644
4,8,0.00207314,0.452992,-0.0105787,0.00197713,-0.00795723,-0.152426,0.0331984
5,8,0.000971347,0.326688,-0.00673318,-0.00249786,0.00589762,-0.444878,0.262103
6,8,0.00130177,0.394079,0.00310657,-0.00152303,-0.00278054,-0.469807,0.122079
7,8,-0.00173448,0.315508,0.00911962,-0.00467077,-0.00124106,-0.0991738,-0.013179
8,8,-0.00175059,0.313199,0.00331478,-0.0150818,-0.00760608,0.0512826,-0.41992
9,8,-4.67121e-05,0.384513,-0.00247306,0.00147495,0.00196121,-0.320293,0.108534
10,8,0.00274545,0.400099,-0.00823918,0.00112683,0.00292103,-0.191305,0.0173513
1,9,-0.000112496,0.291938,-0.00920637,0.00211111,-0.0116492,-0.20855,0.41568
2,9,0.00462704,0.241388,0.00767099,0.0158223,-0.00278962,-0.190241,0.344039
3,9,-0.00254229,0.227644,-0.00751096,-0.00541299,-0.00232375,-0.374726,-0.137236
4,9,-0.000579559,0.31017,-0.00448024,-0.00229381,-0.0026288,-0.291332,-0.303214
5,9,0.00256479,0.268779,-0.00988629,0.0037802,-0.0001648,-0.300874,0.364152
6,9,0.000671008,0.292327,-0.00722493,-0.013511,-0.0013282,0.0179879,0.0686286
7,9,-0.000427344,0.253493,-0.00832247,-0.00912302,-0.000332507,-0.225091,0.0604206
8,9,0.00620162,0.33166,-0.00350314,-0.0139197,-0.00875983,-0.267987,0.308402
9,9,-0.000169197,0.212527,0.00374731,0.00209753,-0.00249131,-0.123868,-1.21076
10,9,0.00330896,0.224702,-0.0132911,0.00568155,0.00472604,-0.128676,0.274123
1,10,-0.0037902,0.249192,0.00761643,0.00287998,-0.00900202,-0.343577,0.525218
2,10,-0.000658546,0.27936,0.0159324,-0.00417452,-0.00530823,0.0737729,0.0138673
3,10,0.000200709,0.290849,-0.00821992,0.00825798,0.000898154,-0.334518,-0.366489
4,10,-0.00190637,0.262131,-0.00770238,-0.00508912,0.00558995,-0.210897,0.0517034
5,10,0.00144674,0.251024,0.00360808,-0.00165666,-0.00257843,-0.269923,0.155003
6,10,0.00376486,0.296142,0.0011529,-0.00168538,-0.00358772,-0.340929,-0.327813
7,10,-0.002455,0.27238,0.00496265,-0.00105472,0.00317701,-0.321903,0.307293
8,10,-0.00207453,0.295858,-0.00551914,-0.00906649,0.00645613,-0.622428,-0.819166
9,10,0.000339953,0.304599,-0.000415404,-0.0170414,0.00266603,-0.0303937,-0.424232
10,10,-0.00047893,0.279239,0.00598407,0.00358938,-0.0039241,-0.23439,0.869103
1,11,-0.00178361,0.764206,-0.00074705,0.00221008,-0.000341263,-0.197096,0.549783
2,11,0.00467503,0.652383,0.0092635,0.000593006,-0.0115815,0.0944619,0.599661
3,11,-0.00122889,0.620634,0.0138368,-0.00399256,0.00334197,-0.0715454,-0.594597
4,11,-0.000909207,0.70643,0.00862064,0.00417109,0.00331914,-0.307482,0.211322
5,11,0.00192308,0.669024,-0.00398897,-0.0111628,0.00540798,-0.271728,0.062594
6,11,2.3007e-05,0.655748,0.00545128,0.00165135,-0.000721249,0.0527696,-0.579021
7,11,0.000970465,0.615255,0.000162502,-0.00168133,0.00992913,-0.412146,-0.524013
8,11,0.00115798,0.613755,0.000725049,0.00178986,-0.00373327,-0.0745471,0.538443
9,11,-0.00222982,0.590553,0.0100092,-0.00592329,0.00110616,-0.267588,-0.172879
10,11,0.00274721,0.590348,0.013795,-0.00349856,0.000300425,-0.313524,-0.224155
1,12,0.00186087,-0.220839,0.00124601,-0.000567926,-0.00433126,-0.485484,-0.221803
2,12,0.00116329,-0.18292,0.000938036,-0.00165251,0.00747224,-0.341216,0.270189
3,12,0.00294092,-0.161476,0.00247725,-0.00428769,-0.00280361,-0.43293,0.00728031
4,12,0.00201068,-0.194012,-0.00615962,-0.0149616,-0.0056474,0.190036,-0.297467
5,12,-0.0023434,-0.167584,-0.000540195,0.00343762,0.00517919,-0.355851,-0.387268
6,12,-0.0052009,-0.112323,0.0110555,-0.00807627,-0.00854532,-0.272295,-0.0490656
7,12,-0.0026718,-0.210191,0.00201844,0.00336108,0.00196392,0.0562045,0.362868
8,12,-0.00615669,-0.235319,-0.00730527,-0.00291143,-0.00721133,-0.178974,0.000129433
9,12,0.00194238,-0.198403,-0.000495835,-0.00228444,-0.00574777,-0.232325,0.317268
10,12,0.000926719,-0.187017,0.00488789,0.0015675,0.0114773,-0.339882,-0.367231
1,13,-0.0025098,-0.109484,-0.0139978,-0.00124328,0.00179652,-0.22367,0.112411
2,13,0.000331135,-0.144386,-0.00295955,0.00782827,-0.00627764,-0.45534,-0.702529
3,13,0.00127841,-0.16153,-0.000750433,0.00222812,-0.00289761,-0.149957,0.689878
4,13,7.48599e-05,-0.210735,0.000165796,0.00718107,-0.00835644,-0.267386,-0.072103
5,13,-0.00144294,-0.183562,0.00132397,0.00460794,-0.00224378,-0.274973,-0.346155
6,13,-0.00418513,-0.180544,-0.0129619,0.00645566,-0.00285984,0.142855,0.721014
7,13,-0.00475384,-0.186997,-0.0130343,0.0032732,-0.00506988,-0.0783003,0.172489
8,13,0.000320289,-0.183259,-0.00286976,0.0117963,-0.00566955,-0.266491,0.148236
9,13,0.00748098,-0.169361,-0.00105677,0.00080054,0.0018965,-0.226247,-0.732003
10,13,-0.00162819,-0.215569,-0.000313461,-0.0066594,0.000239581,-0.162293,0.115762
1,14,-0.00479917,-0.0656354,0.0032217,-0.00777589,-0.00979837,-0.101117,0.758594
2,14,0.000112212,-0.0819962,-0.00125369,-0.00855683,-0.00282255,-0.255957,0.209452
3,14,-0.00244218,-0.113749,-0.00817548,-0.0106041,-0.002648,-0.169047,-0.232181
4,14,-0.000978501,-0.115705,0.00156868,-0.00620825,0.000982034,-0.000482279,0.242579
5,14,-0.0011399,-0.134768,-0.000318058,-0.0101215,-0.00443331,-0.230368,-0.426851
6,14,-0.00285837,-0.124315,0.028053,0.00690321,-0.00546373,0.0189295,-0.200795
7,14,0.00126499,-0.0780832,-0.00101799,-0.0096218,0.00221364,-0.651212,-0.161865
8,14,-0.00387777,-0.082174,0.00652782,-0.00400746,0.00473621,-0.420823,0.422386
9,14,-0.00212306,-0.0044072,0.00561333,0.00444214,-0.00379805,-0.132768,-0.278317
10,14,0.000172802,-0.0683703,0.0138942,-0.0157769,-0.0085122,-0.399767,-0.371577
1,15,0.000719408,-0.035929,0.00638733,0.00401538,0.00146196,-0.578173,0.80704
2,15,-0.00188309,-0.0758301,0.000583911,0.0053387,-0.00501347,-0.0377453,-0.0799634
3,15,-0.00165884,-0.0717365,0.00298814,0.0101075,-0.00203532,0.230129,0.401734
4,15,-0.00608535,-0.101597,0.0129367,0.000838465,-0.00238901,0.254535,-0.288353
5,15,-0.00452413,-0.0326488,-0.00798061,-0.0179869,-0.00782618,-0.121742,0.0946228
6,15,-0.00323855,-0.0512038,0.00990269,0.00743895,0.000981194,-0.00755243,0.473984
7,15,0.00507769,-0.117277,0.0146721,-0.00323036,0.010444,-0.0200472,-0.762255
8,15,0.00173003,-0.0186388,0.00906477,-0.0036376,-0.00437076,0.0773839,-0.60158
9,15,0.000545279,-0.0540908,0.00887715,0.0129807,0.00273235,-0.379289,0.411898
10,15,-0.000556131,-0.0815912,-0.00141802,0.00652303,0.00710574,-0.368227,-0.291315
1,16,-0.00141017,-0.0799067,0.0092723,0.00740515,-0.0042771,-0.112226,-0.330831
2,16,-0.00274584,-0.123708,-0.0108584,0.0066792,-0.00111504,-0.168725,-0.412203
3,16,-0.000816649,-0.0934958,0.00284733,0.00626763,-0.0016919,0.141629,-0.0759588
4,16,1.3073e-06,-0.0774018,0.00778831,0.0117067,0.00313942,0.131343,-0.562213
5,16,-0.00177097,-0.120646,-0.0118033,0.0125041,0.00305211,-0.00697965,1.17094
6,16,0.00228262,-0.185471,-0.0120454,-0.00718719,0.00380423,0.110734,-0.145573
7,16,0.00012569,-0.11821,0.00888417,0.0134775,-0.00199173,-0.127198,0.267016
8,16,-0.00148575,-0.110384,-0.00981221,0.00673833,0.00686168,0.0821343,0.569641
9,16,-0.00016421,-0.130431,0.0039465,0.00880217,-0.00761666,0.18818,0.0608031
10,16,-0.00103953,-0.113161,-0.00222154,-0.00189226,-0.0103012,-0.244253,-0.4163
1,17,-0.00171721,-0.342142,0.00247812,0.00370938,0.00502409,0.0835371,-0.152839
2,17,0.000509136,-0.339511,-0.00181531,0.000347776,-0.000748539,0.27348,0.0540376
3,17,-5.01407e-05,-0.384349,-0.0113333,-0.0032195,-0.000720031,-0.366304,-0.103359
4,17,0.00128514,-0.350269,0.0126665,-0.00332591,-0.00203737,-0.231244,-0.525931
5,17,-0.0016584,-0.407755,0.0135272,-0.0122752,0.000926637,0.0619145,-1.31881
6,17,-0.00270967,-0.337697,0.00615145,-0.00884082,-0.000614369,-0.163061,-0.797937
7,17,-0.00254374,-0.316331,0.00625342,0.00328863,-0.000716707,0.15576,-0.298362
8,17,-0.00286837,-0.321809,0.0034862,-0.00210527,0.00261566,0.110057,0.67992
9,17,-0.0028791,-0.334405,-0.00242832,-0.00379822,-0.00312582,-0.327578,-0.364602
10,17,-0.000681938,-0.335199,0.000672987,-0.00169623,-0.0107747,0.102862,-0.321979
1,18,-0.00326728,-0.0804915,0.00205717,0.00460307,0.000550327,-0.284981,-0.101503
2,18,0.00350493,-0.113048,0.0160879,-0.0222671,-0.00129468,0.088597,-0.395843
3,18,0.00545245,-0.0356465,0.018125,0.00179555,0.00763583,-0.292014,0.128331
4,18,-0.00214864,-0.143622,0.00456898,-0.0104743,-0.00495571,-0.154471,0.221878
5,18,-0.000767674,-0.022038,-0.000622878,0.0100185,-0.00611512,-0.176653,0.0688449
6,18,-0.00157777,-0.097776,0.00746971,0.0040045,-0.00570038,0.123046,0.0144555
7,18,0.00278771,0.00362372,0.00609061,-0.0109494,0.00452996,-0.0606372,0.353951
8,18,0.000227486,-0.0661775,0.0173203,-0.00971865,-0.0118059,0.302993,-0.309979
9,18,-0.00470156,-0.070716,0.00616657,-0.00116894,-0.00367368,-0.117806,-0.733546
10,18,-0.00178354,-0.114384,0.00470563,-0.002032,0.00931624,-0.300573,-0.16686
1,19,-0.000185318,0.242445,-0.00824961,-0.0279488,-0.00286639,-0.0560826,-0.652182
2,19,0.00340525,0.346723,-0.0153694,0.000939749,-0.0111607,0.00764455,-0.136429
3,19,-0.000560129,0.239246,-0.0106305,-0.0190882,-0.00478221,0.0381164,0.203789
4,19,0.00171262,0.39093,0.0083946,0.0054084,-0.00446134,-0.04375,0.864701
5,19,-0.00230537,0.306863,-0.00503712,0.00339282,0.00923585,0.0416387,0.043369
6,19,0.00348572,0.309109,0.00596067,0.00210098,-0.00075553,-0.0678195,-0.134791
7,19,0.00157114,0.3108,0.000674258,-0.0185782,-0.00389831,0.0104863,0.493805
8,19,0.000857333,0.353998,-3.49371e-05,-0.013834,0.00130109,-0.0575868,0.035415
9,19,-0.00180544,0.247446,-0.0235613,-0.00873908,-0.0107277,-0.0503809,-0.10504
10,19,-0.000144377,0.289215,-0.00255745,0.00411554,0.00144967,-0.0831684,-1.09581
1,20,-0.000629707,-0.333433,-0.00815234,-0.00165981,0.000595359,-0.230682,0.220481
2,20,-0.00103221,-0.376524,0.00432907,0.0161317,-0.000263817,0.00523378,-0.4686
3,20,-0.00137511,-0.302645,0.0116625,0.0146012,0.00090871,0.23191,0.220303
4,20,0.00226382,-0.391874,-0.00529291,-0.0131686,0.00356893,0.297299,-0.248923
5,20,-0.00585423,-0.428521,-0.0191642,0.0104935,-0.00324185,0.24675,0.531144
6,20,-0.00214171,-0.378047,-0.00721087,0.0073655,0.00623923,0.00601137,0.356842
7,20,-0.00275477,-0.382581,-0.00335126,0.00409933,0.00175591,-0.0471331,-0.481469
8,20,0.000614339,-0.392455,-0.00754472,-0.00514775,0.00375802,0.214918,0.379849
9,20,-0.00202566,-0.304238,-0.000347872,0.0126743,0.00254458,0.0660883,-0.720189
10,20,-0.00556394,-0.37624,0.00129948,-0.000666644,3.47891e-05,0.13159,0.238309
1,21,0.0019174,0.117842,-0.000687935,0.0240634,-0.000359896,0.0967807,-0.0324771
2,21,0.000880256,0.13035,0.00157329,-0.00676607,-0.00656937,-0.0381215,-0.142851
3,21,-0.00691003,0.122599,-0.00799594,0.0147237,-0.00289135,0.0904261,-0.295685
4,21,-0.000446178,0.0636355,-0.00546909,-0.0132246,0.00360738,0.192357,-0.6205
5,21,0.000516702,0.0733342,0.00692423,0.0210161,-0.00211821,-0.13854,-0.28265
6,21,-0.00289564,0.168899,-0.00423805,0.00465404,-0.00209898,-0.125598,0.0837484
7,21,-0.00350688,0.106559,0.00299162,0.00307875,0.00669808,0.138235,0.633047
8,21,0.00110424,0.165876,-0.00398079,-0.0050766,0.00240508,0.334717,-0.111819
9,21,0.00018032,0.151487,-0.01285,0.0128791,0.00154602,-0.154166,0.130738
10,21,0.00253396,0.0721885,-0.0106071,-0.0102231,0.000920608,-0.0780725,-0.199112
1,22,0.00111815,-0.287368,0.0166774,0.00416897,-0.0016142,0.108824,0.227152
2,22,-0.000771955,-0.425419,0.0126122,-0.00238356,0.00324346,-0.108336,-0.368382
3,22,0.00160608,-0.426752,0.0021372,0.0033236,0.00336447,0.226662,0.179053
4,22,-0.00286427,-0.399919,0.0180462,0.00533835,-0.00637547,-0.0223404,-0.450546
5,22,-0.000241411,-0.396039,0.00230609,-0.00600361,0.00356909,-0.189016,0.18415
6,22,-0.000949366,-0.370971,0.00680525,0.00487168,0.00132266,-0.00215679,0.269301
7,22,0.00225971,-0.404647,-0.000711691,-0.00962343,0.00388169,0.00787055,0.490063
8,22,-0.00171753,-0.386122,0.0124996,-0.000710178,0.00483963,0.323174,0.321038
9,22,-0.00218484,-0.402139,0.00936286,-0.00300928,-0.000560756,-0.280057,-0.204145
10,22,0.00151715,-0.404473,-0.00427289,-0.0136884,0.00120331,-0.150969,0.497026
1,23,0.00411843,0.622613,0.00836922,0.0147893,0.000291548,-0.254755,0.164384
2,23,0.00339653,0.612344,0.00416486,0.00098479,0.00756967,0.372552,-0.141403
3,23,0.00326394,0.554883,-0.000361547,0.00576269,-0.00425996,-0.0752307,0.404162
4,23,-0.00171884,0.517528,-0.000250489,0.00674919,0.0109868,0.17061,-1.06609
5,23,-0.00125566,0.566748,-0.0138793,0.0165691,-0.00281368,-0.00267299,-0.58796
6,23,-0.00110561,0.563248,-0.00076958,0.00578847,0.00420786,0.152015,-0.288081
7,23,0.000906332,0.583773,-0.00826576,0.013369,-0.00271902,0.297178,-0.431256
8,23,0.000166972,0.534443,0.005544,0.00404467,0.00479738,-0.120908,-0.0524546
9,23,0.000204591,0.542298,-0.000323708,-0.0111738,0.00140342,-0.231589,0.667065
10,23,-0.00488105,0.581707,-0.0136398,0.0193329,-0.0068166,0.0689498,0.4554
1,24,-0.00495371,0.0876254,-0.0025726,0.0100811,-0.0104889,-0.150468,0.285492
2,24,0.000251571,0.0419868,0.00562834,0.0149277,-0.0039074,-0.19312,-0.515059
3,24,-4.99704e-05,0.181602,-0.00829651,0.00263719,0.00163564,0.294747,-0.391355
4,24,0.00371281,0.0319232,-0.00751651,-0.000331769,0.0119943,-0.194799,0.285352
5,24,0.00137998,0.0814528,-0.0140088,-0.0130618,-0.00644479,-0.175945,-0.265973
6,24,0.00238755,0.136173,0.00694325,-0.0188262,0.00628003,0.0170861,0.51402
7,24,-0.000960362,0.101665,0.00564896,1.70623e-05,0.00128895,-0.225056,0.431938
8,24,0.00141636,0.126777,9.69189e-06,0.00671728,-0.00282925,0.127889,0.366789
9,24,0.00243258,0.0847243,-0.0114846,0.00592388,-0.00431345,-0.0183165,0.474129
10,24,0.0042297,0.0995504,-0.0104975,-0.0115313,-0.0041193,-0.0743507,-0.249089
1,25,-0.000321111,0.0222566,-0.0031449,0.0166395,0.0017479,0.288995,-0.211385
2,25,0.00138266,-0.0882419,0.00115899,0.00562397,-0.00573013,0.302923,-0.142469
3,25,-0.00110458,-0.126858,0.00236443,-0.0121274,-0.00953831,0.163184,-0.312822
4,25,-0.00292402,-0.104567,-0.00952317,0.000493209,-0.00186283,0.123794,0.0292269
5,25,-0.00297525,-0.0762072,-0.0033336,0.0135881,0.00413866,0.0416895,0.268299
6,25,0.000633973,-0.0921759,-0.0104488,-0.00936879,0.00810818,-0.538542,-0.232452
7,25,0.00142475,-0.0510766,-0.00668143,0.00671273,0.00124129,-0.309582,0.107988
8,25,0.00503075,-0.125479,3.07751e-05,0.0102566,0.00889975,0.23955,0.0918897
9,25,0.00186206,-0.0778895,-0.00258027,0.00296651,-7.31257e-05,-0.325667,0.386081
10,25,-0.00379179,-0.0491536,-0.00389951,0.0104985,-0.000344789,-0.088516,-0.129845
1,26,0.00411127,-0.190012,-0.00273009,0.00538868,0.000488647,-0.091592,0.792032
2,26,0.000720438,-0.253534,0.0160178,0.00746287,0.000289636,-0.102847,-0.283832
3,26,-0.00122504,-0.254623,-0.00323334,-0.000476171,-0.00383231,-0.210804,0.191979
4,26,0.00124701,-0.209305,-0.00624416,0.00256744,0.00275904,0.0413709,-0.408192
5,26,0.00129339,-0.228131,-0.00792355,-0.00632875,-0.00180253,0.136721,-0.196089
6,26,-0.000815638,-0.302047,0.000892699,0.000443575,0.0110606,-0.364877,0.330026
7,26,0.00483723,-0.2706,0.00716954,0.00879189,0.000200839,-0.215165,0.477689
8,26,-0.0018636,-0.292865,0.00170583,0.00978327,-0.00879587,-0.159974,0.0462882
9,26,-0.000645681,-0.186262,-0.00831116,-0.000401041,-0.0116363,0.219755,-0.762693
10,26,-0.000875476,-0.212643,0.00268178,0.0151921,0.00165718,-0.210833,-0.424731
1,27,0.00132485,-0.177012,-0.00994763,-0.0023717,-0.00448879,-0.151592,-0.610895
2,27,0.00606042,-0.0989273,-0.00270683,-0.00286873,-0.00366058,-0.0846435,0.399191
3,27,-0.00367203,-0.141146,-0.00464306,-0.00738689,0.00051965,0.134876,0.432943
4,27,-0.000976731,-0.122502,-0.0032838,0.00867362,-0.00501104,-0.273623,0.189294
5,27,0.00379666,-0.159382,-0.00894592,2.44882e-06,-0.000754678,-0.167777,0.83149
6,27,-0.00156864,-0.155075,0.00683503,0.0101324,0.0040185,-0.036071,-0.0190812
7,27,-0.00426697,-0.151849,-0.00115529,0.00581357,0.00138882,0.0771097,0.0891044
8,27,0.00880746,-0.168793,-0.0119925,0.0153097,0.0106522,0.0389393,-0.212775
9,27,-0.0038445,-0.173454,-0.00882177,-0.00993923,0.00587124,-0.0173542,-0.853598
10,27,0.00284094,-0.132162,-0.0103425,0.00865788,-0.000735404,-0.107639,0.208129
1,28,0.00126205,0.341874,-0.00538538,0.000614446,0.00625287,0.314329,0.255778
2,28,0.00500654,0.308238,-0.00610842,-0.00126532,-0.000535858,0.148052,0.290438
3,28,0.00509829,0.289912,-0.0219555,-0.00262297,0.00620705,-0.0603684,0.539121
4,28,0.00162178,0.289092,-0.00671138,0.00450983,0.00527116,-0.0609411,0.724348
5,28,-0.000310071,0.284665,-0.0062712,0.00481607,-0.00305204,-0.324709,-0.0431465
6,28,-0.00347639,0.280098,-0.00186815,0.00804986,0.00759804,0.161408,-0.51026
7,28,0.00401303,0.309154,-0.0101819,-0.00379902,0.000262478,-0.0413269,-0.0270465
8,28,-0.000718208,0.301589,-0.011097,0.00698828,0.00409713,0.0930661,-0.245105
9,28,0.00831719,0.314705,0.00270499,-0.00362795,0.00521302,-0.253718,-0.297251
10,28,0.00649104,0.359791,-0.0109432,0.0103858,0.000584176,0.000811673,0.528349
1,29,-0.00138435,-0.0356945,0.0109506,0.00876517,0.00621423,-0.233712,-0.773044
2,29,-1.64041e-05,-0.038634,0.0105502,0.0225344,0.00500744,-0.152824,0.054044
3,29,0.000443731,-0.102378,0.0120475,0.0136874,-0.0117781,0.335104,-0.744388
4,29,-0.0023347,-0.093851,-0.00813437,0.0163867,-0.0143298,-0.196161,-0.135802
5,29,0.00126743,-0.0811674,-0.000463344,0.00270065,0.00603217,-0.150722,0.350872
6,29,-0.0012215,-0.0569319,-0.00351833,0.00868998,0.00435863,0.0124609,-0.0509838
7,29,0.00433268,0.0296829,-1.52233e-05,0.000641651,0.00262304,0.0613054,0.160216
8,29,-0.00228097,-0.092809,0.000645339,-0.00488595,-0.00749452,-0.025067,-0.249474
9,29,-5.81717e-05,-0.116665,-0.00979532,-0.000136906,-0.000130974,0.0451128,-0.171093
10,29,0.00344544,-0.134232,-0.000280367,0.00292705,0.00100306,-0.0270243,-0.25708
1,30,-0.000367276,0.484745,-0.00182992,-0.00428533,0.00792901,-0.04967,-0.7286
2,30,0.0038177,0.472715,0.0155321,-0.00332686,0.000668932,-0.138388,-0.402804
3,30,-0.000429086,0.520057,0.00650145,-0.00859899,0.000176336,0.163112,-0.383588
4,30,-0.000454547,0.436016,0.00786974,-0.000623946,-0.00459608,-0.0118342,-0.161704
5,30,0.00235569,0.473302,0.0241532,0.00787798,0.00261068,-0.274306,-0.41443
6,30,0.00250584,0.452641,-0.00243213,0.00441507,0.00823633,0.253791,0.647322
7,30,0.00157496,0.441653,-0.00296058,0.00890987,0.0104666,-0.278094,-0.346956
8,30,0.00466681,0.476491,-0.00396312,-0.00506191,-0.0042533,0.0102143,-0.220366
9,30,0.00307715,0.410304,0.0109965,0.0105556,0.00445918,-0.0436181,0.207535
10,30,0.00211274,0.448483,-0.0105623,-0.0182704,0.0122672,-0.112312,-0.0461119
1,31,0.000303651,0.204514,0.000565721,0.0102513,0.00559542,-0.0674128,0.317199
2,31,0.000363941,0.183572,-0.0110581,0.00790967,0.0102028,0.153408,-0.431666
3,31,0.00153763,0.189231,-0.00826255,0.00870044,0.00304408,0.302587,-0.761845
4,31,-0.00479453,0.19436,-0.00236058,0.0161703,0.00731256,0.222569,0.833821
5,31,0.002519,0.187905,-0.00182924,-0.0215793,-0.00716015,0.182598,-0.254558
6,31,0.000363445,0.163307,0.00659942,0.0066638,-0.000540892,0.355036,-0.286923
7,31,5.65221e-05,0.154368,-0.00121893,0.0199973,0.00834143,0.136916,0.0850847
8,31,0.00414475,0.140961,-0.00721694,0.00118526,0.00568784,0.182024,-0.0743118
9,31,0.00170577,0.195297,-0.00656524,0.0046248,0.0020221,-0.049387,0.389328
10,31,7.4625e-05,0.120201,-0.00637497,4.7258e-05,-0.00117629,0.39279,0.0450277
1,32,0.00169207,-0.719474,0.0120576,0.0102272,-0.00255,0.449808,-0.241912
2,32,-0.00296067,-0.690034,0.00525857,0.0202389,-0.00322403,0.234989,-0.270429
3,32,-0.00236588,-0.776384,0.00223504,-0.0225398,-0.00318094,0.310391,0.233024
4,32,0.000668152,-0.728973,0.00947108,0.0124997,-2.14099e-05,0.308296,-0.287402
5,32,0.00209449,-0.741257,-0.00690238,-0.0041362,-0.00660705,0.119212,0.190842
6,32,-0.000435863,-0.78085,5.68732e-05,-0.0168008,0.000311627,-0.027542,-0.753068
7,32,0.00237642,-0.739834,-0.00805188,-0.00605176,-0.00201916,0.154579,-0.0286582
8,32,0.00121268,-0.807959,0.00805686,-0.00795096,0.0100937,0.236129,0.881435
9,32,-0.00101835,-0.659459,-0.00260997,0.0038997,-0.00513982,0.128568,-0.673513
10,32,-0.00184187,-0.802066,-0.00419812,-0.00407157,-0.00351911,0.311767,-0.433843
1,33,0.000720491,0.0758091,-0.00425264,-0.00327918,0.009166,0.256339,0.27393
2,33,-0.000700174,0.0929924,-0.00545782,-0.00366281,0.00618254,0.104584,-0.432511
3,33,-0.007583,0.0869611,-0.00748818,-0.00294719,0.00475647,0.401021,0.399094
4,33,-0.00293334,0.101185,-0.00921927,0.00928559,0.00685351,0.378067,0.135396
5,33,0.00107346,0.122063,-0.00898295,-0.00277327,0.00245395,0.217229,0.0680617
6,33,-0.000601103,0.161111,0.000312934,0.0253736,0.00242721,0.00880922,0.0824308
7,33,-0.00226231,0.146482,-0.00482877,0.00428644,0.0041268,0.315929,-0.318916
8,33,-0.00191368,0.112461,0.00115903,-0.00127405,-0.00233551,0.102073,0.00450377
9,33,-0.00041321,0.156075,-0.00400903,0.0169388,-0.00753315,0.386427,0.484237
10,33,-0.00349562,0.171509,-0.00412762,0.00788686,0.00479369,-0.325967,0.583991
1,34,-0.00275516,0.298235,0.00236994,0.00788186,-0.00669929,0.0486935,-0.0787187
2,34,0.00340313,0.289274,-0.0125923,0.00660547,0.00636031,0.474789,-0.229337
3,34,0.00464557,0.302992,-0.00797113,-0.00934951,-0.010158,0.411895,0.317768
4,34,0.0011652,0.304987,-0.0047417,-0.00590952,-0.00788676,0.33286,-0.403728
5,34,0.00291127,0.295661,-0.0112101,0.00540175,0.00476244,0.45388,-0.855712
6,34,0.00157018,0.300708,-0.00497231,0.00158354,-0.0038476,0.319384,0.465549
7,34,-0.00275095,0.286413,-0.0129622,-0.00481368,0.00126175,0.339084,-0.449079
8,34,0.000912399,0.333451,0.000248411,-0.00480091,-0.00130773,0.393629,0.385316
9,34,-0.000545037,0.309138,-0.00787702,-0.0102994,0.00506992,-0.0290175,-0.0854866
10,34,0.0013406,0.334993,-0.0166332,-0.00209022,-0.000210138,0.0453467,-0.109461
1,35,-0.00391446,-0.35323,0.00444111,-0.00615037,0.00859452,-0.0357055,-0.400569
2,35,0.00379746,-0.310591,0.0148099,0.00228278,-0.00550505,0.409587,-0.0192121
3,35,-0.00074454,-0.326422,0.00566743,-0.00269514,-0.00126839,0.334224,-0.161196
4,35,3.16454e-05,-0.334871,0.0050097,0.00215282,-0.00823998,-0.0473266,0.484455
5,35,0.00278769,-0.339498,0.00498964,-0.0187485,0.00575891,-0.168909,0.811034
6,35,0.000248158,-0.406171,-0.00493832,-0.0139277,0.00157901,0.174981,0.166546
7,35,-0.00067423,-0.400109,-0.00875423,-0.0106676,0.00358892,0.211463,0.435801
8,35,-0.00138716,-0.311063,-0.00450204,0.00685398,-0.000263468,0.18353,-0.448863
9,35,-0.00250116,-0.385924,0.00472423,0.00500533,-0.0145025,0.117411,-1.24494
10,35,0.00647373,-0.374464,-0.00239249,0.0169172,-0.00438913,0.280319,-0.50171
1,36,0.00152823,-0.483108,0.0119903,-0.010382,-0.00133942,0.112081,0.301171
2,36,-0.00114943,-0.50666,0.000935747,0.00194688,-0.00056218,0.171373,-0.00575072
3,36,-0.00177447,-0.506923,0.00604516,4.43199e-05,0.00550134,0.311356,0.295534
4,36,-0.00736693,-0.486704,-0.00144379,-0.00470466,0.0132637,0.130161,0.178914
5,36,-0.00345803,-0.525538,-0.0120987,-0.0127481,0.000381866,0.0612228,0.334509
6,36,-0.000822902,-0.468577,-0.00433582,0.00441701,-0.000744069,0.221522,0.132689
7,36,-0.000645726,-0.476183,0.0140309,-0.00748948,0.000450369,0.373391,-0.604176
8,36,-0.00232565,-0.547944,0.00082209,0.00052994,2.43992e-05,0.326557,0.128535
9,36,7.18675e-05,-0.477691,0.00770091,0.00862634,0.00542587,0.40451,0.361158
10,36,0.000183935,-0.426094,0.000115403,-0.00631324,-0.00833569,0.0625144,-0.205089
1,37,0.00120779,-0.170615,0.000979821,0.013066,-0.00225035,0.154341,-0.230416
2,37,0.00368029,-0.150073,-0.000864606,0.00557495,-0.00251712,0.183662,-0.0544917
3,37,-0.00442178,-0.11743,-0.00348061,0.00427394,0.00731819,0.274239,-0.640546
4,37,-0.000577162,-0.234416,-0.00932486,-0.00546195,0.00593946,0.147215,-0.234603
5,37,-0.00307935,-0.139008,0.0046589,0.000321712,0.00377491,0.292657,-0.524811
6,37,-0.00387606,-0.198185,0.00923572,0.00193018,0.00571459,0.223859,0.00888239
7,37,0.00206906,-0.133603,-0.010634,0.0138256,0.0033065,0.240011,-0.383729
8,37,0.00274562,-0.161493,-0.0228112,0.00011128,-0.00751981,0.190945,0.0389685
9,37,-0.00696828,-0.1579,-0.00278463,-0.00312386,-0.000369734,0.223114,0.182377
10,37,-0.000532117,-0.207663,-0.0024668,0.0103259,0.00234777,-0.162732,0.256552
1,38,0.00147485,-0.28125,0.0128568,-0.00523432,-0.000662686,0.300787,0.554514
2,38,0.001325,-0.294025,0.00461341,-0.0209693,0.00390523,0.426907,-0.308511
3,38,0.00213108,-0.266871,0.00285118,0.00125782,0.00541667,0.351193,0.232908
4,38,5.46114e-05,-0.249844,-0.00334084,0.0161886,-0.00793505,0.371513,-0.165557
5,38,0.00259493,-0.317264,0.0126143,-0.00809995,-0.00229828,0.233608,0.559379
6,38,0.00483687,-0.304787,-0.00575856,0.00811395,0.00485276,0.416491,-0.362225
7,38,-0.00151444,-0.326219,0.0106429,0.00415526,0.00733085,0.425616,0.823975
8,38,-0.00270099,-0.32591,0.0203673,-0.0189633,0.00617066,0.228925,-0.100344
9,38,-0.000311633,-0.268149,0.0042444,-0.0108084,0.00450808,0.357641,0.758124
10,38,-0.00224372,-0.366964,-0.00130807,-0.0049248,-0.00250062,0.391386,-0.281777
1,39,-0.000241236,-0.190812,-0.013767,-0.0225633,0.00661913,0.376136,-0.689415
2,39,-0.000308797,-0.14032,-0.00654654,0.00645581,0.00699905,0.257998,0.507674
3,39,0.00171092,-0.20746,-0.0108579,-0.00602412,-0.00283712,0.23888,-0.517613
4,39,-0.00113884,-0.118956,0.000849264,-0.0102,-0.00310988,0.305594,-0.230488
5,39,0.00139108,-0.156189,0.00133123,0.0202835,0.000903371,0.0887574,-0.315386
6,39,0.00276892,-0.18768,-0.000851329,-0.0116011,0.00206433,0.251667,-0.108494
7,39,-0.000903823,-0.157149,0.00530235,0.00496458,0.000357471,0.209843,-0.366798
8,39,0.00256962,-0.151957,-0.0186884,0.0025915,-0.00382471,0.109857,-0.182346
9,39,0.000333137,-0.12251,-0.013625,0.0166629,-0.00203109,-0.0874713,0.825301
10,39,0.00276102,-0.0765779,-0.005581,-0.00188758,-7.97481e-05,0.28015,0.438162
1,40,0.00241409,0.404176,0.0092757,0.0099394,0.00512116,0.173084,0.25631
2,40,-0.000433521,0.453179,0.00408318,-0.0215015,0.00153077,0.0966539,-0.509051
3,40,0.000107476,0.477606,-0.0176742,0.000485033,0.00438677,0.0434707,-0.490511
4,40,0.000245943,0.432125,0.0026199,0.00284111,-0.00132481,0.148682,0.307032
5,40,-0.001625,0.413908,-0.00342846,-0.0116804,0.00745514,0.412399,0.501756
6,40,-0.000287256,0.39488,0.0112055,0.00204056,-0.0013507,0.386954,-0.397722
7,40,0.000946654,0.438313,-0.00533818,0.00783895,-0.00205354,0.140231,-0.376876
8,40,-0.00188068,0.387849,-0.00790854,-0.00476134,-0.00376728,0.45769,-0.191179
9,40,-0.00239926,0.446087,0.00796259,-0.00275772,-0.00247044,0.284421,0.124185
10,40,-0.00324452,0.429518,0.00298336,0.00885041,0.00979529,0.181815,-0.242419
1,41,-0.00236296,0.109035,0.0249464,0.00732192,0.00263917,0.0870372,0.441094
2,41,-0.00250236,0.0849644,-0.0218043,0.0157575,0.00688265,-0.0175288,-0.521304
3,41,-0.000354813,0.124942,0.00617566,0.00980039,-0.000203166,0.302348,-0.471646
4,41,-0.00251434,0.128835,0.00133015,0.0136086,0.00992633,0.198826,0.523506
5,41,-0.0021971,0.126547,0.00353041,-0.0155278,-0.00611418,0.314804,0.337837
6,41,0.00351192,0.0768473,0.0097695,0.000145864,-0.00400711,0.327203,0.0787794
7,41,0.000853343,0.111274,-0.00128859,0.0159475,-0.00381733,-0.0524855,0.0466862
8,41,-0.00281247,0.0997774,-0.00312707,0.00031372,-0.0145147,0.276888,-0.296095
9,41,0.00445033,0.078599,0.00188224,0.00580306,0.00315404,-0.0186068,0.366785
10,41,-0.00100942,0.0559348,0.00658807,0.00608734,0.00930478,0.280295,0.570678
1,42,-0.00350259,0.111212,-0.00298328,0.0189573,0.00184805,0.41125,0.268836
2,42,0.00224442,0.123288,-0.00631254,-0.000863383,0.000742283,0.184762,0.375317
3,42,-0.00255206,0.0616249,-0.0146684,0.00227065,0.00840179,0.233203,0.0752846
4,42,-0.00155771,0.0903981,0.0104198,0.0125548,-0.00227733,0.0163473,0.00285599
5,42,-0.00100812,0.168633,0.00471254,0.00260686,0.0175543,0.423389,0.303463
6,42,-0.00168657,0.0489263,0.0125707,0.00879876,0.00818738,-0.141701,1.04762
7,42,-0.000367655,0.122884,0.00268878,0.00198602,0.00372225,0.36423,-0.248391
8,42,0.00372623,0.0949855,-0.00923096,0.0030861,-0.00185234,-0.0937199,-0.655156
9,42,-0.00159635,0.0221782,-0.000322502,-0.00527497,0.00258731,0.0190951,0.945012
10,42,-0.000695663,0.0624676,0.00278415,-0.00944193,0.00399237,0.274038,-0.41362
1,43,-0.00116751,-0.191292,-0.00653481,-0.00469793,0.00434481,0.498737,-0.0403282
2,43,0.00015114,-0.172944,0.00356516,-0.00287754,0.00397832,0.0378799,-1.02327
3,43,-0.00498542,-0.210108,0.00947767,0.00242317,0.00214591,0.19307,0.17683
4,43,-0.00347359,-0.200806,0.0126693,-0.00115669,-0.00387716,-0.0491257,-0.62982
5,43,-0.00383126,-0.172002,0.00203259,-0.0124881,0.00869661,0.0112634,0.167935
6,43,-0.00172138,-0.213367,-0.00404096,-0.000882796,-0.00133292,0.313463,0.17676
7,43,-0.000606089,-0.224406,0.00656419,0.00342221,0.00333303,0.25626,-0.137892
8,43,0.00230003,-0.269335,-0.0103376,-0.0193824,0.000118373,0.653161,-0.393034
9,43,-0.00069895,-0.222877,0.0110166,-0.00487219,-0.000576206,0.377425,0.176168
10,43,0.00190526,-0.197264,0.00671485,0.000463541,0.00171055,0.428867,-0.424573
1,44,-0.00154927,0.126361,0.00115625,0.000400076,-0.00585105,0.228063,0.517372
2,44,0.00373449,0.126711,0.0107006,-0.0020795,0.00203043,0.220749,-0.243977
3,44,-0.00294752,0.0315778,0.00216565,0.00344921,0.00462618,0.183518,-0.398564
4,44,0.000210379,0.112092,0.0156634,-0.00324577,-0.0094939,0.311281,-0.52336
5,44,-1.1014e-05,0.0703142,-0.0116062,-0.00611366,0.00326797,0.175614,-0.302635
6,44,0.00119569,0.128123,-2.45777e-07,-0.0151868,0.00105103,0.0986036,0.141173
7,44,-0.00162922,0.145595,0.00816241,-0.00483298,0.00378507,0.238793,-0.0458381
8,44,-0.00296077,0.111504,0.00585201,-0.00532039,0.00406997,0.0808032,-0.0466284
9,44,0.00279864,0.130594,0.0246671,-0.00455722,-0.000178721,0.276439,0.415197
10,44,-0.00604628,0.167685,0.00635592,0.012212,-0.000563871,0.569513,0.523797
1,45,-0.00585454,-0.37012,-0.000254367,-0.00520533,0.00899779,0.394758,0.448417
2,45,0.00341133,-0.309301,0.00673648,0.00806527,0.00562457,0.22498,-0.323651
3,45,-0.00349857,-0.321387,0.00713734,0.00678021,-0.00606687,0.302163,0.603152
4,45,-6.54685e-05,-0.345874,-0.00562003,4.3574e-05,0.00502947,0.179544,-0.853487
5,45,-0.00117651,-0.334876,0.00586957,0.00438798,-0.00321366,0.304796,0.0894468
6,45,-0.00474264,-0.369521,-0.00564435,0.0104166,0.00217829,0.286973,0.112304
7,45,0.00104013,-0.291065,0.00143299,-0.0111412,-0.000835672,0.204911,-0.374523
8,45,-0.00191069,-0.338202,0.00244335,0.00553464,0.00613799,0.466064,-0.0188986
9,45,1.76168e-05,-0.367161,0.00710004,-0.00302505,0.000962388,0.252025,0.18362
10,45,0.00390211,-0.391291,0.0111731,-0.0141367,0.0081075,0.0963569,-0.330988
