rep,id,Cl,V1,Q,V2,R0,kout,IC50
1,1,2.81222,0.375955,2.34828,4.94082,1115.09,0.00576747,2.47723e-10
2,1,2.79913,0.399191,2.35453,4.90512,1116.23,0.00733925,1.8446e-10
3,1,2.80482,0.40342,2.31818,4.88749,1106.42,0.00576893,2.49337e-10
4,1,2.83338,0.388253,2.32163,4.9984,1124.37,0.00789865,2.47379e-10
5,1,2.80807,0.383156,2.3281,4.94445,1117.02,0.00691678,1.05085e-10
6,1,2.81186,0.387733,2.31143,4.87726,1116.22,0.00589768,3.27946e-10
7,1,2.80576,0.396715,2.32984,4.97415,1109.03,0.0076969,4.32793e-10
8,1,2.80101,0.387797,2.34371,4.87112,1112.9,0.00603403,2.56813e-10
9,1,2.82236,0.39758,2.31763,4.92962,1108.28,0.00725665,2.69946e-10
10,1,2.8129,0.376894,2.35661,4.87219,1117.83,0.00480512,2.3773e-10
1,2,2.82325,0.556886,2.36681,4.88428,1111.49,0.00792869,2.23096e-10
2,2,2.80943,0.497799,2.34827,4.91677,1135.78,0.00621106,2.03366e-10
3,2,2.8065,0.528665,2.31999,4.94887,1108.19,0.008244,1.73564e-10
4,2,2.82269,0.551084,2.33051,4.91778,1119.56,0.00648594,2.017e-10
5,2,2.82526,0.522838,2.36988,4.89359,1125.02,0.00586681,3.04735e-10
6,2,2.81499,0.560146,2.32184,4.85334,1108.57,0.00613367,1.86016e-10
7,2,2.80507,0.525546,2.30996,4.95703,1129.78,0.00891047,3.11626e-10
8,2,2.81273,0.489886,2.32786,4.93219,1104.29,0.00785839,1.09662e-10
9,2,2.81626,0.487265,2.29064,4.85788,1118.16,0.00455071,1.1809e-10
10,2,2.79243,0.497457,2.34241,4.93935,1112.33,0.00549977,9.43403e-11
1,3,2.81733,0.929582,2.32734,4.95583,1112.88,0.00820301,2.34191e-10
2,3,2.81885,0.95766,2.32109,4.85195,1112.15,0.00636931,1.85666e-10
3,3,2.81619,0.965724,2.31484,4.94147,1113.03,0.00550617,3.52911e-10
4,3,2.81334,0.955352,2.3125,4.9725,1108.33,0.00818857,1.33163e-10
5,3,2.80734,0.998996,2.35918,4.94274,1112.91,0.00638321,1.77328e-10
6,3,2.8168,1.00262,2.33748,4.98761,1113.91,0.00783424,1.62583e-10
7,3,2.81513,1.0116,2.32416,4.93321,1111.45,0.00650107,1.23071e-10
8,3,2.81864,0.963362,2.33504,5.05229,1129.7,0.00576551,1.94225e-10
9,3,2.80326,0.991816,2.29509,4.9835,1115.42,0.00786678,1.88794e-10
10,3,2.82444,0.905011,2.35166,4.86866,1119.5,0.00503543,2.29692e-10
1,4,2.80603,0.686444,2.34275,4.99689,1118.55,0.00607618,2.05368e-10
2,4,2.82645,0.71487,2.36952,4.9626,1111.27,0.00851292,1.72477e-10
3,4,2.79811,0.666189,2.30709,4.91964,1116.19,0.0059908,2.7191e-10
4,4,2.80915,0.754327,2.33928,4.97188,1115.37,0.00556956,2.13961e-10
5,4,2.82492,0.709047,2.3283,4.92919,1112.31,0.00723908,2.02611e-10
6,4,2.81311,0.691609,2.31415,4.94363,1105.49,0.00451579,9.78236e-11
7,4,2.81869,0.669549,2.35811,4.91981,1111.23,0.00868072,4.49677e-10
8,4,2.81755,0.668951,2.36061,5.00085,1107.36,0.00624587,1.9842e-10
9,4,2.82503,0.672147,2.35105,4.98034,1104.5,0.00605919,2.23727e-10
10,4,2.82443,0.689028,2.34031,4.90357,1106.27,0.00683314,2.77826e-10
1,5,2.81863,1.12051,2.3369,4.79786,1113.97,0.00705125,3.68545e-10
2,5,2.81495,1.17841,2.32076,4.83559,1113.27,0.00703121,1.19759e-10
3,5,2.8076,1.17088,2.33243,4.90636,1120.6,0.00652206,2.96958e-10
4,5,2.81228,1.12363,2.3192,4.87304,1128.53,0.00654381,9.85054e-11
5,5,2.81977,1.18252,2.34513,4.93437,1112.76,0.00533252,3.23916e-10
6,5,2.8065,1.12819,2.31372,4.86506,1111.62,0.00588494,2.32848e-10
7,5,2.81861,1.22426,2.3336,4.94309,1108.65,0.00491141,3.55214e-10
8,5,2.8208,1.10975,2.36873,4.9313,1118.58,0.00615882,4.09829e-10
9,5,2.81249,1.04255,2.33562,4.83617,1123.61,0.00691297,1.41798e-10
10,5,2.81917,1.14936,2.33705,4.93935,1117.44,0.0051124,4.64462e-10
1,6,2.81494,1.03378,2.31136,4.88796,1120.82,0.00612746,1.20651e-10
2,6,2.82192,1.01741,2.34253,4.92117,1109.99,0.00696191,2.92887e-10
3,6,2.83161,0.991875,2.35402,4.91324,1112.73,0.00577251,1.91114e-10
4,6,2.8113,1.03504,2.3084,4.98246,1114.16,0.00589721,1.61116e-10
5,6,2.80239,0.989327,2.33286,4.99406,1122.25,0.00569963,1.08473e-10
6,6,2.80239,0.994958,2.33955,4.88229,1103.17,0.00592656,1.7011e-10
7,6,2.8223,1.02587,2.31873,4.8616,1109.28,0.00727492,1.94384e-10
8,6,2.81405,1.0064,2.36057,4.93079,1110.09,0.00733196,1.5912e-10
9,6,2.80709,0.956659,2.34857,4.91718,1116.23,0.00736841,1.48416e-10
10,6,2.81276,1.07283,2.3679,4.89788,1113.69,0.00569452,3.87212e-10
1,7,2.82777,0.694952,2.33752,4.97933,1113.32,0.00788056,3.75251e-10
2,7,2.81026,0.71125,2.30663,4.85164,1111.13,0.00547929,4.77146e-10
3,7,2.83088,0.724951,2.3237,4.87302,1110.15,0.00717592,3.99806e-10
4,7,2.82149,0.716591,2.31804,5.00711,1122.95,0.00300511,1.89934e-10
5,7,2.82394,0.770845,2.32047,4.99595,1105.73,0.00455118,1.78011e-10
6,7,2.82098,0.734341,2.32808,4.85727,1105.34,0.00713526,3.08242e-10
7,7,2.81411,0.710702,2.30956,4.96395,1109.92,0.00625031,2.11798e-10
8,7,2.81498,0.761919,2.29894,4.96232,1119.02,0.00430059,2.8716e-10
9,7,2.82041,0.746349,2.31251,4.93255,1111.29,0.00570319,1.55251e-10
10,7,2.82714,0.724532,2.31663,4.96794,1116.48,0.00580613,1.66407e-10
1,8,2.83141,1.0618,2.3298,4.96671,1111.83,0.00594896,3.29684e-10
2,8,2.81458,0.975733,2.33092,4.9483,1119.17,0.00870802,2.16484e-10
3,8,2.82169,0.958287,2.33779,4.94433,1117.45,0.0060141,3.31655e-10
4,8,2.82177,1.08594,2.30932,4.946,1105.79,0.00662295,2.15486e-10
5,8,2.81866,0.95709,2.31822,4.92392,1121.22,0.00494357,2.70913e-10
6,8,2.81959,1.02381,2.34114,4.92872,1111.53,0.00482186,2.35515e-10
7,8,2.81104,0.94645,2.35526,4.91323,1113.24,0.0069852,2.0572e-10
8,8,2.811,0.944267,2.34163,4.86235,1106.18,0.00811935,1.36972e-10
9,8,2.81579,1.01407,2.32811,4.94352,1116.81,0.00559948,2.32346e-10
10,8,2.82367,1.02999,2.31473,4.9418,1117.89,0.0063704,2.12098e-10
1,9,2.81561,0.924403,2.31249,4.94667,1101.72,0.00626148,3.15884e-10
2,9,2.82898,0.878836,2.35185,5.01496,1111.52,0.00637718,2.94045e-10
3,9,2.80877,0.866839,2.31641,4.90959,1112.04,0.00530283,1.81719e-10
4,9,2.81429,0.941411,2.32344,4.92493,1111.7,0.00576402,1.53927e-10
5,9,2.82316,0.903241,2.31092,4.95493,1114.44,0.00570928,3.00019e-10
6,9,2.81781,0.924763,2.31708,4.86999,1113.15,0.00785347,2.23257e-10
7,9,2.81472,0.889538,2.31453,4.89141,1114.26,0.00615876,2.21432e-10
8,9,2.83344,0.961861,2.32572,4.868,1104.9,0.00590016,2.83751e-10
9,9,2.81545,0.853834,2.34264,4.9466,1111.85,0.00681482,6.21121e-11
10,9,2.82526,0.864293,2.30306,4.96436,1119.91,0.00678213,2.74189e-10
1,10,2.80527,0.885721,2.35172,4.95047,1104.64,0.00547061,3.52451e-10
2,10,2.81407,0.912848,2.37136,4.91567,1108.72,0.00830402,2.1136e-10
3,10,2.81649,0.923397,2.31477,4.97717,1115.63,0.00552039,1.44489e-10
4,10,2.81056,0.897255,2.31597,4.91118,1120.87,0.0062468,2.1951e-10
5,10,2.82,0.887345,2.34231,4.92806,1111.76,0.00588875,2.43398e-10
6,10,2.82655,0.928298,2.33657,4.92792,1110.63,0.00548511,1.50187e-10
7,10,2.80902,0.906499,2.34549,4.93103,1118.17,0.00559047,2.83437e-10
8,10,2.81009,0.928033,2.32103,4.89168,1121.85,0.00413935,9.18843e-11
9,10,2.81688,0.936181,2.33291,4.85283,1117.6,0.00748255,1.36382e-10
10,10,2.81458,0.912738,2.34789,4.95399,1110.26,0.00610176,4.97103e-10
1,11,2.81091,1.4824,2.33213,4.94716,1114.25,0.00633361,3.61217e-10
2,11,2.82912,1.32556,2.3556,4.93916,1101.79,0.00847761,3.7969e-10
3,11,2.81247,1.28414,2.3664,4.91657,1118.36,0.00718088,1.15019e-10
4,11,2.81337,1.39918,2.35408,4.95687,1118.33,0.00567168,2.57499e-10
5,11,2.82134,1.34781,2.32459,4.88144,1120.67,0.00587813,2.21914e-10
6,11,2.81599,1.33003,2.34663,4.94439,1113.82,0.00813143,1.16825e-10
7,11,2.81866,1.27725,2.33426,4.92794,1125.75,0.00510807,1.23431e-10
8,11,2.81919,1.27534,2.33557,4.94508,1110.47,0.00715935,3.57144e-10
9,11,2.80965,1.24609,2.35736,4.90708,1115.86,0.00590252,1.75356e-10
10,11,2.82367,1.24583,2.3663,4.919,1114.96,0.00563751,1.66591e-10
1,12,2.82117,0.553561,2.33679,4.93343,1109.81,0.00474686,1.66983e-10
2,12,2.8192,0.574954,2.33607,4.92809,1122.99,0.00548354,2.73113e-10
3,12,2.82422,0.587416,2.33967,4.91512,1111.51,0.00500299,2.09972e-10
4,12,2.82159,0.568612,2.31955,4.86293,1108.35,0.00932783,1.54815e-10
5,12,2.80933,0.583839,2.33262,4.95323,1120.41,0.00540387,1.41518e-10
6,12,2.80132,0.617011,2.35982,4.89653,1105.14,0.0058748,1.98468e-10
7,12,2.80841,0.559486,2.33859,4.95285,1116.82,0.00815941,2.99635e-10
8,12,2.79864,0.545603,2.31689,4.92189,1106.62,0.00644944,2.08476e-10
9,12,2.8214,0.566121,2.33272,4.92497,1108.24,0.00611437,2.86278e-10
10,12,2.81854,0.572603,2.34531,4.94398,1127.49,0.00549086,1.44382e-10
1,13,2.80887,0.618765,2.30144,4.9301,1116.63,0.00616752,2.33249e-10
2,13,2.81686,0.597541,2.32698,4.97503,1107.65,0.00489213,1.03251e-10
3,13,2.81953,0.587384,2.33213,4.94725,1111.4,0.00663932,4.15538e-10
4,13,2.81614,0.559182,2.33426,4.97181,1105.35,0.00590371,1.93948e-10
5,13,2.81186,0.574585,2.33697,4.95903,1112.13,0.00585909,1.47457e-10
6,13,2.80416,0.576322,2.30382,4.96821,1111.44,0.00889796,4.28679e-10
7,13,2.80257,0.572615,2.30365,4.95242,1108.99,0.00713253,2.47691e-10
8,13,2.81683,0.574759,2.32719,4.99481,1108.32,0.005909,2.41756e-10
9,13,2.83707,0.582803,2.33141,4.94019,1116.74,0.00615165,1.00253e-10
10,13,2.81134,0.556486,2.33315,4.90347,1114.89,0.00655792,2.34032e-10
1,14,2.80244,0.646501,2.34141,4.898,1103.76,0.00697164,4.45096e-10
2,14,2.81624,0.63601,2.33095,4.89418,1111.48,0.00597157,2.57018e-10
3,14,2.80906,0.616132,2.31487,4.88417,1111.68,0.00651378,1.65259e-10
4,14,2.81317,0.614928,2.33754,4.90569,1115.72,0.00770974,2.65675e-10
5,14,2.81272,0.603317,2.33314,4.88653,1109.7,0.00612635,1.36026e-10
6,14,2.80789,0.609656,2.40028,4.97043,1108.55,0.00786086,1.70528e-10
7,14,2.81949,0.638503,2.3315,4.88897,1117.1,0.0040219,1.77298e-10
8,14,2.80503,0.635897,2.34916,4.91649,1119.92,0.00506394,3.18009e-10
9,14,2.80995,0.687322,2.34702,4.95821,1110.4,0.00675443,1.57808e-10
10,14,2.81641,0.644735,2.36653,4.85897,1105.18,0.00517169,1.43756e-10
1,15,2.81795,0.665994,2.34883,4.9561,1116.26,0.00432665,4.6719e-10
2,15,2.81063,0.639943,2.33524,4.96266,1109.05,0.00742774,1.9243e-10
3,15,2.81126,0.642568,2.34086,4.98638,1112.36,0.00970941,3.11509e-10
4,15,2.79884,0.623664,2.36427,4.94038,1111.97,0.0099493,1.56232e-10
5,15,2.80321,0.668182,2.31533,4.84824,1105.94,0.00682932,2.29137e-10
6,15,2.80682,0.655899,2.3571,4.97309,1115.72,0.00765542,3.34849e-10
7,15,2.83026,0.613962,2.36837,4.92032,1126.33,0.00756037,9.72651e-11
8,15,2.8208,0.677609,2.35513,4.91831,1109.76,0.00833406,1.14219e-10
9,15,2.81746,0.654008,2.35469,5.00073,1117.68,0.00527869,3.14692e-10
10,15,2.81436,0.636267,2.33057,4.96854,1122.57,0.00533741,1.5577e-10
1,16,2.81196,0.63734,2.35562,4.97292,1109.87,0.00689462,1.49735e-10
2,16,2.8082,0.610026,2.30867,4.96932,1113.38,0.00651588,1.38033e-10
3,16,2.81363,0.628738,2.34053,4.96727,1112.74,0.00888705,1.93202e-10
4,16,2.81593,0.638938,2.35213,4.99436,1118.13,0.00879611,1.18805e-10
5,16,2.81094,0.611897,2.30649,4.99835,1118.03,0.00765981,6.72253e-10
6,16,2.82236,0.573489,2.30593,4.90089,1118.87,0.00861669,1.8021e-10
7,16,2.81628,0.613389,2.3547,5.00321,1112.41,0.00679216,2.72247e-10
8,16,2.81174,0.618208,2.31109,4.96961,1122.3,0.00837375,3.68461e-10
9,16,2.81546,0.605939,2.34311,4.97988,1106.17,0.00931054,2.21517e-10
10,16,2.813,0.616494,2.3287,4.9269,1103.2,0.00604187,1.37469e-10
1,17,2.81109,0.490325,2.33967,4.95458,1120.24,0.0083855,1.78905e-10
2,17,2.81736,0.491616,2.32964,4.93795,1113.79,0.0101396,2.20023e-10
3,17,2.81578,0.47006,2.30758,4.92037,1113.82,0.00534768,1.8798e-10
4,17,2.81955,0.486356,2.36363,4.91985,1112.36,0.00612098,1.23194e-10
5,17,2.81126,0.459186,2.36566,4.87601,1115.66,0.00820613,5.57504e-11
6,17,2.8083,0.492509,2.34828,4.89279,1113.94,0.00655289,9.38557e-11
7,17,2.80877,0.503145,2.34852,4.9525,1113.83,0.00901353,1.54676e-10
8,17,2.80786,0.500397,2.34203,4.92585,1117.54,0.00861086,4.1142e-10
9,17,2.80783,0.494133,2.32822,4.91752,1111.15,0.00555884,1.44762e-10
10,17,2.814,0.493741,2.33545,4.92787,1102.68,0.00854913,1.51066e-10
1,18,2.80674,0.636967,2.33868,4.95901,1115.24,0.00580074,1.88329e-10
2,18,2.82581,0.616564,2.37173,4.82753,1113.18,0.00842804,1.4031e-10
3,18,2.83132,0.666182,2.37656,4.94511,1123.17,0.00576009,2.36992e-10
4,18,2.80988,0.597998,2.34457,4.8848,1109.12,0.00660942,2.60232e-10
5,18,2.81376,0.67531,2.33242,4.98594,1107.83,0.00646442,2.23305e-10
6,18,2.81148,0.626052,2.35138,4.95604,1108.29,0.00872343,2.11484e-10
7,18,2.82379,0.692864,2.34814,4.88248,1119.69,0.00725964,2.96974e-10
8,18,2.81657,0.64615,2.37465,4.88849,1101.54,0.0104433,1.5289e-10
9,18,2.80272,0.643225,2.34831,4.93047,1110.54,0.00685625,1.00098e-10
10,18,2.81091,0.615741,2.34489,4.92622,1125.06,0.005711,1.76414e-10
1,19,2.8154,0.879765,2.3147,4.80018,1111.44,0.00729278,1.08583e-10
2,19,2.82553,0.976459,2.29828,4.94088,1102.25,0.00777265,1.81865e-10
3,19,2.81435,0.876955,2.3092,4.84291,1109.31,0.00801315,2.55567e-10
4,19,2.82075,1.02059,2.35355,4.96301,1109.66,0.00738327,4.9492e-10
5,19,2.80944,0.938303,2.32215,4.95301,1124.97,0.00804142,2.17688e-10
6,19,2.82576,0.940413,2.34783,4.94662,1113.78,0.00720768,1.82164e-10
7,19,2.82035,0.942004,2.33545,4.84538,1110.29,0.00779477,3.41552e-10
8,19,2.81834,0.983589,2.3338,4.86842,1116.08,0.00728181,2.15964e-10
9,19,2.81084,0.884176,2.27953,4.89329,1102.73,0.00733448,1.87664e-10
10,19,2.81552,0.921889,2.32792,4.95659,1116.24,0.0070979,6.96778e-11
1,20,2.81415,0.494614,2.31493,4.92805,1115.29,0.00612443,2.59869e-10
2,20,2.81302,0.473753,2.344,5.01651,1114.33,0.00775394,1.30464e-10
3,20,2.81205,0.510079,2.36126,5.00884,1115.64,0.00972672,2.59823e-10
4,20,2.82231,0.466536,2.32156,4.87166,1118.61,0.010384,1.62515e-10
5,20,2.79949,0.449749,2.28958,4.98831,1111.02,0.00987214,3.54546e-10
6,20,2.8099,0.473032,2.31711,4.97273,1121.6,0.00775997,2.97834e-10
7,20,2.80818,0.470892,2.32607,4.95651,1116.58,0.00735834,1.28796e-10
8,20,2.81765,0.466265,2.31634,4.91089,1118.82,0.00956285,3.04766e-10
9,20,2.81023,0.509267,2.33307,4.9992,1117.47,0.00824045,1.01444e-10
10,20,2.8003,0.473888,2.33691,4.93295,1114.66,0.00879829,2.64543e-10
1,21,2.82133,0.776698,2.33227,5.05646,1114.22,0.00849729,2.01788e-10
2,21,2.8184,0.786474,2.33755,4.90295,1107.33,0.00742495,1.80701e-10
3,21,2.79653,0.780402,2.31529,5.00945,1111.41,0.00844347,1.55091e-10
4,21,2.81467,0.735717,2.32115,4.87139,1118.65,0.00934951,1.12078e-10
5,21,2.81738,0.742887,2.35009,5.04107,1112.27,0.00671556,1.57126e-10
6,21,2.80778,0.817384,2.32401,4.95926,1112.29,0.00680304,2.26658e-10
7,21,2.80607,0.767984,2.34087,4.95146,1122.12,0.00885694,3.92581e-10
8,21,2.81904,0.814916,2.32461,4.91124,1117.31,0.0107799,1.86397e-10
9,21,2.81643,0.803275,2.30408,5.00022,1116.35,0.00661144,2.37563e-10
10,21,2.82307,0.742036,2.30925,4.88603,1115.65,0.00713416,1.70815e-10
1,22,2.81907,0.517931,2.37313,4.95686,1112.83,0.00860025,2.61608e-10
2,22,2.81375,0.451146,2.3635,4.92448,1118.25,0.00692149,1.44216e-10
3,22,2.82045,0.450545,2.33887,4.95267,1118.38,0.00967581,2.49323e-10
4,22,2.80787,0.462798,2.37638,4.96266,1107.54,0.00754305,1.3284e-10
5,22,2.81524,0.464597,2.33927,4.90669,1118.61,0.00638499,2.50597e-10
6,22,2.81325,0.476391,2.34981,4.96034,1116.1,0.00769684,2.7287e-10
7,22,2.82229,0.460615,2.33222,4.88896,1118.96,0.00777441,3.40276e-10
8,22,2.81109,0.469228,2.36323,4.93273,1120.03,0.0106562,2.87359e-10
9,22,2.80978,0.461772,2.35583,4.9214,1114,0.00582938,1.69958e-10
10,22,2.8202,0.460695,2.32393,4.86913,1115.97,0.0066326,3.42654e-10
1,23,2.82755,1.28668,2.35349,5.00978,1114.95,0.00597875,2.45692e-10
2,23,2.82551,1.27354,2.34362,4.9411,1123.1,0.0111956,1.80963e-10
3,23,2.82513,1.20242,2.33303,4.96476,1109.89,0.00715446,3.12267e-10
4,23,2.81109,1.15833,2.33329,4.96966,1126.94,0.00914838,7.17801e-11
5,23,2.81239,1.21677,2.30171,5.01871,1111.49,0.00769287,1.15785e-10
6,23,2.81281,1.21252,2.33208,4.96489,1119.33,0.00897984,1.56275e-10
7,23,2.81848,1.23767,2.31467,5.00267,1111.6,0.0103827,1.35428e-10
8,23,2.81639,1.17809,2.34685,4.95624,1119.99,0.00683502,1.97797e-10
9,23,2.8165,1.18738,2.33312,4.88139,1116.19,0.00611887,4.06165e-10
10,23,2.80221,1.23511,2.30226,5.0326,1107.05,0.00826407,3.28683e-10
1,24,2.80201,0.75358,2.32788,4.98625,1103,0.00663593,2.77324e-10
2,24,2.81663,0.719961,2.34705,5.01048,1110.28,0.00635885,1.24541e-10
3,24,2.81578,0.827833,2.31459,4.94927,1116.45,0.0103575,1.40941e-10
4,24,2.8264,0.712752,2.3164,4.9346,1128.08,0.00634818,2.77285e-10
5,24,2.81981,0.748943,2.30141,4.87218,1107.47,0.006469,1.59768e-10
6,24,2.82266,0.791067,2.35014,4.84417,1121.65,0.00784639,3.48527e-10
7,24,2.81322,0.764234,2.3471,4.93632,1116.06,0.00615898,3.21062e-10
8,24,2.81992,0.783669,2.3339,4.96951,1111.48,0.00876579,3.00812e-10
9,24,2.82278,0.751397,2.30723,4.96556,1109.83,0.00757346,3.34898e-10
10,24,2.82786,0.76262,2.30951,4.87964,1110.04,0.00716076,1.62488e-10
1,25,2.81502,0.705895,2.32655,5.01906,1116.58,0.0102981,1.68732e-10
2,25,2.81982,0.63205,2.33658,4.96408,1108.26,0.0104426,1.8077e-10
3,25,2.81282,0.608108,2.3394,4.87673,1104.04,0.00908069,1.52456e-10
4,25,2.8077,0.621815,2.31176,4.93867,1112.55,0.00872996,2.14631e-10
5,25,2.80756,0.639702,2.32611,5.00377,1119.25,0.00804183,2.72597e-10
6,25,2.81771,0.629568,2.30962,4.89021,1123.7,0.00450157,1.65214e-10
7,25,2.81994,0.655982,2.31834,4.96948,1116.01,0.00565978,2.32219e-10
8,25,2.83013,0.608947,2.33395,4.98713,1124.59,0.00980132,2.28511e-10
9,25,2.82117,0.638627,2.32786,4.9509,1114.54,0.00556947,3.06671e-10
10,25,2.80527,0.657245,2.32479,4.98833,1114.24,0.00706004,1.83067e-10
1,26,2.82753,0.570891,2.32751,4.96291,1115.17,0.00703836,4.6023e-10
2,26,2.81795,0.535754,2.37156,4.97321,1114.95,0.00695958,1.5694e-10
3,26,2.81248,0.535171,2.32634,4.93389,1110.36,0.00624739,2.52566e-10
4,26,2.81944,0.559982,2.31935,4.94893,1117.71,0.00803927,1.38588e-10
5,26,2.81957,0.549539,2.31546,4.90509,1112.62,0.00884355,1.71332e-10
6,26,2.81363,0.510384,2.33596,4.93843,1127.02,0.00535532,2.89954e-10
7,26,2.82958,0.526689,2.35067,4.97983,1114.85,0.0062202,3.36092e-10
8,26,2.81068,0.515092,2.33786,4.98477,1104.86,0.00657315,2.18325e-10
9,26,2.81411,0.573036,2.31456,4.93426,1101.73,0.00960921,9.72225e-11
10,26,2.81346,0.558116,2.34014,5.0118,1116.47,0.0062472,1.36314e-10
1,27,2.81966,0.578361,2.31078,4.92454,1109.63,0.00662847,1.1316e-10
2,27,2.83304,0.625332,2.32757,4.9221,1110.55,0.00708743,3.10718e-10
3,27,2.8056,0.599481,2.32307,4.89991,1115.21,0.00882725,3.21385e-10
4,27,2.81318,0.610762,2.32623,4.97924,1109.05,0.005867,2.51889e-10
5,27,2.82664,0.588648,2.31309,4.93625,1113.78,0.00652205,4.78753e-10
6,27,2.81151,0.591188,2.34988,4.98651,1119.11,0.00744019,2.04509e-10
7,27,2.80393,0.593099,2.33118,4.96502,1116.17,0.00833178,2.27876e-10
8,27,2.84084,0.583134,2.30606,5.01239,1126.56,0.00801974,1.68497e-10
9,27,2.80512,0.580422,2.31338,4.88742,1121.19,0.00758075,8.87743e-11
10,27,2.82394,0.604891,2.30986,4.97916,1113.81,0.00692632,2.56679e-10
1,28,2.81948,0.971736,2.32134,4.93927,1121.62,0.0105624,2.69205e-10
2,28,2.83006,0.939594,2.31966,4.92999,1114.03,0.00894432,2.78699e-10
3,28,2.83032,0.922532,2.28319,4.92331,1121.57,0.00726159,3.57386e-10
4,28,2.82049,0.921776,2.31827,4.95855,1120.52,0.00725743,4.30111e-10
5,28,2.81505,0.917704,2.31929,4.96007,1111.23,0.00557481,1.99647e-10
6,28,2.80615,0.913523,2.32952,4.97613,1123.13,0.00906459,1.2514e-10
7,28,2.82725,0.940455,2.31023,4.91752,1114.92,0.00740118,2.02887e-10
8,28,2.8139,0.933367,2.30812,4.97085,1119.2,0.00846579,1.63137e-10
9,28,2.83944,0.94569,2.3402,4.91836,1120.45,0.00598496,1.54848e-10
10,28,2.83426,0.989303,2.30848,4.98777,1115.28,0.00771972,3.53557e-10
1,29,2.81203,0.66615,2.35958,4.97969,1121.57,0.0061059,9.62213e-11
2,29,2.81588,0.664195,2.35863,5.04873,1120.22,0.00662032,2.20025e-10
3,29,2.81717,0.623178,2.36216,5.00426,1101.57,0.0107841,9.90185e-11
4,29,2.80936,0.628514,2.31497,5.01779,1098.77,0.00633954,1.81979e-10
5,29,2.8195,0.636537,2.3328,4.94958,1121.37,0.00663425,2.96061e-10
6,29,2.81249,0.652152,2.32568,4.97932,1119.49,0.00781018,1.98088e-10
7,29,2.82815,0.711157,2.33384,4.9394,1117.55,0.00820113,2.4467e-10
8,29,2.80951,0.62917,2.33538,4.91218,1106.3,0.00752251,1.62426e-10
9,29,2.81576,0.614338,2.31113,4.93556,1114.48,0.0080694,1.75669e-10
10,29,2.82564,0.60364,2.33322,4.95071,1115.74,0.0075078,1.61195e-10
1,30,2.81489,1.12098,2.32961,4.91513,1123.5,0.00733969,1.00594e-10
2,30,2.8267,1.10757,2.37041,4.91984,1115.37,0.00671658,1.39336e-10
3,30,2.81472,1.16127,2.3491,4.89397,1114.82,0.00908004,1.4204e-10
4,30,2.81464,1.06766,2.35232,4.93316,1109.51,0.00762272,1.77326e-10
5,30,2.82257,1.10822,2.39093,4.97528,1117.54,0.005863,1.37726e-10
6,30,2.82299,1.08556,2.32821,4.95808,1123.84,0.0099419,3.98225e-10
7,30,2.82036,1.0737,2.32698,4.98041,1126.35,0.00584083,1.47339e-10
8,30,2.8291,1.11176,2.32465,4.91131,1109.89,0.00779265,1.67223e-10
9,30,2.8246,1.04056,2.35968,4.98862,1119.61,0.00738425,2.56526e-10
10,30,2.82188,1.08105,2.30936,4.84687,1128.38,0.00689403,1.99055e-10
1,31,2.81678,0.84702,2.3352,4.9871,1120.88,0.00721061,2.86258e-10
2,31,2.81695,0.829466,2.30821,4.97543,1126.06,0.00899236,1.35372e-10
3,31,2.82026,0.834173,2.31467,4.97937,1118.02,0.0104391,9.7305e-11
4,31,2.80246,0.838463,2.32837,5.0167,1122.81,0.00963629,4.7987e-10
5,31,2.82303,0.833068,2.32961,4.83086,1106.67,0.00925871,1.61602e-10
6,31,2.81695,0.812825,2.34933,4.96924,1114.02,0.0110012,1.56456e-10
7,31,2.81608,0.805593,2.33103,5.03594,1123.96,0.00884527,2.26961e-10
8,31,2.82762,0.794864,2.31709,4.94209,1120.98,0.0092534,1.93521e-10
9,31,2.82073,0.839249,2.31861,4.95912,1116.88,0.00734177,3.07669e-10
10,31,2.81613,0.778532,2.31905,4.93647,1113.32,0.0114245,2.1805e-10
1,32,2.82069,0.33621,2.36219,4.98698,1111.79,0.0120948,1.63659e-10
2,32,2.8076,0.346255,2.34618,5.03716,1111.04,0.00975671,1.59058e-10
3,32,2.80927,0.317611,2.3391,4.82622,1111.09,0.0105208,2.63149e-10
4,32,2.81781,0.333031,2.35609,4.99832,1114.6,0.0104988,1.56381e-10
5,32,2.82183,0.328966,2.31782,4.91586,1107.29,0.00869005,2.52279e-10
6,32,2.8147,0.316195,2.33401,4.854,1114.97,0.00750392,9.81628e-11
7,32,2.82262,0.329434,2.31516,4.90645,1112.38,0.00900289,2.0256e-10
8,32,2.81934,0.307739,2.35276,4.89714,1125.93,0.00976785,5.03272e-10
9,32,2.81306,0.357005,2.32779,4.95552,1108.91,0.00877174,1.06291e-10
10,32,2.81074,0.309557,2.3241,4.91618,1110.71,0.0105353,1.35078e-10
1,33,2.81795,0.744728,2.32397,4.92008,1124.89,0.00996726,2.74136e-10
2,33,2.81395,0.757635,2.32117,4.91819,1121.54,0.00856386,1.35258e-10
3,33,2.79465,0.75308,2.31647,4.92171,1119.94,0.0115189,3.10688e-10
4,33,2.80768,0.763868,2.31246,4.98228,1122.29,0.0112575,2.38672e-10
5,33,2.81895,0.779984,2.31301,4.92257,1117.36,0.00958497,2.23131e-10
6,33,2.81423,0.811043,2.33461,5.06309,1117.33,0.00778171,2.2636e-10
7,33,2.80956,0.799265,2.32263,4.95744,1119.24,0.0105793,1.51529e-10
8,33,2.81054,0.77253,2.33658,4.92995,1112.03,0.00854238,2.0939e-10
9,33,2.81476,0.806969,2.32454,5.02056,1106.26,0.011352,3.383e-10
10,33,2.8061,0.81952,2.32426,4.97532,1119.98,0.0055678,3.73787e-10
1,34,2.80818,0.930242,2.33942,4.9753,1107.18,0.00809835,1.9267e-10
2,34,2.82552,0.921943,2.30467,4.96895,1121.74,0.0124007,1.6573e-10
3,34,2.82904,0.934678,2.31535,4.8903,1103.36,0.0116448,2.86421e-10
4,34,2.81921,0.936544,2.32284,4.90715,1105.87,0.0107599,1.39208e-10
5,34,2.82413,0.92785,2.30786,4.96297,1119.95,0.0121441,8.85868e-11
6,34,2.82035,0.932545,2.3223,4.94406,1110.35,0.0106159,3.32036e-10
7,34,2.80819,0.919309,2.30382,4.91253,1116.03,0.0108271,1.33036e-10
8,34,2.81849,0.963585,2.33446,4.91259,1113.17,0.0114341,3.06437e-10
9,34,2.81439,0.94044,2.31557,4.88566,1120.29,0.00749285,1.9137e-10
10,34,2.8197,0.965072,2.29538,4.92593,1114.39,0.00807129,1.86837e-10
1,35,2.80492,0.484918,2.34427,4.90597,1124.25,0.00744291,1.39648e-10
2,35,2.82664,0.506042,2.3687,4.94752,1108.51,0.011618,2.04483e-10
3,35,2.81383,0.498094,2.34714,4.92295,1113.21,0.0107746,1.77416e-10
4,35,2.81601,0.493903,2.3456,4.94687,1105.48,0.00735691,3.38374e-10
5,35,2.82379,0.491623,2.34555,4.84455,1121.06,0.00651468,4.69059e-10
6,35,2.81662,0.459913,2.32238,4.86796,1116.39,0.00918846,2.46224e-10
7,35,2.81403,0.46271,2.31354,4.88386,1118.63,0.00952986,3.22304e-10
8,35,2.81202,0.505803,2.32339,4.97018,1114.33,0.00926734,1.33064e-10
9,35,2.80889,0.469321,2.34493,4.96101,1098.58,0.00867442,6.00244e-11
10,35,2.83421,0.47473,2.3283,5.02045,1109.74,0.0102092,1.26215e-10
1,36,2.82023,0.425856,2.36203,4.88525,1113.13,0.0086283,2.81707e-10
2,36,2.81269,0.415944,2.33606,4.94586,1114,0.00915537,2.07254e-10
3,36,2.81093,0.415834,2.34803,4.93645,1120.77,0.010531,2.80123e-10
4,36,2.79526,0.424328,2.33051,4.91307,1129.51,0.00878572,2.49288e-10
5,36,2.8062,0.408165,2.30581,4.87371,1115.05,0.00820046,2.91256e-10
6,36,2.81361,0.43209,2.32378,4.95809,1113.8,0.0096262,2.38027e-10
7,36,2.81411,0.428816,2.36685,4.8994,1115.13,0.011205,1.13923e-10
8,36,2.80938,0.399122,2.3358,4.93885,1114.65,0.0106923,2.3704e-10
9,36,2.81613,0.428169,2.35192,4.979,1120.69,0.0115591,2.99123e-10
10,36,2.81644,0.450841,2.33415,4.90517,1105.37,0.00821105,1.69797e-10
1,37,2.81933,0.582072,2.33617,5.00116,1112.12,0.00900075,1.65551e-10
2,37,2.82631,0.594153,2.33186,4.96383,1111.82,0.00926857,1.97394e-10
3,37,2.8035,0.613868,2.32577,4.95738,1122.81,0.0101473,1.09854e-10
4,37,2.8143,0.546095,2.31222,4.90935,1121.27,0.00893684,1.64859e-10
5,37,2.80727,0.600764,2.34478,4.93782,1118.84,0.0103359,1.23332e-10
6,37,2.80503,0.566244,2.35553,4.94577,1121.01,0.00964873,2.10309e-10
7,37,2.82176,0.60402,2.30919,5.00496,1118.32,0.00980584,1.4202e-10
8,37,2.82367,0.587406,2.28124,4.93678,1106.28,0.00933631,2.16732e-10
9,37,2.79637,0.589521,2.32739,4.92084,1114.21,0.00964154,2.50153e-10
10,37,2.81443,0.560902,2.32813,4.98747,1117.25,0.00655505,2.69414e-10
1,38,2.82008,0.521109,2.36408,4.91047,1113.89,0.0104203,3.6293e-10
2,38,2.81966,0.514494,2.34467,4.8338,1118.99,0.011821,1.53114e-10
3,38,2.82193,0.528657,2.34054,4.94245,1120.68,0.010959,2.63118e-10
4,38,2.81608,0.537735,2.32609,5.0168,1105.82,0.0111839,1.76644e-10
5,38,2.82324,0.502676,2.3635,4.89641,1112.07,0.00974325,3.647e-10
6,38,2.82958,0.508987,2.32048,4.97645,1120.05,0.0116985,1.45107e-10
7,38,2.81166,0.498195,2.35885,4.95679,1122.83,0.0118057,4.75169e-10
8,38,2.80833,0.498349,2.3819,4.84351,1121.52,0.00969773,1.88548e-10
9,38,2.81505,0.527981,2.3438,4.88317,1119.66,0.0110299,4.44887e-10
10,38,2.80961,0.478304,2.33083,4.91199,1111.84,0.0114084,1.57263e-10
1,39,2.81525,0.570434,2.30197,4.82611,1122.03,0.0112358,1.04614e-10
2,39,2.81505,0.599976,2.31865,4.96821,1122.45,0.00998382,3.46322e-10
3,39,2.82075,0.561016,2.30867,4.90659,1111.47,0.00979476,1.24224e-10
4,39,2.81272,0.612932,2.33586,4.88614,1111.16,0.0104705,1.65539e-10
5,39,2.81984,0.59053,2.33699,5.03738,1115.63,0.00842939,1.52065e-10
6,39,2.82373,0.572223,2.33189,4.8793,1116.93,0.0099208,1.87017e-10
7,39,2.81338,0.589964,2.34629,4.9608,1115.02,0.00951443,1.44445e-10
8,39,2.82317,0.593035,2.29067,4.94904,1110.37,0.00860914,1.73703e-10
9,39,2.81686,0.610757,2.30229,5.01918,1112.36,0.00706742,4.758e-10
10,39,2.82371,0.639465,2.32089,4.92693,1114.54,0.0102074,3.23066e-10
1,40,2.82273,1.0342,2.35563,4.98554,1120.35,0.00917104,2.69348e-10
2,40,2.8147,1.08614,2.34343,4.83123,1116.33,0.00849622,1.25292e-10
3,40,2.81623,1.113,2.29299,4.93863,1119.53,0.00805617,1.27636e-10
4,40,2.81662,1.06352,2.34,4.95028,1113.15,0.00894996,2.83363e-10
5,40,2.81135,1.04432,2.32589,4.87891,1122.97,0.0116507,3.44279e-10
6,40,2.81512,1.02463,2.36018,4.94632,1113.12,0.011358,1.40046e-10
7,40,2.81859,1.07012,2.32145,4.97508,1112.34,0.00887464,1.42996e-10
8,40,2.81063,1.01745,2.31549,4.91279,1110.43,0.0121905,1.72176e-10
9,40,2.80918,1.07847,2.35254,4.92264,1111.88,0.0102511,2.36011e-10
10,40,2.8068,1.06075,2.34085,4.98012,1125.6,0.00925146,1.63576e-10
1,41,2.80928,0.769888,2.39283,4.97251,1117.57,0.0084149,3.24015e-10
2,41,2.80889,0.751577,2.28354,5.01463,1122.32,0.00757943,1.23766e-10
3,41,2.81493,0.782233,2.34834,4.98485,1114.4,0.0104366,1.30067e-10
4,41,2.80885,0.785284,2.33698,5.00387,1125.74,0.00941019,3.51849e-10
5,41,2.80974,0.783489,2.34213,4.86018,1107.83,0.0105674,2.92227e-10
6,41,2.82583,0.745502,2.35679,4.93696,1110.17,0.0106992,2.25535e-10
7,41,2.81833,0.771614,2.33087,5.01559,1110.38,0.00731906,2.18412e-10
8,41,2.80802,0.762793,2.32659,4.93778,1098.56,0.0101742,1.55027e-10
9,41,2.82848,0.746809,2.33827,4.96496,1118.15,0.00757126,3.00811e-10
10,41,2.81308,0.730073,2.3493,4.96638,1125.05,0.0102089,3.68844e-10
1,42,2.80608,0.771566,2.32693,5.03071,1116.69,0.0116373,2.72743e-10
2,42,2.82225,0.78094,2.31919,4.93198,1115.45,0.00927877,3.03388e-10
3,42,2.80875,0.734239,2.29989,4.94746,1124.03,0.0097393,2.24748e-10
4,42,2.81154,0.755672,2.35832,4.9986,1112.09,0.00784059,2.09045e-10
5,42,2.81309,0.817166,2.3449,4.94912,1134.36,0.0117794,2.82353e-10
6,42,2.81118,0.724974,2.3634,4.97986,1123.79,0.00669436,5.94259e-10
7,42,2.81489,0.780624,2.34016,4.94605,1118.78,0.0111028,1.62602e-10
8,42,2.82644,0.759147,2.31243,4.95149,1112.56,0.0070234,1.0826e-10
9,42,2.81143,0.70584,2.33312,4.91027,1117.51,0.00786217,5.36307e-10
10,42,2.81397,0.734858,2.34038,4.88985,1119.08,0.0101452,1.37838e-10
1,43,2.81264,0.570161,2.31868,4.9131,1119.48,0.0127013,2.0021e-10
2,43,2.81635,0.580718,2.34221,4.92205,1119.07,0.00801125,7.49202e-11
3,43,2.80192,0.559533,2.3561,4.94821,1117.02,0.00935618,2.48769e-10
4,43,2.80616,0.564762,2.36363,4.93053,1110.31,0.00734369,1.11038e-10
5,43,2.80516,0.581266,2.33863,4.87497,1124.36,0.00780083,2.46566e-10
6,43,2.81108,0.557712,2.32447,4.93188,1113.14,0.0105532,2.48752e-10
7,43,2.81422,0.551589,2.34925,4.95316,1118.35,0.00996647,1.81599e-10
8,43,2.82241,0.527356,2.30988,4.84148,1114.76,0.0148222,1.40704e-10
9,43,2.81396,0.552433,2.35973,4.91224,1113.98,0.0112503,2.48604e-10
10,43,2.82129,0.566766,2.3496,4.93852,1116.53,0.0118442,1.36336e-10
1,44,2.81157,0.783343,2.33658,4.93821,1108.12,0.00968938,3.49697e-10
2,44,2.82646,0.783617,2.35899,4.92598,1116.89,0.00961877,1.63321e-10
3,44,2.80764,0.712506,2.33894,4.95329,1119.79,0.00926723,1.39929e-10
4,44,2.81652,0.772245,2.37072,4.92024,1104.09,0.0105302,1.23512e-10
5,44,2.81589,0.740647,2.30695,4.90615,1118.27,0.00919428,1.54017e-10
6,44,2.81929,0.784725,2.33388,4.86184,1115.8,0.0085128,2.40055e-10
7,44,2.81134,0.798556,2.35301,4.91244,1118.85,0.0097939,1.9911e-10
8,44,2.8076,0.771791,2.34758,4.91004,1119.17,0.00836261,1.98953e-10
9,44,2.82382,0.786666,2.39216,4.91379,1114.43,0.0101696,3.15732e-10
10,44,2.79895,0.816392,2.34876,4.99689,1114,0.0136328,3.51951e-10
1,45,2.79949,0.476796,2.33328,4.91061,1124.7,0.011447,3.26396e-10
2,45,2.82555,0.506695,2.34965,4.97621,1120.91,0.00965955,1.50814e-10
3,45,2.80609,0.500608,2.35059,4.96982,1107.88,0.0104346,3.81018e-10
4,45,2.81574,0.488498,2.3208,4.93645,1120.25,0.00923048,8.87842e-11
5,45,2.81261,0.4939,2.34762,4.95794,1111.05,0.0104621,2.27954e-10
6,45,2.8026,0.477082,2.32074,4.98792,1117.06,0.0102773,2.33224e-10
7,45,2.81885,0.51602,2.33722,4.88155,1113.69,0.00946762,1.43333e-10
8,45,2.81055,0.492261,2.33959,4.96363,1121.49,0.012293,2.04547e-10
9,45,2.81597,0.478209,2.35051,4.92133,1115.7,0.00992436,2.50464e-10
10,45,2.82693,0.466809,2.3601,4.86694,1123.7,0.00849369,1.49711e-10
