rep,id,eta_V,eta_Cl
1,1,0.335987,-0.0883879
2,1,0.479679,0.0469382
3,1,0.3832,-0.0588959
4,1,0.55404,0.0812409
5,1,0.472274,0.00234148
6,1,0.516783,0.0684759
7,1,0.387429,-0.0476651
8,1,0.395701,-0.0412613
9,1,0.385552,-0.0455482
10,1,0.388924,-0.0333306
1,2,-0.130507,0.177262
2,2,-0.181577,0.134457
3,2,-0.124161,0.180058
4,2,-0.178923,0.114691
5,2,-0.121732,0.183215
6,2,-0.205527,0.108316
7,2,-0.114609,0.18258
8,2,-0.196838,0.117515
9,2,-0.141508,0.161985
10,2,-0.223189,0.0949922
1,3,0.264168,0.600676
2,3,0.208641,0.545254
3,3,0.216754,0.565665
4,3,0.203781,0.547446
5,3,0.221338,0.56717
6,3,0.284204,0.631468
7,3,0.272204,0.605956
8,3,0.174345,0.538778
9,3,0.244923,0.603809
10,3,0.272857,0.623557
1,4,-0.330314,-0.210766
2,4,-0.31906,-0.20239
3,4,-0.289597,-0.177335
4,4,-0.298595,-0.171324
5,4,-0.327026,-0.204772
6,4,-0.293048,-0.185133
7,4,-0.314956,-0.194983
8,4,-0.300631,-0.184264
9,4,-0.327685,-0.200899
10,4,-0.355356,-0.229488
1,5,-0.209621,-0.292675
2,5,-0.202549,-0.279561
3,5,-0.164075,-0.238088
4,5,-0.186307,-0.265034
5,5,-0.140551,-0.216791
6,5,-0.190329,-0.267699
7,5,-0.177045,-0.260353
8,5,-0.192231,-0.262691
9,5,-0.180832,-0.262306
10,5,-0.166711,-0.242444
1,6,-0.10883,-0.336501
2,6,-0.170005,-0.352062
3,6,-0.124156,-0.327475
4,6,-0.137825,-0.343059
5,6,-0.163138,-0.350664
6,6,-0.0800438,-0.297697
7,6,-0.12756,-0.347794
8,6,-0.0377483,-0.261139
9,6,-0.156827,-0.372381
10,6,-0.13761,-0.359395
1,7,0.4755,0.886188
2,7,0.558128,0.958062
3,7,0.402076,0.819582
4,7,0.533401,0.941802
5,7,0.408169,0.800683
6,7,0.572698,0.95789
7,7,0.434856,0.84018
8,7,0.531418,0.935502
9,7,0.483873,0.883349
10,7,0.537459,0.937205
1,8,-0.272561,-0.560795
2,8,-0.176814,-0.466795
3,8,-0.247148,-0.533057
4,8,-0.220701,-0.515425
5,8,-0.228879,-0.514757
6,8,-0.245056,-0.544746
7,8,-0.186306,-0.477322
8,8,-0.28434,-0.560898
9,8,-0.129199,-0.422625
10,8,-0.205987,-0.495497
1,9,0.386877,0.0645274
2,9,0.366364,0.0429192
3,9,0.366933,0.0491339
4,9,0.523016,0.184114
5,9,0.384326,0.0467127
6,9,0.499843,0.17044
7,9,0.3843,0.0529421
8,9,0.497605,0.130775
9,9,0.360247,0.0320228
10,9,0.543393,0.156842
1,10,0.20881,0.503619
2,10,0.205411,0.508973
3,10,0.219236,0.522307
4,10,0.0704855,0.383298
5,10,0.223406,0.517649
6,10,0.051823,0.346993
7,10,0.284248,0.580425
8,10,0.0647338,0.375557
9,10,0.270093,0.564765
10,10,0.146836,0.437588
1,11,0.0925939,-0.575588
2,11,0.165856,-0.515137
3,11,0.0815603,-0.57033
4,11,0.132764,-0.550629
5,11,-0.00347152,-0.64057
6,11,0.197758,-0.491831
7,11,0.014891,-0.613978
8,11,0.213709,-0.473309
9,11,0.00701131,-0.641163
10,11,0.127794,-0.53119
1,12,-0.170516,0.0993007
2,12,-0.161073,0.0921722
3,12,-0.186538,0.0754348
4,12,-0.15468,0.0919082
5,12,-0.188605,0.0694743
6,12,-0.170184,0.0907122
7,12,-0.223074,0.041738
8,12,-0.181094,0.0857897
9,12,-0.210558,0.0545902
10,12,-0.145318,0.112605
1,13,0.228471,-0.217349
2,13,0.356929,-0.134236
3,13,0.228778,-0.218808
4,13,0.340481,-0.118364
5,13,0.32863,-0.123146
6,13,0.3378,-0.134483
7,13,0.374809,-0.0926202
8,13,0.275554,-0.175506
9,13,0.426379,-0.0634502
10,13,0.389666,-0.103527
1,14,0.0785498,0.185738
2,14,-0.188452,-0.0324383
3,14,0.0326714,0.146519
4,14,-0.162258,-0.0144627
5,14,-0.0151936,0.1149
6,14,-0.184555,-0.0271834
7,14,0.00390249,0.119007
8,14,-0.157611,-0.0139669
9,14,0.00379893,0.137389
10,14,-0.122956,0.0187252
1,15,-0.0533782,0.266616
2,15,0.00561563,0.317701
3,15,-0.0824302,0.230421
4,15,-0.0243446,0.288797
5,15,-0.0951068,0.217253
6,15,-0.10344,0.213426
7,15,-0.0664037,0.246716
8,15,-0.108878,0.213957
9,15,-0.0394521,0.269091
10,15,-0.0564813,0.259436
1,16,-0.114305,0.19892
2,16,-0.284716,0.0509663
3,16,-0.036159,0.265585
4,16,-0.223298,0.0931552
5,16,-0.285238,0.0456937
6,16,-0.192025,0.135949
7,16,-0.272595,0.0625302
8,16,-0.298761,0.039705
9,16,-0.246764,0.0763426
10,16,-0.354658,-0.0199817
1,17,-0.12335,0.404358
2,17,-0.183297,0.34779
3,17,0.0488117,0.574302
4,17,-0.133389,0.399647
5,17,-0.000825672,0.511709
6,17,-0.111295,0.412513
7,17,0.0466591,0.569233
8,17,-0.12676,0.404553
9,17,0.0803214,0.597042
10,17,-0.0833687,0.444373
1,18,-0.308392,-0.190944
2,18,-0.249182,-0.142404
3,18,-0.323871,-0.1998
4,18,-0.289646,-0.176814
5,18,-0.298697,-0.180268
6,18,-0.236937,-0.126877
7,18,-0.283209,-0.159213
8,18,-0.199155,-0.0967281
9,18,-0.286374,-0.167854
10,18,-0.197967,-0.110702
1,19,-0.158764,-0.25351
2,19,-0.163017,-0.24486
3,19,-0.182034,-0.278113
4,19,-0.173655,-0.262631
5,19,-0.254282,-0.322962
6,19,-0.141183,-0.218179
7,19,-0.224006,-0.288797
8,19,-0.136125,-0.222012
9,19,-0.227301,-0.304391
10,19,-0.106729,-0.213613
1,20,-0.11832,-0.319075
2,20,-0.2128,-0.407999
3,20,-0.24742,-0.415352
4,20,-0.173242,-0.373018
5,20,-0.180967,-0.374727
6,20,-0.225231,-0.415025
7,20,-0.270052,-0.451387
8,20,-0.20922,-0.395308
9,20,-0.289957,-0.472644
10,20,-0.183229,-0.381544
1,21,0.414445,0.97313
2,21,0.41308,0.973086
3,21,0.382697,0.955305
4,21,0.423152,0.988306
5,21,0.38823,0.954422
6,21,0.400552,0.954527
7,21,0.37298,0.932203
8,21,0.414259,0.976937
9,21,0.374765,0.928473
10,21,0.425192,0.982543
1,22,-0.0872706,-0.416735
2,22,-0.148851,-0.458058
3,22,-0.0763607,-0.405576
4,22,-0.145151,-0.435563
5,22,-0.077471,-0.402448
6,22,-0.0663738,-0.382583
7,22,-0.169658,-0.460244
8,22,-0.0607727,-0.37721
9,22,-0.134439,-0.435603
10,22,-0.116078,-0.438659
1,23,0.375723,0.065511
2,23,0.398941,0.0776493
3,23,0.448035,0.0943153
4,23,0.357267,0.0432516
5,23,0.480181,0.133495
6,23,0.434715,0.0886123
7,23,0.404354,0.0741795
8,23,0.418611,0.0798661
9,23,0.39305,0.0854649
10,23,0.43414,0.0970651
1,24,0.204578,0.652638
2,24,0.192915,0.649715
3,24,0.196656,0.656979
4,24,0.0676242,0.53726
5,24,0.154778,0.618851
6,24,0.0722236,0.547001
7,24,0.120058,0.584538
8,24,0.0698097,0.529075
9,24,0.119017,0.581339
10,24,0.0837671,0.55153
1,25,0.130382,-0.518658
2,25,0.0801044,-0.576965
3,25,0.165892,-0.501254
4,25,0.0194901,-0.616907
5,25,0.150197,-0.525377
6,25,0.165351,-0.510563
7,25,0.115564,-0.519415
8,25,0.131195,-0.541711
9,25,0.0765491,-0.58309
10,25,0.100694,-0.551312
1,26,-0.353576,-0.0640873
2,26,-0.192647,0.0749768
3,26,-0.36674,-0.0748998
4,26,-0.189274,0.0747556
5,26,-0.35163,-0.0661682
6,26,-0.240098,0.0383468
7,26,-0.256625,0.0284976
8,26,-0.249982,0.0262988
9,26,-0.353205,-0.0667833
10,26,-0.265736,0.00398492
1,27,0.382115,-0.123696
2,27,0.411673,-0.0820356
3,27,0.38063,-0.0929946
4,27,0.379653,-0.0894002
5,27,0.303425,-0.156663
6,27,0.367965,-0.0913724
7,27,0.358455,-0.0983274
8,27,0.386282,-0.090824
9,27,0.445498,-0.0672281
10,27,0.445604,-0.0589744
1,28,-0.163903,-0.0197825
2,28,0.0375398,0.164803
3,28,-0.192668,-0.0361645
4,28,0.000219338,0.131807
5,28,-0.00555859,0.119814
6,28,-0.0637558,0.0807054
7,28,-0.0138786,0.10781
8,28,-0.0405373,0.0805298
9,28,0.00100644,0.116328
10,28,-0.016877,0.101163
1,29,-0.0889844,0.244238
2,29,-0.134225,0.203478
3,29,-0.0770822,0.248567
4,29,-0.078367,0.25307
5,29,-0.0598253,0.266286
6,29,-0.0970569,0.234121
7,29,-0.0568508,0.269689
8,29,-0.135393,0.200766
9,29,-0.0652326,0.253642
10,29,-0.106032,0.209103
1,30,-0.286428,-0.343607
2,30,-0.361261,-0.405279
3,30,-0.322756,-0.372298
4,30,-0.272745,-0.320453
5,30,-0.381706,-0.437652
6,30,-0.201,-0.280097
7,30,-0.373591,-0.419501
8,30,-0.362458,-0.413391
9,30,-0.40309,-0.455557
10,30,-0.391858,-0.427038
1,31,-0.0813995,0.431673
2,31,0.0348881,0.53923
3,31,-0.125632,0.39094
4,31,0.0579289,0.559581
5,31,-0.126864,0.385218
6,31,0.00465179,0.519737
7,31,-0.122536,0.399341
8,31,0.0274117,0.536487
9,31,-0.0953752,0.425326
10,31,0.0473621,0.545095
1,32,-0.198928,-0.0913239
2,32,-0.303911,-0.186676
3,32,-0.231263,-0.111815
4,32,-0.363077,-0.231633
5,32,-0.267221,-0.140886
6,32,-0.34837,-0.221527
7,32,-0.277605,-0.157603
8,32,-0.348158,-0.213498
9,32,-0.249775,-0.139467
10,32,-0.326876,-0.203916
1,33,-0.231928,-0.312048
2,33,-0.143368,-0.22219
3,33,-0.202997,-0.281535
4,33,-0.0905432,-0.189602
5,33,-0.19497,-0.268116
6,33,-0.100682,-0.205328
7,33,-0.171958,-0.258235
8,33,-0.0962785,-0.189961
9,33,-0.113471,-0.211401
10,33,-0.0830641,-0.17975
1,34,-0.151554,-0.370195
2,34,-0.225112,-0.427607
3,34,-0.165406,-0.378749
4,34,-0.161458,-0.368152
5,34,-0.211534,-0.405878
6,34,-0.194441,-0.401577
7,34,-0.207173,-0.396774
8,34,-0.271795,-0.450076
9,34,-0.199276,-0.393054
10,34,-0.27643,-0.467572
1,35,0.461973,1.00822
2,35,0.567229,1.10377
3,35,0.463382,1.01946
4,35,0.552926,1.10021
5,35,0.431341,0.983012
6,35,0.573827,1.11184
7,35,0.465941,1.01267
8,35,0.5246,1.06575
9,35,0.438202,0.988986
10,35,0.553202,1.10525
1,36,-0.211851,-0.500381
2,36,-0.123227,-0.4276
3,36,-0.226989,-0.495008
4,36,-0.167856,-0.451412
5,36,-0.233895,-0.530304
6,36,-0.164338,-0.46556
7,36,-0.302258,-0.576463
8,36,-0.125119,-0.418128
9,36,-0.305296,-0.574712
10,36,-0.126579,-0.432018
1,37,0.391848,0.066599
2,37,0.315702,0.010742
3,37,0.391649,0.0630467
4,37,0.214429,-0.0815436
5,37,0.383931,0.0600822
6,37,0.263755,-0.0278678
7,37,0.370302,0.0370946
8,37,0.350227,0.0214304
9,37,0.325066,0.00940279
10,37,0.26524,-0.0311951
1,38,0.0337268,0.498935
2,38,0.177173,0.630547
3,38,0.0294802,0.489568
4,38,0.0924326,0.553497
5,38,0.0438956,0.508855
6,38,0.146948,0.60413
7,38,0.0505626,0.5092
8,38,0.125068,0.589094
9,38,0.0703238,0.528668
10,38,0.124276,0.582429
1,39,0.119243,-0.54375
2,39,-0.0748479,-0.696216
3,39,0.0561569,-0.596
4,39,-0.103048,-0.716142
5,39,-0.0154153,-0.638453
6,39,-0.137086,-0.750784
7,39,0.0431816,-0.593579
8,39,-0.0718364,-0.682814
9,39,0.0202838,-0.631252
10,39,0.117687,-0.54855
1,40,-0.202974,0.0726287
2,40,-0.23519,0.0416183
3,40,-0.215218,0.059986
4,40,-0.233728,0.0455726
5,40,-0.195555,0.0794955
6,40,-0.205544,0.0663013
7,40,-0.202717,0.0799287
8,40,-0.175234,0.0877151
9,40,-0.184242,0.0941088
10,40,-0.129864,0.127456
1,41,0.283001,-0.156814
2,41,0.319762,-0.134715
3,41,0.247493,-0.19612
4,41,0.31982,-0.152825
5,41,0.172216,-0.269891
6,41,0.395592,-0.0984367
7,41,0.237816,-0.224401
8,41,0.361504,-0.126592
9,41,0.274944,-0.183118
10,41,0.384422,-0.0838363
1,42,-0.199424,-0.0545248
2,42,-0.267011,-0.112371
3,42,-0.215361,-0.0677364
4,42,-0.311834,-0.147722
5,42,-0.176291,-0.0298235
6,42,-0.0865307,0.0477333
7,42,-0.200251,-0.051937
8,42,-0.101922,0.0245114
9,42,-0.199552,-0.0514675
10,42,-0.0529723,0.0710232
1,43,-0.0831527,0.244962
2,43,-0.111769,0.219117
3,43,-0.151851,0.191881
4,43,-0.133976,0.202586
5,43,-0.169694,0.169239
6,43,-0.108226,0.217213
7,43,-0.173785,0.165361
8,43,-0.115277,0.216475
9,43,-0.167669,0.181659
10,43,-0.107007,0.228019
1,44,-0.290483,-0.340599
2,44,-0.286062,-0.329497
3,44,-0.310548,-0.358207
4,44,-0.287385,-0.350008
5,44,-0.314433,-0.364748
6,44,-0.286247,-0.327951
7,44,-0.287063,-0.345601
8,44,-0.329649,-0.380926
9,44,-0.376749,-0.418856
10,44,-0.317297,-0.379623
1,45,0.0471036,-0.643892
2,45,0.048625,-0.663729
3,45,0.10921,-0.614608
4,45,0.127074,-0.631297
5,45,0.122748,-0.619448
6,45,0.148948,-0.591296
7,45,0.10463,-0.608351
8,45,0.120423,-0.636349
9,45,0.134868,-0.619555
10,45,0.0974288,-0.635848
