rep,id,V,Cl
1,1,4.31548,2.59808
2,1,4.40727,2.59808
3,1,4.56532,2.59808
4,1,4.37308,2.59808
5,1,4.34963,2.59808
6,1,4.31471,2.59808
7,1,4.39849,2.59808
8,1,4.38362,2.59808
9,1,4.34756,2.59808
10,1,4.42585,2.59808
1,2,3.18112,2.59808
2,2,3.09765,2.59808
3,2,3.18112,2.59808
4,2,3.1273,2.59808
5,2,3.16839,2.59808
6,2,3.15247,2.59808
7,2,3.12917,2.59808
8,2,3.11512,2.59808
9,2,3.1297,2.59808
10,2,3.19196,2.59808
1,3,8.34751,2.59808
2,3,8.6539,2.59808
3,3,8.07928,2.59808
4,3,8.60168,2.59808
5,3,8.45949,2.59808
6,3,8.20987,2.59808
7,3,8.46375,2.59808
8,3,8.60775,2.59808
9,3,8.43612,2.59808
10,3,8.15913,2.59808
1,4,11.4134,2.59808
2,4,9.99656,2.59808
3,4,11.4522,2.59808
4,4,10.5936,2.59808
5,4,10.8909,2.59808
6,4,10.8008,2.59808
7,4,11.9898,2.59808
8,4,10.4616,2.59808
9,4,11.4126,2.59808
10,4,10.5382,2.59808
1,5,2.15639,2.59808
2,5,2.15355,2.59808
3,5,2.13673,2.59808
4,5,2.1511,2.59808
5,5,2.13673,2.59808
6,5,2.13264,2.59808
7,5,2.13673,2.59808
8,5,2.13745,2.59808
9,5,2.1205,2.59808
10,5,2.19758,2.59808
1,6,7.66089,2.59808
2,6,7.43093,2.59808
3,6,7.049,2.59808
4,6,7.49902,2.59808
5,6,8.08933,2.59808
6,6,7.42425,2.59808
7,6,8.10666,2.59808
8,6,7.42935,2.59808
9,6,7.69258,2.59808
10,6,7.90011,2.59808
1,7,7.05385,2.59808
2,7,7.73775,2.59808
3,7,7.68777,2.59808
4,7,5.91625,2.59808
5,7,7.52088,2.59808
6,7,6.10134,2.59808
7,7,6.96848,2.59808
8,7,6.12658,2.59808
9,7,7.61757,2.59808
10,7,6.51778,2.59808
1,8,9.24438,2.59808
2,8,9.55608,2.59808
3,8,8.77661,2.59808
4,8,9.06669,2.59808
5,8,9.40215,2.59808
6,8,8.22346,2.59808
7,8,8.26023,2.59808
8,8,5.65797,2.59808
9,8,5.07414,2.59808
10,8,5.81303,2.59808
1,9,1.727,2.59808
2,9,1.70304,2.59808
3,9,1.71694,2.59808
4,9,1.70788,2.59808
5,9,1.70888,2.59808
6,9,1.73882,2.59808
7,9,1.74185,2.59808
8,9,1.70623,2.59808
9,9,1.74109,2.59808
10,9,1.73845,2.59808
1,10,3.32721,2.59808
2,10,3.24197,2.59808
3,10,3.07437,2.59808
4,10,3.09016,2.59808
5,10,3.094,2.59808
6,10,3.21203,2.59808
7,10,3.20188,2.59808
8,10,3.19288,2.59808
9,10,3.14936,2.59808
10,10,3.05109,2.59808
1,11,2.73516,2.59808
2,11,2.68803,2.59808
3,11,2.73291,2.59808
4,11,2.74182,2.59808
5,11,2.71774,2.59808
6,11,2.69978,2.59808
7,11,2.75708,2.59808
8,11,2.72491,2.59808
9,11,2.66767,2.59808
10,11,2.72614,2.59808
1,12,4.3811,2.59808
2,12,4.24134,2.59808
3,12,4.3581,2.59808
4,12,4.4606,2.59808
5,12,4.15222,2.59808
6,12,4.22003,2.59808
7,12,4.32557,2.59808
8,12,4.30766,2.59808
9,12,4.60188,2.59808
10,12,4.56976,2.59808
1,13,5.22597,2.59808
2,13,5.82186,2.59808
3,13,5.71218,2.59808
4,13,5.4202,2.59808
5,13,5.38027,2.59808
6,13,5.78671,2.59808
7,13,5.43726,2.59808
8,13,5.39894,2.59808
9,13,5.30221,2.59808
10,13,5.71333,2.59808
1,14,7.21826,2.59808
2,14,6.94922,2.59808
3,14,6.66886,2.59808
4,14,7.06476,2.59808
5,14,6.66645,2.59808
6,14,7.09755,2.59808
7,14,6.86096,2.59808
8,14,7.23511,2.59808
9,14,7.08571,2.59808
10,14,7.01979,2.59808
1,15,2.25893,2.59808
2,15,2.20736,2.59808
3,15,2.16127,2.59808
4,15,2.23012,2.59808
5,15,2.17182,2.59808
6,15,2.14865,2.59808
7,15,2.21489,2.59808
8,15,2.17852,2.59808
9,15,2.18109,2.59808
10,15,2.21083,2.59808
1,16,3.03448,2.59808
2,16,3.20988,2.59808
3,16,3.10343,2.59808
4,16,3.0658,2.59808
5,16,3.15327,2.59808
6,16,3.20372,2.59808
7,16,3.07677,2.59808
8,16,3.16963,2.59808
9,16,3.09774,2.59808
10,16,3.14232,2.59808
1,17,8.84714,2.59808
2,17,8.98122,2.59808
3,17,8.40101,2.59808
4,17,8.33428,2.59808
5,17,8.70325,2.59808
6,17,8.73907,2.59808
7,17,8.41137,2.59808
8,17,8.40875,2.59808
9,17,8.36606,2.59808
10,17,8.98314,2.59808
1,18,10.9249,2.59808
2,18,11.0657,2.59808
3,18,11.1816,2.59808
4,18,10.4276,2.59808
5,18,10.0995,2.59808
6,18,11.9899,2.59808
7,18,10.2955,2.59808
8,18,11.3798,2.59808
9,18,11.6848,2.59808
10,18,11.8694,2.59808
1,19,2.21036,2.59808
2,19,2.14912,2.59808
3,19,2.24549,2.59808
4,19,2.15737,2.59808
5,19,2.16896,2.59808
6,19,2.15911,2.59808
7,19,2.17638,2.59808
8,19,2.15911,2.59808
9,19,2.16546,2.59808
10,19,2.16182,2.59808
1,20,6.98447,2.59808
2,20,7.3134,2.59808
3,20,7.30983,2.59808
4,20,7.75466,2.59808
5,20,7.36873,2.59808
6,20,7.37682,2.59808
7,20,7.99427,2.59808
8,20,7.40403,2.59808
9,20,7.63766,2.59808
10,20,7.60855,2.59808
1,21,6.24196,2.59808
2,21,6.34922,2.59808
3,21,7.64686,2.59808
4,21,7.02065,2.59808
5,21,5.91272,2.59808
6,21,6.84795,2.59808
7,21,8.3459,2.59808
8,21,8.48909,2.59808
9,21,7.07527,2.59808
10,21,5.47545,2.59808
1,22,10.2291,2.59808
2,22,10.5552,2.59808
3,22,8.69229,2.59808
4,22,8.67452,2.59808
5,22,10.0777,2.59808
6,22,9.54243,2.59808
7,22,8.97111,2.59808
8,22,7.74843,2.59808
9,22,7.28763,2.59808
10,22,10.5499,2.59808
1,23,1.73043,2.59808
2,23,1.71282,2.59808
3,23,1.71737,2.59808
4,23,1.76533,2.59808
5,23,1.6984,2.59808
6,23,1.70767,2.59808
7,23,1.71655,2.59808
8,23,1.69292,2.59808
9,23,1.7261,2.59808
10,23,1.69292,2.59808
1,24,3.01632,2.59808
2,24,3.2719,2.59808
3,24,3.19427,2.59808
4,24,3.14991,2.59808
5,24,3.20583,2.59808
6,24,3.03031,2.59808
7,24,3.11454,2.59808
8,24,3.1496,2.59808
9,24,3.09406,2.59808
10,24,3.31189,2.59808
1,25,2.75854,2.59808
2,25,2.63568,2.59808
3,25,2.62228,2.59808
4,25,2.72758,2.59808
5,25,2.7097,2.59808
6,25,2.73273,2.59808
7,25,2.74194,2.59808
8,25,2.71142,2.59808
9,25,2.69807,2.59808
10,25,2.769,2.59808
1,26,4.1894,2.59808
2,26,4.2109,2.59808
3,26,4.48939,2.59808
4,26,4.08131,2.59808
5,26,3.94414,2.59808
6,26,4.46837,2.59808
7,26,4.23557,2.59808
8,26,4.21227,2.59808
9,26,4.7388,2.59808
10,26,4.54254,2.59808
1,27,5.65434,2.59808
2,27,5.63889,2.59808
3,27,5.66886,2.59808
4,27,5.28705,2.59808
5,27,5.55687,2.59808
6,27,5.24457,2.59808
7,27,5.29949,2.59808
8,27,5.51774,2.59808
9,27,5.04661,2.59808
10,27,5.89045,2.59808
1,28,6.7428,2.59808
2,28,7.13218,2.59808
3,28,7.08769,2.59808
4,28,7.17426,2.59808
5,28,7.23959,2.59808
6,28,7.34172,2.59808
7,28,7.06388,2.59808
8,28,7.05673,2.59808
9,28,6.99961,2.59808
10,28,6.92136,2.59808
1,29,2.15795,2.59808
2,29,2.24013,2.59808
3,29,2.16821,2.59808
4,29,2.13649,2.59808
5,29,2.16821,2.59808
6,29,2.23486,2.59808
7,29,2.17907,2.59808
8,29,2.23486,2.59808
9,29,2.17577,2.59808
10,29,2.23704,2.59808
1,30,3.52272,2.59808
2,30,3.54051,2.59808
3,30,3.43754,2.59808
4,30,3.41423,2.59808
5,30,3.56084,2.59808
6,30,3.36783,2.59808
7,30,3.55354,2.59808
8,30,3.57085,2.59808
9,30,3.56569,2.59808
10,30,3.46265,2.59808
1,31,8.37674,2.59808
2,31,7.9754,2.59808
3,31,9.03926,2.59808
4,31,8.25491,2.59808
5,31,8.30757,2.59808
6,31,8.53102,2.59808
7,31,8.42291,2.59808
8,31,8.7777,2.59808
9,31,8.35643,2.59808
10,31,8.4369,2.59808
1,32,10.8853,2.59808
2,32,10.8896,2.59808
3,32,10.9429,2.59808
4,32,10.5404,2.59808
5,32,10.3755,2.59808
6,32,9.67368,2.59808
7,32,11.4994,2.59808
8,32,11.2454,2.59808
9,32,11.7867,2.59808
10,32,10.9123,2.59808
1,33,2.11336,2.59808
2,33,2.11934,2.59808
3,33,2.14438,2.59808
4,33,2.10435,2.59808
5,33,2.14438,2.59808
6,33,2.11342,2.59808
7,33,2.14342,2.59808
8,33,2.10981,2.59808
9,33,2.16132,2.59808
10,33,2.12757,2.59808
1,34,8.55547,2.59808
2,34,7.21785,2.59808
3,34,7.27076,2.59808
4,34,7.80256,2.59808
5,34,7.5212,2.59808
6,34,7.52773,2.59808
7,34,7.10425,2.59808
8,34,7.78852,2.59808
9,34,7.40179,2.59808
10,34,7.98605,2.59808
1,35,7.58862,2.59808
2,35,6.36568,2.59808
3,35,6.00851,2.59808
4,35,6.86359,2.59808
5,35,7.33931,2.59808
6,35,7.1903,2.59808
7,35,5.70179,2.59808
8,35,5.92117,2.59808
9,35,6.49855,2.59808
10,35,7.01153,2.59808
1,36,9.11804,2.59808
2,36,5.36664,2.59808
3,36,9.84895,2.59808
4,36,8.14193,2.59808
5,36,7.39354,2.59808
6,36,7.77692,2.59808
7,36,8.4612,2.59808
8,36,7.91583,2.59808
9,36,5.56654,2.59808
10,36,5.81613,2.59808
1,37,1.69145,2.59808
2,37,1.71548,2.59808
3,37,1.69145,2.59808
4,37,1.70672,2.59808
5,37,1.68893,2.59808
6,37,1.69802,2.59808
7,37,1.70194,2.59808
8,37,1.72651,2.59808
9,37,1.70194,2.59808
10,37,1.71662,2.59808
1,38,3.21293,2.59808
2,38,3.19902,2.59808
3,38,3.26727,2.59808
4,38,3.22689,2.59808
5,38,3.18922,2.59808
6,38,3.2066,2.59808
7,38,3.22156,2.59808
8,38,3.20388,2.59808
9,38,3.23332,2.59808
10,38,3.10506,2.59808
1,39,2.76161,2.59808
2,39,2.7324,2.59808
3,39,2.69028,2.59808
4,39,2.75618,2.59808
5,39,2.73896,2.59808
6,39,2.7457,2.59808
7,39,2.78303,2.59808
8,39,2.73825,2.59808
9,39,2.84562,2.59808
10,39,2.68521,2.59808
1,40,4.08516,2.59808
2,40,4.16454,2.59808
3,40,4.52511,2.59808
4,40,4.22757,2.59808
5,40,4.43618,2.59808
6,40,4.07051,2.59808
7,40,4.77462,2.59808
8,40,4.30232,2.59808
9,40,4.18115,2.59808
10,40,4.41835,2.59808
1,41,5.34012,2.59808
2,41,5.44055,2.59808
3,41,5.09639,2.59808
4,41,4.87072,2.59808
5,41,5.71378,2.59808
6,41,5.1035,2.59808
7,41,5.51507,2.59808
8,41,5.38628,2.59808
9,41,5.17253,2.59808
10,41,5.09508,2.59808
1,42,6.75817,2.59808
2,42,7.45954,2.59808
3,42,6.94499,2.59808
4,42,7.04705,2.59808
5,42,6.70949,2.59808
6,42,7.02172,2.59808
7,42,6.8313,2.59808
8,42,7.11234,2.59808
9,42,6.72202,2.59808
10,42,6.9175,2.59808
1,43,2.15888,2.59808
2,43,2.17522,2.59808
3,43,2.13277,2.59808
4,43,2.2424,2.59808
5,43,2.18545,2.59808
6,43,2.18489,2.59808
7,43,2.18139,2.59808
8,43,2.21797,2.59808
9,43,2.16386,2.59808
10,43,2.16258,2.59808
1,44,3.47173,2.59808
2,44,3.61344,2.59808
3,44,3.36998,2.59808
4,44,3.44751,2.59808
5,44,3.44867,2.59808
6,44,3.60459,2.59808
7,44,3.5994,2.59808
8,44,3.63468,2.59808
9,44,3.57693,2.59808
10,44,3.43827,2.59808
1,45,11.1099,2.59808
2,45,11.3913,2.59808
3,45,12.1795,2.59808
4,45,11.3153,2.59808
5,45,11.9943,2.59808
6,45,10.4339,2.59808
7,45,11.8565,2.59808
8,45,10.2958,2.59808
9,45,11.023,2.59808
10,45,10.6889,2.59808
