rep,id,eta_V,eta_Cl
1,1,0,-0.00296857
2,1,0,0.0131762
3,1,0,0.00714849
4,1,0,-0.0139641
5,1,0,-0.00344737
6,1,0,0.00646343
7,1,0,-0.00637142
8,1,0,0.0276051
9,1,0,-0.00513438
10,1,0,-0.000881449
1,2,0,-0.166214
2,2,0,-0.146207
3,2,0,-0.121409
4,2,0,-0.123427
5,2,0,-0.124604
6,2,0,-0.12256
7,2,0,-0.118102
8,2,0,-0.151643
9,2,0,-0.167756
10,2,0,-0.131536
1,3,0,-0.166589
2,3,0,-0.163498
3,3,0,-0.160367
4,3,0,-0.148455
5,3,0,-0.154322
6,3,0,-0.165946
7,3,0,-0.156308
8,3,0,-0.166661
9,3,0,-0.157361
10,3,0,-0.16772
1,4,0,0.279526
2,4,0,0.245104
3,4,0,0.272348
4,4,0,0.242404
5,4,0,0.247716
6,4,0,0.274289
7,4,0,0.265985
8,4,0,0.275376
9,4,0,0.268191
10,4,0,0.279486
1,5,0,0.00485617
2,5,0,0.0437246
3,5,0,0.0151408
4,5,0,0.0204789
5,5,0,0.00259726
6,5,0,0.0198587
7,5,0,0.0262312
8,5,0,0.012993
9,5,0,0.038792
10,5,0,-0.0103517
1,6,0,-0.0496352
2,6,0,-0.0486261
3,6,0,-0.0593464
4,6,0,-0.0439246
5,6,0,-0.0481393
6,6,0,-0.0619101
7,6,0,-0.0216931
8,6,0,-0.0511373
9,6,0,-0.0492761
10,6,0,-0.0268082
1,7,0,-0.0295529
2,7,0,0.0106957
3,7,0,-0.0145758
4,7,0,-0.00746389
5,7,0,-0.000470627
6,7,0,-0.0424068
7,7,0,0.000424834
8,7,0,0.00614236
9,7,0,-0.0145538
10,7,0,-0.0276862
1,8,0,-0.0985269
2,8,0,-0.144317
3,8,0,-0.146882
4,8,0,-0.0929653
5,8,0,-0.144354
6,8,0,-0.11226
7,8,0,-0.0963086
8,8,0,-0.135538
9,8,0,-0.144665
10,8,0,-0.132206
1,9,0,-0.110637
2,9,0,-0.0663547
3,9,0,-0.0292974
4,9,0,-0.0914349
5,9,0,-0.0310201
6,9,0,-0.0554745
7,9,0,-0.0369869
8,9,0,-0.057868
9,9,0,-0.0436105
10,9,0,-0.0615249
1,10,0,-0.119088
2,10,0,-0.143199
3,10,0,-0.125399
4,10,0,-0.137932
5,10,0,-0.134429
6,10,0,-0.122683
7,10,0,-0.097243
8,10,0,-0.153395
9,10,0,-0.121292
10,10,0,-0.109664
1,11,0,0.0882706
2,11,0,0.11204
3,11,0,0.12214
4,11,0,0.11446
5,11,0,0.121854
6,11,0,0.103309
7,11,0,0.106571
8,11,0,0.110168
9,11,0,0.101721
10,11,0,0.1055
1,12,0,0.139379
2,12,0,0.148408
3,12,0,0.15658
4,12,0,0.170667
5,12,0,0.121155
6,12,0,0.147695
7,12,0,0.161372
8,12,0,0.13609
9,12,0,0.16557
10,12,0,0.131108
1,13,0,-0.0190991
2,13,0,-0.019106
3,13,0,0.0107866
4,13,0,-0.0182085
5,13,0,-0.0152363
6,13,0,0.000644478
7,13,0,-0.00732373
8,13,0,-0.0089369
9,13,0,-0.0187848
10,13,0,-0.00642492
1,14,0,0.223019
2,14,0,0.186874
3,14,0,0.186572
4,14,0,0.210024
5,14,0,0.211983
6,14,0,0.215834
7,14,0,0.205809
8,14,0,0.201423
9,14,0,0.202246
10,14,0,0.204702
1,15,0,-0.0253786
2,15,0,-0.0659267
3,15,0,-0.0245661
4,15,0,-0.0424828
5,15,0,-0.0226024
6,15,0,0.00369545
7,15,0,0.00356778
8,15,0,-0.0369604
9,15,0,-0.0318831
10,15,0,-0.0115297
1,16,0,-0.145495
2,16,0,-0.152103
3,16,0,-0.138835
4,16,0,-0.12021
5,16,0,-0.123066
6,16,0,-0.141061
7,16,0,-0.110079
8,16,0,-0.150637
9,16,0,-0.142076
10,16,0,-0.150959
1,17,0,-0.127566
2,17,0,-0.14795
3,17,0,-0.146139
4,17,0,-0.145719
5,17,0,-0.147144
6,17,0,-0.192637
7,17,0,-0.133884
8,17,0,-0.153739
9,17,0,-0.156475
10,17,0,-0.162158
1,18,0,0.263726
2,18,0,0.26301
3,18,0,0.276152
4,18,0,0.242854
5,18,0,0.267967
6,18,0,0.269462
7,18,0,0.239889
8,18,0,0.271734
9,18,0,0.265867
10,18,0,0.269061
1,19,0,0.0293146
2,19,0,0.0326413
3,19,0,0.0574869
4,19,0,0.0411779
5,19,0,0.0363948
6,19,0,0.0450553
7,19,0,0.00677178
8,19,0,0.0443099
9,19,0,0.014682
10,19,0,0.0300125
1,20,0,-0.0650241
2,20,0,-0.0556095
3,20,0,-0.0467104
4,20,0,-0.0322812
5,20,0,-0.0751969
6,20,0,-0.0403263
7,20,0,-0.050109
8,20,0,-0.0136347
9,20,0,-0.0616947
10,20,0,-0.035802
1,21,0,-0.0546481
2,21,0,-0.00703536
3,21,0,-0.0234605
4,21,0,0.00884743
5,21,0,-0.0457363
6,21,0,-0.018504
7,21,0,-0.00391297
8,21,0,-0.012927
9,21,0,-0.0470933
10,21,0,-0.0455612
1,22,0,-0.0846924
2,22,0,-0.0932892
3,22,0,-0.0997159
4,22,0,-0.114791
5,22,0,-0.0934781
6,22,0,-0.132677
7,22,0,-0.128934
8,22,0,-0.144824
9,22,0,-0.113007
10,22,0,-0.0740241
1,23,0,-0.0797711
2,23,0,-0.0544258
3,23,0,-0.0784771
4,23,0,-0.061978
5,23,0,-0.0551654
6,23,0,-0.0620897
7,23,0,-0.059807
8,23,0,-0.0765474
9,23,0,-0.063431
10,23,0,-0.0582417
1,24,0,-0.151681
2,24,0,-0.139829
3,24,0,-0.127054
4,24,0,-0.128036
5,24,0,-0.123532
6,24,0,-0.163247
7,24,0,-0.0982444
8,24,0,-0.151383
9,24,0,-0.111846
10,24,0,-0.110604
1,25,0,0.125878
2,25,0,0.119771
3,25,0,0.0925853
4,25,0,0.0754925
5,25,0,0.113193
6,25,0,0.102448
7,25,0,0.127253
8,25,0,0.101998
9,25,0,0.106431
10,25,0,0.104608
1,26,0,0.138842
2,26,0,0.140532
3,26,0,0.148257
4,26,0,0.13479
5,26,0,0.11019
6,26,0,0.162749
7,26,0,0.147273
8,26,0,0.138878
9,26,0,0.177758
10,26,0,0.145644
1,27,0,0.0175242
2,27,0,-0.00324795
3,27,0,-0.0141625
4,27,0,-0.0145216
5,27,0,-0.00464535
6,27,0,-0.0228883
7,27,0,-0.0056417
8,27,0,-0.0279859
9,27,0,-0.0260237
10,27,0,-0.01843
1,28,0,0.184766
2,28,0,0.202229
3,28,0,0.19085
4,28,0,0.224544
5,28,0,0.195627
6,28,0,0.219776
7,28,0,0.205506
8,28,0,0.211633
9,28,0,0.191472
10,28,0,0.198416
1,29,0,-0.0259315
2,29,0,-0.0137349
3,29,0,-0.0348324
4,29,0,-0.0332563
5,29,0,-0.0635659
6,29,0,-0.0389707
7,29,0,-0.0214534
8,29,0,-0.00908923
9,29,0,-0.048044
10,29,0,-0.0218769
1,30,0,-0.0615817
2,30,0,-0.0640367
3,30,0,-0.070835
4,30,0,-0.0733873
5,30,0,-0.0792315
6,30,0,-0.081898
7,30,0,-0.0688782
8,30,0,-0.102053
9,30,0,-0.0852118
10,30,0,-0.0765032
1,31,0,-0.156611
2,31,0,-0.13557
3,31,0,-0.11606
4,31,0,-0.119669
5,31,0,-0.167175
6,31,0,-0.147411
7,31,0,-0.132894
8,31,0,-0.138919
9,31,0,-0.139416
10,31,0,-0.146886
1,32,0,0.269961
2,32,0,0.262344
3,32,0,0.28852
4,32,0,0.28342
5,32,0,0.238139
6,32,0,0.268372
7,32,0,0.293478
8,32,0,0.276027
9,32,0,0.246632
10,32,0,0.253954
1,33,0,0.0378035
2,33,0,0.00433141
3,33,0,0.0220894
4,33,0,0.0338173
5,33,0,0.0416229
6,33,0,0.0284632
7,33,0,0.0245361
8,33,0,0.0144157
9,33,0,0.0314043
10,33,0,0.0469806
1,34,0,0.0144528
2,34,0,-0.0557898
3,34,0,-0.0357196
4,34,0,-0.00626698
5,34,0,-0.0583674
6,34,0,-0.0359382
7,34,0,-0.0386777
8,34,0,-0.00606947
9,34,0,-0.017271
10,34,0,-0.0413161
1,35,0,0.00073197
2,35,0,-0.044689
3,35,0,-0.021013
4,35,0,-0.016224
5,35,0,0.0202516
6,35,0,0.0152472
7,35,0,-0.0128857
8,35,0,-0.0167109
9,35,0,-0.0122067
10,35,0,-0.0234711
1,36,0,-0.12465
2,36,0,-0.136484
3,36,0,-0.104088
4,36,0,-0.115393
5,36,0,-0.124035
6,36,0,-0.112363
7,36,0,-0.116684
8,36,0,-0.134468
9,36,0,-0.116175
10,36,0,-0.146821
1,37,0,-0.0766594
2,37,0,-0.0760704
3,37,0,-0.0528496
4,37,0,-0.0889191
5,37,0,-0.0871681
6,37,0,-0.0960659
7,37,0,-0.0713829
8,37,0,-0.0653835
9,37,0,-0.0951745
10,37,0,-0.0912748
1,38,0,-0.130358
2,38,0,-0.139581
3,38,0,-0.122458
4,38,0,-0.134002
5,38,0,-0.142122
6,38,0,-0.131254
7,38,0,-0.142552
8,38,0,-0.114103
9,38,0,-0.127462
10,38,0,-0.133798
1,39,0,0.135249
2,39,0,0.117359
3,39,0,0.110511
4,39,0,0.128741
5,39,0,0.112919
6,39,0,0.1215
7,39,0,0.130325
8,39,0,0.104029
9,39,0,0.126573
10,39,0,0.113821
1,40,0,0.152876
2,40,0,0.167537
3,40,0,0.157707
4,40,0,0.143518
5,40,0,0.159921
6,40,0,0.132175
7,40,0,0.166271
8,40,0,0.158191
9,40,0,0.144126
10,40,0,0.169767
1,41,0,-0.0262663
2,41,0,-0.0156958
3,41,0,-0.0686764
4,41,0,-0.0258745
5,41,0,-0.041671
6,41,0,-0.0212923
7,41,0,0.00173198
8,41,0,-0.0015695
9,41,0,0.00409744
10,41,0,-0.016524
1,42,0,0.183472
2,42,0,0.225934
3,42,0,0.191875
4,42,0,0.225528
5,42,0,0.172515
6,42,0,0.210085
7,42,0,0.167771
8,42,0,0.171938
9,42,0,0.171683
10,42,0,0.198888
1,43,0,-0.0229019
2,43,0,-0.0776998
3,43,0,-0.0222357
4,43,0,-0.0669478
5,43,0,-0.0863183
6,43,0,-0.030235
7,43,0,-0.0353341
8,43,0,-0.0590581
9,43,0,-0.0449739
10,43,0,-0.0537216
1,44,0,-0.104751
2,44,0,-0.0996557
3,44,0,-0.0746892
4,44,0,-0.094363
5,44,0,-0.064772
6,44,0,-0.105914
7,44,0,-0.0725022
8,44,0,-0.0730497
9,44,0,-0.093245
10,44,0,-0.0918629
1,45,0,-0.145751
2,45,0,-0.129948
3,45,0,-0.116365
4,45,0,-0.13453
5,45,0,-0.116862
6,45,0,-0.119419
7,45,0,-0.10011
8,45,0,-0.0993916
9,45,0,-0.13321
10,45,0,-0.143436
