id,V_SAEM,Cl_SAEM,V_mode,Cl_mode
1,7.06378,2.86893,7.07194,2.87269
2,7.06378,2.86893,7.07194,2.87269
3,7.06378,2.86893,7.07194,2.87269
4,7.06378,2.86893,7.07194,2.87269
5,7.06378,2.86893,7.07194,2.87269
6,7.06378,2.86893,7.07194,2.87269
7,7.06378,2.86893,7.07194,2.87269
8,7.06378,2.86893,7.07194,2.87269
9,7.06378,2.86893,7.07194,2.87269
10,7.06378,2.86893,7.07194,2.87269
11,7.06378,2.86893,7.07194,2.87269
12,7.06378,2.86893,7.07194,2.87269
13,7.06378,2.86893,7.07194,2.87269
14,7.06378,2.86893,7.07194,2.87269
15,7.06378,2.86893,7.07194,2.87269
16,7.06378,2.86893,7.07194,2.87269
17,7.06378,2.86893,7.07194,2.87269
18,7.06378,2.86893,7.07194,2.87269
19,7.06378,2.86893,7.07194,2.87269
20,7.06378,2.86893,7.07194,2.87269
21,7.06378,2.86893,7.07194,2.87269
22,7.06378,2.86893,7.07194,2.87269
23,7.06378,2.86893,7.07194,2.87269
24,7.06378,2.86893,7.07194,2.87269
25,7.06378,2.86893,7.07194,2.87269
26,7.06378,2.86893,7.07194,2.87269
27,7.06378,2.86893,7.07194,2.87269
28,7.06378,2.86893,7.07194,2.87269
29,7.06378,2.86893,7.07194,2.87269
30,7.06378,2.86893,7.07194,2.87269
31,7.06378,2.86893,7.07194,2.87269
32,7.06378,2.86893,7.07194,2.87269
33,7.06378,2.86893,7.07194,2.87269
34,7.06378,2.86893,7.07194,2.87269
35,7.06378,2.86893,7.07194,2.87269
36,7.06378,2.86893,7.07194,2.87269
37,7.06378,2.86893,7.07194,2.87269
38,7.06378,2.86893,7.07194,2.87269
39,7.06378,2.86893,7.07194,2.87269
40,7.06378,2.86893,7.07194,2.87269
41,7.06378,2.86893,7.07194,2.87269
42,7.06378,2.86893,7.07194,2.87269
43,7.06378,2.86893,7.07194,2.87269
44,7.06378,2.86893,7.07194,2.87269
45,7.06378,2.86893,7.07194,2.87269
