Cl_pop,1,0.125753,0.648442,0.370753,-0.603773,0.156685,0.0269096,nan,0.00224482,-0.722816,0.617215,0.60111,-0.290099,0.0857305,0.179307,0.0141059
V1_pop,0.125753,1,0.154568,0.149704,-0.120624,0.0332555,-0.0333486,nan,-0.0047841,-0.125751,0.127203,0.140311,-0.0617713,-0.0151004,0.0236801,0.0022635
Q_pop,0.648442,0.154568,1,0.842066,-0.639677,0.226723,-0.242377,nan,-0.031267,-0.644861,0.747031,0.816256,-0.382776,-0.143986,0.11298,0.0197543
V2_pop,0.370753,0.149704,0.842066,1,-0.57154,0.202192,-0.238839,nan,-0.029588,-0.523597,0.623715,0.719942,-0.326908,-0.163281,0.107918,0.0165779
R0_pop,-0.603773,-0.120624,-0.639677,-0.57154,1,-0.112127,-0.107485,nan,0.00193353,0.807718,-0.647444,-0.709563,0.209846,-0.153012,-0.185565,0.00602373
kout_pop,0.156685,0.0332555,0.226723,0.202192,-0.112127,1,0.0735519,nan,-0.00350912,-0.110163,0.149364,0.0384711,-0.547516,-0.0631169,0.016343,0.0667009
IC50_pop,0.0269096,-0.0333486,-0.242377,-0.238839,-0.107485,0.0735519,1,nan,0.0500406,-0.139077,-0.16868,-0.360187,0.0110052,0.430644,0.0380348,0.0146175
omega_Cl,nan,nan,nan,nan,nan,nan,nan,nan,nan,nan,nan,nan,nan,nan,nan,nan
omega_V1,0.00224482,-0.0047841,-0.031267,-0.029588,0.00193353,-0.00350912,0.0500406,nan,1,0.00133291,-0.00551242,-0.0347819,0.00941027,0.0158431,-0.00195763,0.000294869
omega_Q,-0.722816,-0.125751,-0.644861,-0.523597,0.807718,-0.110163,-0.139077,nan,0.00133291,1,-0.590821,-0.704703,0.166092,-0.36334,-0.231726,0.0119973
omega_V2,0.617215,0.127203,0.747031,0.623715,-0.647444,0.149364,-0.16868,nan,-0.00551242,-0.590821,1,0.758021,-0.336012,-0.196476,0.116119,0.0138008
omega_R0,0.60111,0.140311,0.816256,0.719942,-0.709563,0.0384711,-0.360187,nan,-0.0347819,-0.704703,0.758021,1,-0.177184,-0.101723,0.148701,-0.0177366
omega_kout,-0.290099,-0.0617713,-0.382776,-0.326908,0.209846,-0.547516,0.0110052,nan,0.00941027,0.166092,-0.336012,-0.177184,1,0.253412,-0.023518,-0.11926
omega_IC50,0.0857305,-0.0151004,-0.143986,-0.163281,-0.153012,-0.0631169,0.430644,nan,0.0158431,-0.36334,-0.196476,-0.101723,0.253412,1,0.103086,-0.0344724
bPK_central_drug_concentration,0.179307,0.0236801,0.11298,0.107918,-0.185565,0.016343,0.0380348,nan,-0.00195763,-0.231726,0.116119,0.148701,-0.023518,0.103086,1,-0.00454452
acirculating_R,0.0141059,0.0022635,0.0197543,0.0165779,0.00602373,0.0667009,0.0146175,nan,0.000294869,0.0119973,0.0138008,-0.0177366,-0.11926,-0.0344724,-0.00454452,1
