Cl_pop,5.03478e-06,1.37547e-05,1.22155e-05,8.32828e-06,-8.77758e-06,2.28603e-05,2.31592e-05,nan,1.72424e-07,-2.20175e-05,9.21292e-06,1.24207e-05,-4.86975e-05,4.26054e-05,5.58936e-07,0.000114284
V1_pop,1.37547e-05,0.0023762,6.32572e-05,7.30561e-05,-3.80965e-05,0.000105407,-0.000623515,nan,-7.98306e-06,-8.32152e-05,4.12486e-05,6.29848e-05,-0.000225268,-0.000163031,1.60362e-06,0.000398396
Q_pop,1.22155e-05,6.32572e-05,7.04854e-05,7.07744e-05,-3.47954e-05,0.000123768,-0.000780492,nan,-8.98594e-06,-7.34963e-05,4.17214e-05,6.31072e-05,-0.000240416,-0.000267738,1.31774e-06,0.000598831
V2_pop,8.32828e-06,7.30561e-05,7.07744e-05,0.000100222,-3.70713e-05,0.000131616,-0.000917092,nan,-1.01397e-05,-7.11587e-05,4.15373e-05,6.63713e-05,-0.000244837,-0.000362039,1.50089e-06,0.000599242
R0_pop,-8.77758e-06,-3.80965e-05,-3.47954e-05,-3.70713e-05,4.1978e-05,-4.72375e-05,-0.000267107,nan,4.28834e-07,7.10429e-05,-2.79051e-05,-4.23354e-05,0.000101714,-0.000219572,-1.67025e-06,0.000140919
kout_pop,2.28603e-05,0.000105407,0.000123768,0.000131616,-4.72375e-05,0.00422796,0.00183437,nan,-7.81073e-06,-9.72418e-05,6.46073e-05,2.30358e-05,-0.00266338,-0.000908972,1.4763e-06,0.0156599
IC50_pop,2.31592e-05,-0.000623515,-0.000780492,-0.000917092,-0.000267107,0.00183437,0.147114,nan,0.000657017,-0.000724156,-0.00043039,-0.00127221,0.000315787,0.0365835,2.02668e-05,0.0202439
omega_Cl,nan,nan,nan,nan,nan,nan,nan,nan,nan,nan,nan,nan,nan,nan,nan,nan
omega_V1,1.72424e-07,-7.98306e-06,-8.98594e-06,-1.01397e-05,4.28834e-07,-7.81073e-06,0.000657017,nan,0.0011718,6.19409e-07,-1.25528e-06,-1.09644e-05,2.4099e-05,0.000120118,-9.30967e-08,3.64459e-05
omega_Q,-2.20175e-05,-8.32152e-05,-7.34963e-05,-7.11587e-05,7.10429e-05,-9.72418e-05,-0.000724156,nan,6.19409e-07,0.00018429,-5.33552e-05,-8.80966e-05,0.000168683,-0.00109246,-4.37019e-06,0.000588066
omega_V2,9.21292e-06,4.12486e-05,4.17214e-05,4.15373e-05,-2.79051e-05,6.46073e-05,-0.00043039,nan,-1.25528e-06,-5.33552e-05,4.42529e-05,4.6436e-05,-0.000167223,-0.000289481,1.07312e-06,0.000331489
omega_R0,1.24207e-05,6.29848e-05,6.31072e-05,6.63713e-05,-4.23354e-05,2.30358e-05,-0.00127221,nan,-1.09644e-05,-8.80966e-05,4.6436e-05,8.48018e-05,-0.000122067,-0.000207473,1.90236e-06,-0.000589746
omega_kout,-4.86975e-05,-0.000225268,-0.000240416,-0.000244837,0.000101714,-0.00266338,0.000315787,nan,2.4099e-05,0.000168683,-0.000167223,-0.000122067,0.00559681,0.00419892,-2.44426e-06,-0.032215
omega_IC50,4.26054e-05,-0.000163031,-0.000267738,-0.000362039,-0.000219572,-0.000908972,0.0365835,nan,0.000120118,-0.00109246,-0.000289481,-0.000207473,0.00419892,0.0490545,3.17185e-05,-0.0275679
bPK_central_drug_concentration,5.58936e-07,1.60362e-06,1.31774e-06,1.50089e-06,-1.67025e-06,1.4763e-06,2.02668e-05,nan,-9.30967e-08,-4.37019e-06,1.07312e-06,1.90236e-06,-2.44426e-06,3.17185e-05,1.92998e-06,-2.27959e-05
acirculating_R,0.000114284,0.000398396,0.000598831,0.000599242,0.000140919,0.0156599,0.0202439,nan,3.64459e-05,0.000588066,0.000331489,-0.000589746,-0.032215,-0.0275679,-2.27959e-05,13.0372
