Cl_pop,1.82405e-05,nan,5.53587e-05,3.85235e-08,-3.09557e-05,-7.94829e-06,5.51242e-06,4.55812e-06,3.12196e-05,-7.6051e-06,-1.37712e-05,7.97204e-06,4.21119e-07,7.02473e-05
V1_pop,nan,nan,nan,nan,nan,nan,nan,nan,nan,nan,nan,nan,nan,nan
S_pop,5.53587e-05,nan,0.000403348,2.86518e-07,-0.000245058,-6.52508e-05,2.26129e-05,3.92465e-05,0.00022695,-5.72647e-05,-9.43168e-05,5.78566e-05,6.85948e-07,0.000486185
R0_pop,3.85235e-08,nan,2.86518e-07,1.18221e-06,-1.31428e-06,-5.49254e-07,-2.60771e-08,2.84549e-07,1.50826e-06,1.14768e-07,-1.82686e-06,4.89162e-07,-2.23995e-08,-1.16292e-05
gamma_pop,-3.09557e-05,nan,-0.000245058,-1.31428e-06,0.000181436,5.07288e-05,-1.1455e-05,-2.78826e-05,-0.000155236,3.94767e-05,5.62554e-05,-3.84165e-05,-3.07805e-07,-0.00026751
MTT_pop,-7.94829e-06,nan,-6.52508e-05,-5.49254e-07,5.07288e-05,1.52825e-05,-2.59246e-06,-8.13963e-06,-4.31995e-05,1.07924e-05,1.43961e-05,-1.01524e-05,-1.08178e-07,-6.6134e-05
omega_Cl,5.51242e-06,nan,2.26129e-05,-2.60771e-08,-1.1455e-05,-2.59246e-06,1.02316e-05,-2.41533e-06,1.56019e-05,-3.27863e-06,-7.8684e-06,3.99597e-06,-4.18973e-07,4.92798e-05
omega_V2,4.55812e-06,nan,3.92465e-05,2.84549e-07,-2.78826e-05,-8.13963e-06,-2.41533e-06,0.000297284,2.19764e-05,-6.09823e-06,-7.87283e-06,5.24179e-06,1.50365e-07,2.54759e-05
omega_S,3.12196e-05,nan,0.00022695,1.50826e-06,-0.000155236,-4.31995e-05,1.56019e-05,2.19764e-05,0.000195922,-3.52612e-05,-5.86369e-05,3.40699e-05,-1.11384e-07,0.00018192
omega_R0,-7.6051e-06,nan,-5.72647e-05,1.14768e-07,3.94767e-05,1.07924e-05,-3.27863e-06,-6.09823e-06,-3.52612e-05,9.84827e-06,1.37973e-05,-9.20844e-06,-2.66318e-08,-9.136e-05
omega_gamma,-1.37712e-05,nan,-9.43168e-05,-1.82686e-06,5.62554e-05,1.43961e-05,-7.8684e-06,-7.87283e-06,-5.86369e-05,1.37973e-05,3.99782e-05,-1.83573e-05,1.88444e-07,-0.000149192
omega_MTT,7.97204e-06,nan,5.78566e-05,4.89162e-07,-3.84165e-05,-1.01524e-05,3.99597e-06,5.24179e-06,3.40699e-05,-9.20844e-06,-1.83573e-05,1.17031e-05,-3.2635e-08,5.37879e-05
bPK_central_drug_concentration,4.21119e-07,nan,6.85948e-07,-2.23995e-08,-3.07805e-07,-1.08178e-07,-4.18973e-07,1.50365e-07,-1.11384e-07,-2.66318e-08,1.88444e-07,-3.2635e-08,3.96167e-06,-2.54515e-06
acirculating_R,7.02473e-05,nan,0.000486185,-1.16292e-05,-0.00026751,-6.6134e-05,4.92798e-05,2.54759e-05,0.00018192,-9.136e-05,-0.000149192,5.37879e-05,-2.54515e-06,0.397419
