rep,id,eta_Cl,eta_V1,eta_Q,eta_V2,eta_S,eta_R0,eta_gamma,eta_MTT
1,1,0.00259441,-0.503701,0.0012252,0,-0.0144484,0.000560976,0.00548798,-1.53204e-05
2,1,0.00126497,-0.539475,-0.000410636,0,0.00653576,0.00287787,0.00155466,0.000809794
3,1,-0.00372734,-0.579007,0.00996383,0,-0.00598771,0.000202039,0.000526256,-4.02011e-05
4,1,-0.00638663,-0.554145,0.0119003,0,0.0057013,0.00138537,0.00156791,-0.00080564
5,1,-0.00539267,-0.519339,-0.00409773,0,-0.0102886,-0.0027462,-0.00178342,0.00129547
6,1,0.00491949,-0.578502,-0.00690038,0,-0.000847613,0.00154329,0.00755886,0.000739523
7,1,-0.00267641,-0.567145,-0.00230349,0,-0.00232648,0.00302201,-0.000380921,-0.00140042
8,1,-0.000748434,-0.570632,-0.0042668,0,0.00616329,0.00133942,0.00214476,0.000688685
9,1,-0.0024915,-0.538673,0.00165596,0,0.00438061,-0.00177616,-0.000162211,0.000280204
10,1,-0.00597457,-0.543702,0.00725598,0,-0.0044959,-0.00174722,-0.00660407,0.000278554
1,2,0.00149164,-0.337809,0.0169448,0,-0.0026226,0.00213002,-0.0055429,0.000501231
2,2,-0.00150765,-0.319497,0.00567782,0,-0.0126703,0.000188471,-0.0131948,-0.00160067
3,2,0.00118793,-0.205288,0.0119133,0,-0.00880274,-0.00200696,0.000498236,0.0012139
4,2,-5.77301e-05,-0.299889,-5.14741e-05,0,-0.0158263,0.000100889,-0.0134539,-0.000419646
5,2,-0.00118795,-0.272718,0.0013827,0,0.00528166,-0.000467577,-0.00307208,0.0012628
6,2,0.00204795,-0.203355,1.59744e-05,0,-0.00425323,0.00096628,-0.00302801,0.000687853
7,2,0.00185258,-0.257642,0.00804283,0,-0.00852906,0.00203707,-0.00384743,0.00118804
8,2,0.00194709,-0.268409,-0.00399517,0,-0.00680606,-0.00117338,-0.0101433,-0.000339711
9,2,-0.00094387,-0.262573,-0.00524057,0,0.00315917,0.00448027,0.00835959,0.000836896
10,2,-0.00208219,-0.261437,-0.00923456,0,-0.00903268,-0.00264111,0.00445459,0.000646616
1,3,0.000863831,0.398941,-0.00176286,0,-0.0214669,-0.0015306,0.00706148,3.843e-05
2,3,0.00222651,0.288664,-0.00347643,0,-0.00261705,-0.00244366,0.00461171,0.000122375
3,3,0.00158983,0.283212,0.00304789,0,0.00696733,-0.0012682,0.00774313,-3.10454e-05
4,3,0.00521631,0.331333,-0.00637754,0,-0.0125211,-0.00163312,0.000396427,-0.000437666
5,3,0.000533508,0.30294,-0.00211358,0,0.000539499,-0.00138698,0.0015788,-1.81271e-05
6,3,-0.000533906,0.29267,-0.00572659,0,0.00545284,-0.00166699,0.00381844,-0.000146874
7,3,-0.00180556,0.35104,0.0181994,0,-0.0106597,-0.000472975,0.00133073,0.000303729
8,3,0.000690148,0.385005,-0.00109278,0,0.00327197,0.00287126,0.00629651,0.000681584
9,3,-0.00206799,0.387313,0.00490624,0,-0.00766638,-0.00113061,0.00910412,0.000843142
10,3,-0.00144729,0.365798,-0.00170747,0,0.00313667,0.0048582,-0.00787408,0.000284682
1,4,-0.00153215,-0.0153307,0.00253899,0,0.00490997,0.00294936,-0.00314104,-0.000441657
2,4,-0.00322035,-0.000147016,-0.0059305,0,-0.00583366,0.000995519,-0.00435346,-0.00101318
3,4,-0.00159297,0.00931966,-0.00406612,0,0.0178203,4.91e-05,-0.000413445,0.00113253
4,4,0.0011888,-0.0155989,0.0110961,0,-0.0017307,-0.00145358,0.0126569,-0.000654947
5,4,-0.00448236,-0.0373819,-0.00337509,0,-0.00553857,0.00168221,-0.0105086,-0.000138754
6,4,4.74098e-05,0.0818647,0.00172087,0,0.00546409,0.0018559,-0.00207618,-0.000456582
7,4,-0.000201017,0.0631693,-0.000923111,0,-0.00527605,-0.000697295,0.000797009,0.000732887
8,4,-0.00179654,0.0557218,-0.000627436,0,0.00274126,-0.00179442,-0.0116885,-0.00246548
9,4,0.00211096,0.00144115,0.00781336,0,0.00518757,-0.000661039,0.00184963,0.000115497
10,4,-0.00373285,0.0199348,0.00772125,0,0.00760192,-0.000873454,-0.0067538,0.000423356
1,5,-0.00295743,0.491939,0.013917,0,0.000358525,0.000305834,-0.00718538,-0.00223058
2,5,0.0010427,0.550446,0.00567764,0,-0.00528544,-0.0027103,0.00580757,0.000608661
3,5,-0.00216755,0.523625,0.00372585,0,-0.0158059,0.00111995,0.00382663,0.00141458
4,5,-0.00290752,0.524468,1.18861e-05,0,-0.0124741,-0.000699577,0.00522388,-0.00155473
5,5,-0.00512308,0.509818,0.00347383,0,0.00761229,0.00180148,0.00584651,0.000630084
6,5,-0.00334955,0.49209,-0.00685536,0,0.00149191,0.00391651,0.000908101,-0.00104932
7,5,0.00394375,0.561678,0.0101647,0,0.0137314,-0.00177378,-0.000478306,0.00152531
8,5,-0.00402408,0.567495,-0.0112068,0,-0.00504012,0.000260444,-0.00342608,0.000101817
9,5,-0.00235223,0.593184,-0.00231872,0,0.0156105,-0.00100105,-0.00378341,0.00227784
10,5,0.00120072,0.498603,0.0160367,0,0.00128974,0.00162518,-0.00794567,0.00154925
1,6,0.00449269,0.443027,0.00243264,0,-0.00584575,0.000878594,-0.0174052,-0.000657428
2,6,-0.0025352,0.401897,-0.00275658,0,-0.00134084,0.000488401,-0.0154023,1.36128e-05
3,6,0.00423303,0.449233,-0.00637938,0,-0.0045249,-2.45647e-05,-0.00312832,0.000664435
4,6,-0.00239135,0.36612,0.00988102,0,-0.00116748,-0.00249136,-0.0119389,0.000964751
5,6,0.00504819,0.36625,0.00395256,0,-0.0058354,-0.00035132,-0.00383677,0.0016921
6,6,0.00522073,0.393801,-0.00755348,0,-0.0166097,0.000243994,-0.00443804,-0.000910277
7,6,-0.00539431,0.299822,-0.00108202,0,0.00367716,0.000113575,-0.00364085,-0.0017341
8,6,0.00533599,0.361818,0.00424542,0,-0.00733034,-0.00360392,7.26234e-05,-0.00127745
9,6,0.00267161,0.419299,0.00201943,0,-0.00778823,0.000813106,7.90943e-05,-0.000468046
10,6,0.00196396,0.420848,0.00613059,0,-0.00969047,-0.00159767,-0.000296435,-0.00241877
1,7,-0.0038668,0.0506021,-0.00714543,0,-0.00607143,0.000385865,0.0034667,0.00106304
2,7,-0.00060957,0.0949269,-0.0130579,0,0.00162676,-0.000682935,0.00746185,-0.000142915
3,7,0.00263738,0.0835692,0.0028372,0,0.012715,-0.00137667,0.00525718,0.00126504
4,7,-0.00258541,0.0198836,-0.00497987,0,-0.0145888,-0.00178259,-0.0100739,0.00163712
5,7,0.00492839,0.07939,-1.3542e-05,0,-0.0115626,-0.00261222,-0.00870209,0.000737967
6,7,0.00056572,0.0318031,-0.00410154,0,0.00926142,0.000894019,-0.019558,-0.000216539
7,7,0.0058068,0.0781263,0.00688621,0,-0.00383356,-0.000938128,-0.00618534,-0.00137295
8,7,0.0016177,0.0908234,-0.00332979,0,-0.013087,-0.00218318,0.00451217,0.00125826
9,7,8.34997e-05,0.0304302,0.0044519,0,-0.00375447,-0.00199793,-0.000445828,-0.00085871
10,7,-0.00109263,0.035662,-0.00640682,0,-0.00299783,0.000451302,-0.0104623,0.000288266
1,8,-0.00287941,0.42434,0.00396787,0,5.65257e-05,0.00195485,-0.0130317,0.000939806
2,8,0.00558181,0.420906,-0.00736918,0,-0.0108604,-0.000696429,-0.00942824,0.00140849
3,8,0.00626549,0.475265,0.00483494,0,0.0139922,-0.00108555,-0.00327926,0.000886331
4,8,0.00359322,0.416399,-0.000926951,0,0.0137313,0.00085307,0.00291356,9.12002e-05
5,8,0.00494177,0.395945,-0.00764474,0,0.00240772,0.000871121,-0.00785999,0.00124049
6,8,-0.00354796,0.361684,-0.00976209,0,-0.00549762,-0.0016391,-0.000750599,-0.000271343
7,8,0.00122446,0.328356,-0.00216612,0,0.000595656,0.000776325,-0.00462482,0.000987186
8,8,0.00447375,0.413657,0.0135164,0,0.00277331,-0.00167071,-0.014959,0.00103657
9,8,0.00202211,0.331917,0.0153109,0,-0.00119802,0.00113617,0.00839329,-0.000693777
10,8,-0.00244573,0.340796,0.00201863,0,0.000257539,0.000376253,0.00775057,3.50614e-05
1,9,-0.00343604,0.2376,0.0165696,0,-0.00730906,0.00295835,0.00530536,-0.00146837
2,9,-0.00231436,0.264304,-0.00221475,0,-0.000402473,-0.00111701,0.0157716,0.000798091
3,9,-0.00107243,0.277262,-0.0169252,0,0.00394207,-0.00389669,-0.00800179,0.00223897
4,9,0.00510922,0.253151,0.00161019,0,0.0104501,-0.0009539,0.00460916,0.00115567
5,9,-0.000215736,0.256732,-0.00133018,0,-0.00420463,0.00029407,-0.0036144,0.000477961
6,9,0.00029142,0.311046,-0.00242383,0,0.00102542,-0.000789293,0.00203475,0.000901012
7,9,-3.80512e-05,0.267726,-0.0019182,0,0.00143103,-0.00133882,-0.00812542,0.000739079
8,9,0.000260972,0.282412,0.000891817,0,-0.00705927,-0.00195436,0.000566617,0.000612271
9,9,0.00178469,0.232409,-0.0115569,0,-0.0121191,-0.00159939,-0.000957904,0.000250695
10,9,0.00514065,0.29671,0.00253832,0,-0.00698942,-0.00274355,-0.00107449,-0.000710562
1,10,0.00435302,0.297366,-0.00480828,0,-0.0023432,0.00113301,0.00764134,0.00164974
2,10,-0.00586717,0.286495,-0.0109957,0,0.00848561,-0.00170198,-0.00265842,0.000708855
3,10,-0.00151478,0.262591,0.0103786,0,-0.00477993,-0.00079171,0.0051874,0.00132593
4,10,-0.000980888,0.247253,0.0141325,0,-0.00647371,-0.000242535,0.000816918,0.000251065
5,10,0.00260704,0.302902,-0.00078805,0,0.0180005,0.00177169,-0.0102209,-0.00112504
6,10,-0.000247528,0.272653,-0.0109689,0,-0.00159444,0.00187632,0.00911363,0.000188673
7,10,-0.00300965,0.28694,-0.00162414,0,-0.00518172,-0.00047153,-0.0075691,0.000225051
8,10,0.00256565,0.27917,0.00147765,0,0.00536755,0.000568495,-0.0138068,-0.00217018
9,10,-0.00124312,0.241467,0.0107868,0,0.00233848,-0.000579867,-0.00737563,5.68359e-05
10,10,-0.00635717,0.280294,-0.00423978,0,-2.28037e-05,0.00138195,-0.0120581,-0.00212326
1,11,0.00280515,0.578732,0.00948469,0,-0.00835624,5.39377e-05,0.0123606,0.00132419
2,11,-0.000852567,0.66555,0.00983331,0,-0.00396878,0.00187367,0.00253175,-0.00118348
3,11,-0.004369,0.630283,0.0053014,0,9.73391e-05,-0.0010448,0.00684513,0.000977536
4,11,0.00655368,0.644907,0.00934963,0,0.0126832,-0.00416565,-0.00108972,0.00153274
5,11,0.00051481,0.606856,0.00858468,0,-0.0106649,0.0014789,0.00460692,-0.00241774
6,11,0.000564386,0.702765,-0.00705437,0,-0.0130063,-0.000598898,-0.0022013,0.000308856
7,11,-0.0011461,0.685691,-0.008147,0,-0.00904613,-0.000940947,-0.00623801,-0.000491544
8,11,-0.00179595,0.615399,0.000367651,0,0.00968208,0.000632352,0.00679075,-0.000508601
9,11,0.00202311,0.6736,0.00389854,0,-0.0106022,0.00156479,-0.0153037,-5.99527e-05
10,11,-0.00264946,0.587199,0.00195778,0,-0.00323625,-0.00181981,0.0124915,0.00149642
1,12,-0.00149001,-0.218226,-0.00507124,0,0.000972078,0.000497857,0.00573154,0.00210826
2,12,0.0055598,-0.20592,0.0131452,0,-0.000926367,0.000923291,0.00726705,-0.000563202
3,12,0.00128251,-0.247252,0.00797725,0,0.00302876,-0.00118962,-0.00161707,-0.00038766
4,12,-0.000749589,-0.211598,-0.00247651,0,-0.00824504,0.00202205,-0.00584335,0.00179933
5,12,-0.00251872,-0.168082,0.00240001,0,0.016007,0.000248024,0.00214664,-0.000299658
6,12,0.000885814,-0.159813,-0.0038941,0,-0.0135387,0.00238204,0.0130697,-0.00178489
7,12,-0.0010884,-0.189054,0.0106055,0,0.0143538,0.00368185,0.00140777,-0.00219725
8,12,-0.000681868,-0.168594,0.00935157,0,-0.00350377,-0.000124105,0.000387569,0.00189983
9,12,-0.00233345,-0.205584,0.00096374,0,-0.00648577,0.000196724,0.00656154,-6.36772e-05
10,12,-0.00124634,-0.208085,-0.00182201,0,-0.00195148,-0.000916878,-0.00467195,-0.00129348
1,13,-0.0020539,-0.148915,-0.00164467,0,-0.0139898,0.00363798,0.00197348,-0.00254963
2,13,-0.00827645,-0.266156,-0.00602829,0,-0.00425558,-0.00108501,0.0031599,0.00137435
3,13,-0.00179288,-0.194645,-0.00844539,0,0.00558625,0.000234955,0.00231579,-0.000242502
4,13,0.000855193,-0.132401,-0.00683822,0,0.00564838,-0.000822405,-0.0101633,-0.00300665
5,13,-0.00184832,-0.19,0.00379213,0,-0.00140609,-0.0011549,0.00401919,0.00141541
6,13,0.00125354,-0.145901,0.0037089,0,0.00437127,-0.000464852,0.0128991,-0.000745016
7,13,-0.000523358,-0.163566,0.0114951,0,0.0124712,-0.00126346,-0.00569474,-0.000561965
8,13,-0.00298628,-0.174664,-0.00218311,0,-0.00524455,-0.00066172,0.0030598,0.000804414
9,13,0.000848335,-0.152972,-0.0014408,0,0.00167267,0.000123148,-0.0042398,0.000236887
10,13,0.00228457,-0.223793,-0.00456252,0,0.00814179,-0.00146455,-0.00165548,0.00093537
1,14,-0.00388699,-0.139048,-0.00188465,0,0.00303263,-0.000884896,0.00643842,0.00129822
2,14,-0.00483087,-0.04885,-0.00305673,0,0.0016583,0.00152886,0.00575003,0.00045323
3,14,-0.00363816,-0.103395,0.00122357,0,0.0172473,0.000430297,0.00668959,0.00203541
4,14,0.00149567,-0.0869043,-0.00540107,0,-0.00564044,-0.00156855,0.000287122,-0.000462297
5,14,-0.00206629,-0.12132,-0.00180876,0,-0.00513685,0.000473083,-0.00327506,0.00136673
6,14,-0.00213358,-0.121844,0.00695896,0,-0.000861297,0.00294359,0.00985179,-6.48703e-06
7,14,0.000101544,-0.115977,0.00190036,0,0.000139632,-0.00159863,0.00308081,-0.000798674
8,14,-0.00190718,-0.096685,0.0220198,0,0.0125112,8.78484e-05,0.00894759,-0.00128453
9,14,0.000522836,-0.133144,-0.00698268,0,0.000228881,0.000165816,-0.0132215,-0.000634535
10,14,-0.00255895,-0.0645055,0.00748146,0,0.00377733,0.00205002,-0.00837228,-0.000419231
1,15,0.000868411,-0.0353923,0.0145037,0,0.00163272,0.00126158,0.00179399,-0.000537882
2,15,0.000852047,-0.118478,0.00850799,0,0.00186613,-0.000148943,0.00759951,-0.00169211
3,15,0.00259363,-0.0423926,0.0040382,0,-0.00142486,0.00185266,-0.00875048,0.00127071
4,15,-0.00116787,-0.0861024,0.000364863,0,-0.00723111,0.000350292,0.0134313,0.000907102
5,15,-0.00350398,-0.0845012,0.0115095,0,0.00315452,-0.00119656,0.00431667,-0.00154975
6,15,-0.00674145,-0.14106,0.013816,0,-0.0117451,0.00145397,0.0154073,0.000318728
7,15,-0.00415198,-0.0315345,-0.00288933,0,-0.00854174,-0.00257053,0.00814838,-0.000149681
8,15,-0.00362266,-0.0332277,0.00293752,0,-0.000538031,-0.00071208,0.00478098,0.000527268
9,15,-7.88611e-05,-0.0344181,0.00614632,0,-0.00691386,0.00304861,0.00225095,-0.00326605
10,15,0.0049825,-0.00942861,0.00175506,0,-0.000873606,-0.00184264,0.0188609,-0.000628489
1,16,0.00252112,-0.122958,0.00288465,0,-0.00929855,0.0004511,-0.00939821,-0.00135727
2,16,0.00149123,-0.105559,0.00497574,0,-0.0173464,0.000843918,-0.00447787,0.000463512
3,16,0.00119173,-0.103933,0.0108347,0,-0.0148761,0.000609908,0.00204026,0.00085051
4,16,0.000446353,-0.0934984,-0.0120948,0,0.00725843,-0.000567863,-0.00263111,0.00078939
5,16,-0.00341196,-0.14705,-0.00797738,0,-0.0037687,-0.00133563,-0.0125871,-0.000326737
6,16,0.00169411,-0.0828915,0.00257036,0,-0.0116077,0.000570194,0.00636488,0.000776592
7,16,0.00549141,-0.0941935,-0.00520329,0,0.00606555,0.00125393,-0.00607387,0.00133421
8,16,-0.000396834,-0.144262,-0.00750595,0,-0.0203102,0.00317425,0.00706093,-0.00251899
9,16,-0.000897521,-0.108623,-0.0025537,0,0.00488372,-0.00140273,-0.000147904,0.000332689
10,16,-0.0031674,-0.1285,-0.00272668,0,0.000594914,0.000495191,0.00215894,0.00185545
1,17,0.00297264,-0.348227,-0.000284645,0,-0.00177589,0.00029145,0.00248794,-0.00214981
2,17,0.00157488,-0.353976,0.0119511,0,0.00120499,0.00336262,-0.0073921,-0.000843837
3,17,-0.00231325,-0.346379,-0.00863604,0,0.00272273,0.000341475,-0.00482607,-6.97217e-05
4,17,-0.000405998,-0.299973,-0.000124888,0,0.0173591,-0.00162771,0.00313771,-5.81801e-05
5,17,-0.00184449,-0.356521,0.00305779,0,0.00166796,-0.000820266,-0.0140999,-0.000658952
6,17,0.00206803,-0.315866,0.0093183,0,-0.00352358,6.52227e-05,-0.000113494,-0.00280696
7,17,-0.000530861,-0.353016,0.00654287,0,-0.00294039,0.00206642,0.00639757,-0.0014617
8,17,0.00130595,-0.296168,-9.331e-05,0,0.00243627,-4.80979e-05,-0.000785799,-0.00251376
9,17,-0.000914327,-0.338562,0.00804378,0,-0.00470889,-0.000651174,0.0141292,0.00121284
10,17,-0.00376514,-0.369974,0.00495192,0,0.00220613,-0.00228986,0.00415996,-0.000176719
1,18,-0.00676816,-0.0879947,0.00302051,0,0.00327969,-0.00127776,-0.00301465,0.00150534
2,18,-0.000163345,-0.109208,0.00457773,0,0.00283737,-0.00177071,0.00505434,0.000674219
3,18,-0.0028441,-0.110845,0.00382484,0,0.00752967,-0.000424463,-0.000679885,-0.000530191
4,18,0.00179298,-0.0985689,0.00103813,0,-0.0087729,0.000143673,0.00176166,-0.0013966
5,18,0.00241443,-0.124798,0.00315944,0,0.00201039,0.00140328,-0.000756328,0.000787952
6,18,0.000660865,-0.119135,0.00447824,0,-0.0026705,-0.000695252,0.00306528,0.00013974
7,18,0.000448488,-0.107835,-0.00185247,0,0.000740999,-0.000200729,-0.000529153,-0.0025137
8,18,-0.00165078,-0.106128,-0.00427122,0,-0.00291047,-0.00377727,0.0137522,-0.0010273
9,18,-0.000811407,-0.0354276,-0.00696066,0,-0.000958667,-0.000102513,-0.00558149,0.000682146
10,18,-0.00308634,-0.0808629,0.0006047,0,0.0013594,-0.00370968,0.00415874,-0.000599547
1,19,-0.00238985,0.267887,0.00342784,0,-0.000367478,0.00155865,-0.00100485,0.000701186
2,19,-0.00101197,0.371291,0.00520172,0,-0.000144081,0.000365817,-0.0129635,0.000927942
3,19,0.000782826,0.227723,-0.000414918,0,-0.010423,-0.000322113,-0.0113646,-0.00243249
4,19,-0.00234526,0.354845,-0.00090285,0,-0.0169836,0.000197141,-0.00914842,-0.00107186
5,19,0.000240768,0.331009,0.00961624,0,-0.0025692,0.00222184,-0.0107228,0.00100584
6,19,0.00161983,0.387818,0.00639698,0,0.00246821,-0.00108044,-0.0112073,0.000636667
7,19,0.00278087,0.324518,7.66946e-06,0,0.0133092,0.00297052,-0.0110835,0.00143605
8,19,0.00757727,0.330355,-0.00103057,0,0.0162461,-9.80078e-05,-0.00872418,0.000336033
9,19,0.00357613,0.335351,0.00632486,0,-0.0094577,-9.43201e-05,0.00134067,0.00150064
10,19,0.00207246,0.341747,-0.00706988,0,-0.0159658,-0.000738484,-0.00691102,-0.000734765
1,20,0.00228889,-0.393506,0.00083171,0,0.000396528,0.00201622,0.0131888,-0.000174919
2,20,0.00041159,-0.319758,0.00162178,0,-0.00885145,0.00198255,0.00044061,-0.000391406
3,20,-0.00572565,-0.344273,-0.00315139,0,-0.00269773,-0.00142084,0.00251166,2.23458e-05
4,20,0.000112339,-0.332216,-0.000716671,0,0.0045644,0.000281498,0.001635,0.00106856
5,20,0.00124427,-0.292977,0.00872077,0,-0.000431569,0.00076961,0.00400348,0.00155742
6,20,0.00460875,-0.344995,0.000246546,0,-0.0122348,-0.000272177,0.0119798,0.000980343
7,20,-0.00342344,-0.371237,-0.0158841,0,0.00817521,-0.00173655,0.0017318,0.00149841
8,20,-0.00291174,-0.39468,-0.00077997,0,-0.003988,0.00222553,0.0021001,0.000410043
9,20,0.00157919,-0.338498,0.0078723,0,-0.00106122,-0.00327297,0.0140815,-0.000798647
10,20,-0.000888519,-0.361399,-0.00369168,0,-0.00846212,0.000334167,0.00679316,0.00147248
1,21,0.00133225,0.0774448,0.0045911,0,0.000210849,0.000943053,0.00691388,0.00030472
2,21,0.00384292,0.16359,-0.00911404,0,-0.00230514,0.000956389,0.0189287,0.000244037
3,21,0.00295332,0.1167,0.00507498,0,0.0163661,0.00176901,0.00469589,0.000199418
4,21,0.00373544,0.12762,0.00200906,0,0.00997569,-0.000807789,0.00201648,0.00180802
5,21,0.000368677,0.134089,-0.00579163,0,0.00751988,-0.000389996,-0.00453525,-0.00213339
6,21,0.0020864,0.0905943,-0.00736918,0,-0.0133199,-0.000712436,0.00162386,0.00330168
7,21,0.00501884,0.0822402,0.00692357,0,0.00391551,-0.000682346,-0.00886552,0.00134139
8,21,-0.00230876,0.157194,0.000479891,0,0.000583346,0.00208803,-0.00784836,0.000192307
9,21,0.00108971,0.108235,-0.00286795,0,0.0022791,0.00115697,-0.01325,0.00173928
10,21,0.000651411,0.149737,-0.00460501,0,-0.00878113,-0.000957105,0.00672018,0.00135146
1,22,-0.00370742,-0.421625,0.00285982,0,0.00560262,-0.00223462,-0.00350223,8.9281e-05
2,22,-4.95956e-05,-0.399157,0.00277491,0,0.00358174,0.000547504,0.00113598,-0.000143264
3,22,0.00415265,-0.388922,0.00828657,0,0.00318948,0.00174317,0.0121842,0.00136744
4,22,0.00089362,-0.388267,0.00859119,0,0.0022753,-0.000273736,-0.000701583,-0.00232566
5,22,0.00344737,-0.392415,0.00298542,0,-0.00822134,0.000224989,0.00921684,-0.000348331
6,22,-0.0049896,-0.38942,0.00709552,0,0.0081745,-0.00169395,0.00968604,-0.000922956
7,22,0.00193027,-0.368811,0.0035225,0,0.0167969,0.00236327,0.00379367,0.00101838
8,22,-0.000522898,-0.462569,-0.00879533,0,-0.00615873,0.000239456,0.00679894,0.00140957
9,22,0.00463838,-0.361541,0.00391333,0,0.00593149,0.00145645,0.00837239,0.000370466
10,22,-0.00197263,-0.37825,0.000908441,0,-0.00170245,0.00139392,0.0171977,-0.000165521
1,23,-0.00525365,0.572063,-0.00387832,0,0.000387465,0.000563302,0.00662109,-0.00105341
2,23,0.00467719,0.597459,-0.00766315,0,-0.0037967,-0.00180249,0.00689085,-0.000750849
3,23,0.00566449,0.638391,0.0062429,0,0.00737736,-0.0016076,-0.000568253,0.00161551
4,23,-0.000224286,0.587258,-0.000433787,0,-0.00249288,2.37064e-05,0.00696126,-0.000263427
5,23,0.00231204,0.539801,-0.002734,0,0.0124592,-0.00311288,-0.00810973,0.00145887
6,23,-0.00138951,0.5799,-0.00618261,0,-0.00524131,0.00216431,0.00594596,0.000646147
7,23,-0.000979057,0.576405,-0.00553435,0,0.0101397,-0.000457783,0.00340114,-0.00215568
8,23,0.000227633,0.568375,0.00132948,0,-0.00169342,5.0485e-05,0.00197407,-0.00144876
9,23,-0.000650233,0.570459,0.000384451,0,0.0104028,-0.00197184,0.0179794,-0.000224053
10,23,-0.00328092,0.557213,0.00385172,0,-0.00573663,0.000146462,0.000554201,-0.000301291
1,24,0.00381148,0.0878008,-0.00467448,0,-0.00408273,0.000837939,0.00799249,0.000220958
2,24,0.00117651,0.0370748,0.00452736,0,-0.00159046,0.00061972,0.00326871,-0.000612671
3,24,-0.000604735,0.07155,-0.0100918,0,0.000810009,-0.00206263,0.000734864,0.00108225
4,24,-0.000452102,0.0404362,0.00232941,0,0.0026649,-0.000778654,-0.00143305,-0.000161912
5,24,0.00181009,0.14688,-0.0118845,0,-0.0036386,0.000932525,0.0150779,-0.000138837
6,24,-0.00213249,0.0683578,-0.00520043,0,0.0161223,0.00273446,-0.00486445,-0.000172355
7,24,0.000353167,0.0459373,-0.0139653,0,0.00802511,-0.00133377,-0.000172581,-0.000396647
8,24,-0.000337484,0.0915909,0.00201228,0,-0.00968216,-0.000138991,0.0065002,5.87113e-05
9,24,0.00256503,0.0768979,-0.00325382,0,-0.0134918,0.000138553,0.0119999,0.000155232
10,24,-0.000551469,0.0841144,0.00075828,0,-0.00791375,0.00194252,0.0110857,0.000653865
1,25,0.00630666,-0.100899,-0.00649963,0,-0.0125278,-0.00206497,0.000751916,-0.00116626
2,25,0.00414853,-0.109471,-0.00185217,0,-0.00523807,-0.000530189,0.0011085,0.000445726
3,25,-1.87367e-05,-0.0750848,0.002238,0,0.0127554,0.0012231,0.00926968,-0.00197677
4,25,0.0056302,-0.0744097,0.0101815,0,0.0076139,-0.00074551,0.019847,-0.0011386
5,25,0.00119922,-0.0357948,-0.0024061,0,0.0119847,0.00180298,0.000128166,-0.000563936
6,25,-0.00106284,-0.119683,-0.00164162,0,-0.00916135,0.00170054,0.00959257,0.000476462
7,25,0.000968239,-0.0945248,-0.00341421,0,0.0110558,0.00154366,0.0152173,0.00177834
8,25,-0.00128874,-0.131642,-0.00437262,0,0.000146862,0.000277287,-0.0119273,-1.01169e-05
9,25,0.00408983,-0.0592662,-0.00700222,0,0.00408069,0.000895639,-0.0101041,-0.000515619
10,25,0.000353044,-0.0967765,0.0014906,0,0.00512754,0.000726003,0.0246396,0.000990329
1,26,-0.00256036,-0.247851,0.00066556,0,-0.000272964,0.00260105,-0.00939909,-0.00213416
2,26,0.00437964,-0.245844,-0.00569255,0,-0.0145539,0.00431605,-0.0120389,-0.00120087
3,26,0.00197049,-0.264256,-0.00903571,0,0.00547177,0.00331667,-0.00401108,0.00140514
4,26,0.00126922,-0.30125,0.0105111,0,0.00100484,0.0017102,-0.0151139,-0.00141346
5,26,-0.00126775,-0.234717,-0.00128451,0,-0.000927859,0.00301252,0.000124074,0.00159002
6,26,-0.000825102,-0.265983,-0.0018448,0,0.00580005,0.00163895,-0.00328215,-0.000349448
7,26,-0.00211304,-0.24622,-0.00841958,0,-0.00920835,-0.000428865,-0.00173373,-0.000959089
8,26,0.00043976,-0.312472,-0.000105434,0,0.00604523,0.00167497,-0.019882,-0.000715109
9,26,-0.000733735,-0.22709,0.00154226,0,0.00812889,-0.00031694,-0.00771256,0.000138196
10,26,0.000181499,-0.305326,-0.0095518,0,-0.013527,0.000180732,0.00172106,0.00139621
1,27,-0.000815488,-0.186039,0.00592499,0,-0.00489627,-6.83612e-05,-0.013302,-0.00105738
2,27,0.00258802,-0.166725,-0.00135833,0,-0.0101473,3.86153e-05,-0.00873439,0.000347606
3,27,-0.00156565,-0.14835,-0.0024398,0,0.0188855,-0.00265655,-0.00625699,-0.000781374
4,27,0.00262813,-0.128562,-0.00368942,0,0.00444634,-0.00273279,0.000111143,-0.00144784
5,27,-0.00352841,-0.165868,0.00362692,0,-0.00142949,-0.000315872,-0.0080668,-0.000579293
6,27,0.00114625,-0.148558,0.00744724,0,-0.000289681,-0.00258281,0.000281056,0.00122418
7,27,0.0063932,-0.144844,-0.00519701,0,-0.0043221,-0.000850452,0.00697942,0.00124127
8,27,-0.000776833,-0.165723,-0.00332151,0,-0.0036124,0.00167076,0.00115904,0.00125294
9,27,-0.00348048,-0.133716,-0.00108342,0,0.00455677,0.00176237,-0.00180018,-0.000971209
10,27,0.00643518,-0.172628,-0.012861,0,0.0169859,0.00168987,-0.00552198,0.00133139
1,28,0.00105643,0.376363,0.000689656,0,-0.00253943,-0.000278162,0.00824632,-0.000596969
2,28,0.00587303,0.279296,-0.0119719,0,-0.000421267,-0.00141035,-0.00524271,0.00153128
3,28,0.00111525,0.367404,-0.00111287,0,-0.00691793,0.00181881,0.00486799,0.00147149
4,28,0.00471602,0.355183,-0.00260977,0,-0.00231741,0.00181177,-0.00896164,-0.000399443
5,28,0.00308231,0.310681,-0.00494561,0,0.00329047,-0.000608007,-0.0205124,0.00153948
6,28,0.0032475,0.28573,-0.0116486,0,-0.00521299,0.00100696,-0.00466421,-0.000936795
7,28,0.00446017,0.288865,0.000963807,0,0.00331723,-0.00121355,-0.0198229,-0.000123918
8,28,0.00202582,0.3119,-0.00133718,0,-0.00806334,0.0014099,-0.00261346,-0.000432557
9,28,0.000204669,0.294685,-0.000236543,0,-0.00121899,-0.00115931,-0.00258865,-0.000288227
10,28,0.00144474,0.364437,-0.00221549,0,-0.00170973,0.00112549,-0.00285863,0.000579641
1,29,0.0025874,-0.0182376,-0.00107646,0,-0.00310711,0.00266647,-0.00803869,-0.00263433
2,29,0.000764768,-0.125872,-0.00502567,0,0.0111153,-0.00140888,0.0097286,0.000780326
3,29,-0.00470516,-0.0142643,0.00429754,0,0.000624094,0.00133167,0.00471345,-0.000723911
4,29,-0.000248089,-0.0194408,-0.000310787,0,0.00746645,0.000234732,0.00194878,-0.000584848
5,29,0.00594548,-0.0543919,-0.00889799,0,-0.00206282,-0.00206573,0.0224476,-0.00139772
6,29,-0.00256119,-0.113046,-0.00491961,0,0.0122812,-0.0015873,0.00112839,-0.00406537
7,29,0.00312738,-0.00352588,-0.000878978,0,-0.00519099,0.00298676,0.00476975,0.000743468
8,29,0.000330802,-0.080361,0.00762967,0,-0.00221756,0.000885997,0.00762332,0.000916656
9,29,0.00640306,-0.0122768,-6.20436e-05,0,0.00880469,0.00192914,0.00311706,0.000293646
10,29,-0.00164047,-0.111031,0.000226169,0,-0.0144816,-0.00198445,0.00329031,-0.000613469
1,30,0.00349256,0.488481,-0.00207051,0,-6.54748e-05,0.0054691,-0.00491103,-0.000392155
2,30,0.0036965,0.465734,-0.0108147,0,0.00197105,0.00351218,0.00331261,-0.00170013
3,30,0.00239178,0.412572,-0.00496841,0,-0.00269223,0.00470755,-0.00355257,0.000126807
4,30,0.00351559,0.502511,0.00727033,0,-0.00406841,0.00177324,-0.00504877,0.000322365
5,30,-0.00127167,0.479546,0.00101852,0,-0.0104805,0.00241877,0.00551378,-0.000824676
6,30,0.000862503,0.46269,-0.000201965,0,-0.00814274,-0.000442072,0.00188875,-0.000281547
7,30,0.00228597,0.501247,0.00948105,0,0.0192715,0.0027146,-0.000753837,-0.000170753
8,30,0.00306566,0.460773,0.0019195,0,0.00203349,0.00160772,0.00460624,0.000586343
9,30,0.00214603,0.459998,-0.000507596,0,0.00488435,0.00224967,-0.019595,0.000525044
10,30,0.000131197,0.474329,-0.00177186,0,-0.0179465,-0.00174374,-0.000127042,0.000137109
1,31,0.00119266,0.155214,-0.000280313,0,0.00722919,0.000390826,0.00317438,-0.00105011
2,31,0.000226522,0.154466,-0.000157304,0,0.00578498,0.001184,-0.000484717,-0.000563661
3,31,0.00297409,0.12622,-0.00276741,0,-0.00372528,0.00187866,-0.0106594,2.73316e-07
4,31,-0.00290433,0.152908,-0.0130599,0,0.00891871,0.0044566,-0.00557037,-0.00179557
5,31,0.00194513,0.153946,-0.000294352,0,0.000352068,0.000730192,0.00494515,0.00050576
6,31,-0.00595548,0.102763,-0.00532864,0,0.00189802,0.00126545,0.00873711,-0.000836439
7,31,0.00291014,0.193694,-0.00194081,0,-0.0178521,0.000260925,0.00630683,-0.000366188
8,31,0.00144879,0.157293,0.00101432,0,-0.00199406,-0.000906484,0.00379537,-0.00104399
9,31,-0.00467162,0.15593,-0.00929762,0,0.00486607,0.000998587,0.000363678,-0.000172999
10,31,0.00462153,0.147582,0.0100143,0,-0.00546006,0.00308704,-0.00339222,-0.00152726
1,32,0.000576089,-0.732415,0.00581652,0,0.00335738,-0.00192704,-0.0127127,0.00111392
2,32,0.00462322,-0.762776,-0.0112708,0,0.00170031,-0.000387599,0.00379703,0.00198083
3,32,0.00214179,-0.698766,0.0101871,0,0.0039053,-0.000551584,-0.00392471,0.00137652
4,32,-0.00357485,-0.739757,0.0045134,0,0.00712561,0.000157036,-0.00236304,-0.000681489
5,32,-0.00292638,-0.740938,0.0129356,0,-0.0101964,6.9553e-05,0.000936258,0.000917337
6,32,0.00123908,-0.763318,0.00176443,0,0.0131302,-0.00147788,0.00184268,-0.000367436
7,32,0.0033604,-0.776139,-0.00347842,0,0.00489379,-0.00399206,-0.00723076,0.00155289
8,32,0.00131777,-0.753551,-0.00447869,0,-0.00831389,0.00031055,-0.00104625,-0.000311328
9,32,-0.00334102,-0.723278,-0.00328719,0,-0.00869557,-0.000393274,-0.000570765,-5.06203e-05
10,32,0.00227885,-0.779672,0.00603535,0,0.00082708,0.00091767,0.00892692,0.00213042
1,33,0.0020125,0.0388166,0.00881836,0,0.00888693,0.0004337,-0.00230945,0.000821016
2,33,0.000403417,0.102274,0.00151948,0,-0.00477876,-0.00183995,0.00365737,0.000716481
3,33,-0.00301604,0.104454,-0.00574811,0,-0.00473653,0.00266688,0.000721056,0.000202147
4,33,0.000351468,0.118374,-0.00316101,0,-0.0136644,0.00238331,0.00184193,-0.000854047
5,33,-0.00501459,0.156913,-0.00234226,0,0.000196745,0.00141319,0.00607673,0.000956099
6,33,0.00247651,0.149814,0.0130363,0,0.00766127,0.00229623,0.0149436,0.000691943
7,33,0.00198302,0.123203,-0.00385364,0,-0.00820396,-0.00158303,0.0071446,-0.00029041
8,33,-0.00198135,0.126915,0.00434765,0,0.00945161,-0.00238603,0.00360806,-0.00100931
9,33,-0.00459686,0.141919,-0.0107417,0,0.00350853,-0.000662598,-0.0073648,-0.00012022
10,33,-0.00607403,0.113259,-0.00415601,0,0.0024432,0.00135183,0.00386436,-0.000362977
1,34,0.000419214,0.3146,0.00533112,0,0.00727429,-0.000655885,0.00865429,4.00541e-05
2,34,0.00250184,0.330914,-0.00114284,0,0.00745589,-0.00191961,-0.000486616,-0.00142754
3,34,-0.001291,0.291571,-0.00454269,0,0.00856774,-0.000742176,-0.00147883,-0.000951864
4,34,0.00348614,0.381864,-0.00374691,0,0.00508338,0.00166584,-0.00129704,-0.00172398
5,34,0.00585123,0.308928,-0.00829038,0,-0.00123501,-0.00267533,0.000136669,-0.00052241
6,34,0.000246698,0.306543,-0.00869418,0,-0.000502413,-0.00235456,0.00627424,0.000397138
7,34,0.00182918,0.274208,-0.00381082,0,0.0152591,0.00209065,0.0250724,-0.00111242
8,34,0.00221653,0.33988,0.00300395,0,0.000344163,-0.00145957,0.00555023,0.000262652
9,34,-0.00301234,0.291068,-0.00723236,0,0.000600219,0.00134304,0.00492111,-0.00177495
10,34,-0.000115333,0.330094,-0.0026484,0,0.0142024,0.0010425,0.0079193,0.00103367
1,35,-0.00233663,-0.397578,-0.0107265,0,0.0129254,0.00099939,-0.00725923,0.00044289
2,35,0.00122216,-0.345294,-0.000133108,0,-0.0187554,0.000814489,0.000316003,-0.000614329
3,35,-0.00142274,-0.356453,0.00332434,0,-0.00642404,1.32493e-05,-0.0128645,0.000508731
4,35,0.00507056,-0.343898,0.000189905,0,0.00121742,-0.000122498,0.00784244,0.000456441
5,35,-0.0043868,-0.316404,0.008327,0,-0.00825444,-0.000986305,-0.000425735,-0.000191214
6,35,-0.00093372,-0.411531,0.00108337,0,0.00494891,-0.000689436,-0.00883457,0.0011021
7,35,0.000403889,-0.336544,-0.000116992,0,-0.0140591,-0.000875643,-0.00335667,-0.00198688
8,35,-0.00249118,-0.374629,-0.00580917,0,-0.00429014,-0.000901857,-0.00738242,0.00148584
9,35,-0.0018825,-0.396259,-0.00321255,0,-0.00329729,-0.0011494,-0.0012588,-0.00054414
10,35,8.40247e-05,-0.346412,0.00104446,0,-0.00577983,0.00171,0.0013896,-0.00103004
1,36,0.000102962,-0.508365,0.00462492,0,-0.00592214,0.00107767,-0.00314089,-4.36949e-05
2,36,-0.000789488,-0.457295,0.00816256,0,-0.00779605,0.00111047,-0.00648045,0.00152109
3,36,0.000602058,-0.455855,0.0168382,0,-0.00218892,-0.00149475,-0.0118051,-0.0011529
4,36,0.000775266,-0.474243,0.00176557,0,-0.00191909,-0.0014557,-0.00802689,0.000263564
5,36,-0.00479513,-0.552057,-0.00266751,0,0.00275565,0.00125732,-0.000768056,0.00139994
6,36,-0.000900361,-0.528998,0.00320716,0,0.00489738,0.00246953,-0.00662146,-5.44459e-05
7,36,-0.00338724,-0.456846,-0.00546788,0,-0.00603744,-0.00104561,-0.00111845,0.00071621
8,36,0.000513455,-0.463303,0.0195015,0,0.016306,-0.00337807,-0.00741705,0.000596664
9,36,-0.00142012,-0.48663,-0.00394944,0,0.000301606,-0.00206912,-0.00986574,-0.00156341
10,36,-0.00120474,-0.549438,0.00879176,0,-0.0093392,0.00148523,0.0010332,9.97042e-05
1,37,0.000885097,-0.193075,0.00472355,0,0.00699676,0.00197238,0.00677316,0.00179937
2,37,0.0016378,-0.201444,7.20417e-05,0,0.00469332,0.000456885,0.0158917,-0.000232307
3,37,0.000930244,-0.20091,0.00634059,0,0.010278,-0.00163695,0.003548,0.000616794
4,37,0.000463695,-0.103282,-0.0013391,0,-0.00279845,-0.00168005,0.00857841,-0.000236117
5,37,0.00233058,-0.132733,0.0125697,0,0.000139396,0.00127125,0.0140812,-0.00089179
6,37,0.00511223,-0.255144,-0.00453402,0,0.00551534,0.00133229,0.00522508,-0.000935149
7,37,-9.58525e-05,-0.236467,-0.00516201,0,0.00367264,0.00217597,0.00793621,0.000450911
8,37,-0.00369977,-0.199792,0.00479569,0,-0.00226998,0.000909604,0.000929616,-0.000474448
9,37,0.000913802,-0.161316,-0.00448242,0,0.0158523,-0.000284535,0.0127875,0.000438575
10,37,0.00350039,-0.207509,-0.0125324,0,0.00311679,-0.000792553,0.00347841,0.0001359
1,38,-0.000389985,-0.344774,7.66367e-05,0,0.0149172,-0.00318975,0.00139284,-0.000633442
2,38,-0.00378567,-0.335681,-0.00597265,0,0.00350842,0.000527679,0.0190855,-0.00184258
3,38,8.40171e-05,-0.328794,0.00751522,0,-0.0100495,-0.00137464,0.0103326,-0.000631171
4,38,-0.00380448,-0.241939,0.0030022,0,0.000895272,-8.30192e-05,0.0097815,-0.00214096
5,38,0.00314514,-0.292644,0.00557815,0,0.014767,-0.00103211,0.0111968,0.00115343
6,38,0.00194955,-0.270475,0.00230563,0,0.00447807,0.0007024,-0.00256235,-0.00141597
7,38,-0.00041246,-0.316439,0.0018488,0,-0.00561301,-0.000306579,0.00631384,0.000421407
8,38,-0.00161698,-0.30712,0.0149359,0,0.00549817,-0.00140767,-0.0102209,-0.00111019
9,38,-0.00334005,-0.213941,0.0040159,0,-0.0101152,0.00183536,0.00817629,0.00122483
10,38,0.00217081,-0.275645,0.0101592,0,0.00239614,0.0024851,-0.00229661,6.4011e-05
1,39,-0.00010992,-0.144184,-0.0227096,0,-0.005771,-0.000874083,0.00720462,0.00108984
2,39,-0.000984926,-0.167067,0.00965863,0,-0.00253285,-0.000578351,0.00228583,0.00223858
3,39,3.17228e-05,-0.13976,-0.00925014,0,-0.00292985,0.00164049,-0.00235065,0.000190679
4,39,-0.000360178,-0.229286,-0.012423,0,0.00293329,0.00143744,-0.00910893,0.00181278
5,39,0.000831555,-0.166245,-0.0138623,0,0.0139555,-0.00122116,0.00131739,-0.000662622
6,39,-0.00430628,-0.144998,-0.00674841,0,-0.00553581,1.48657e-05,-0.00546283,2.92802e-05
7,39,-0.00214618,-0.142344,0.000812861,0,0.0164979,0.00101843,-0.0055952,0.00191649
8,39,0.00158231,-0.195433,0.00166858,0,0.000957432,-0.000627799,0.0106688,0.00144982
9,39,0.000366739,-0.155166,0.00664923,0,0.00554397,-0.000791546,-0.00754995,-0.000310842
10,39,0.00343048,-0.139757,-0.0122428,0,0.0113557,-0.000378008,-0.00924756,-0.00169979
1,40,-0.00113917,0.420554,0.0035318,0,-0.00456426,-0.00241029,-0.00754409,0.000727692
2,40,0.00653869,0.502901,0.0151733,0,-0.000990931,0.000463602,-0.00357535,-0.000448743
3,40,-0.00044372,0.450037,0.00424981,0,0.0102615,-0.00120766,0.00219766,-0.000997964
4,40,0.000269575,0.461797,-0.00577525,0,-0.0229045,0.00200484,-0.00209415,5.93295e-05
5,40,0.00161043,0.432973,-0.00120222,0,0.00980489,0.000267047,-0.00878781,-0.00123543
6,40,-0.00133993,0.39516,0.00653815,0,0.00133489,-0.00202308,0.000912025,0.000851271
7,40,-0.00451392,0.420573,-0.00536526,0,0.00042091,0.00218684,-0.00553272,-0.000494848
8,40,-0.000604225,0.451107,-0.000439201,0,0.0151195,-0.000421133,0.0130441,-0.000303565
9,40,-0.000315448,0.440301,-0.00558418,0,0.0157633,0.00144539,-0.00048693,-0.00116493
10,40,0.000851721,0.422005,-0.00124991,0,0.00639065,-0.000261317,0.00087798,6.57962e-05
1,41,4.13287e-05,0.0761081,-0.00798659,0,-0.00187959,-0.000996051,-0.00178337,6.38424e-05
2,41,-0.003255,0.0907577,0.00171757,0,0.00646006,0.0014659,-0.001127,-0.00107188
3,41,-0.00182978,0.0906514,0.00597599,0,0.013798,-9.62946e-06,0.00104405,0.000730393
4,41,-0.00021414,0.0916827,-0.00296409,0,0.0126791,0.000380681,-0.00738854,-0.00187395
5,41,-0.00189243,0.0615387,0.00295842,0,0.0108341,0.00186061,0.00721919,-0.00151081
6,41,-0.00167961,0.126473,0.00276261,0,0.00298513,-0.000625075,-0.0026766,0.00234883
7,41,-0.0039462,0.124655,0.00174548,0,-0.0057187,0.0005632,0.012856,8.67943e-05
8,41,-0.00085038,0.0630753,0.00302902,0,0.0119875,-0.00173526,0.0109555,0.000438975
9,41,0.000986609,0.0993287,0.0012031,0,0.0200766,-0.00098681,-0.00602358,-0.000741023
10,41,-0.00237086,0.0796183,0.00158575,0,0.0100197,-0.00250817,0.00453712,-0.000958021
1,42,0.00254271,0.0926477,0.00298878,0,0.00640843,-0.000637459,0.00449619,0.00167403
2,42,0.0091864,0.13984,0.00471871,0,-0.00842023,0.00182971,0.00183252,-0.000733348
3,42,-0.00306733,0.115393,-0.00366558,0,-0.00886806,0.000799434,0.00294716,0.00102365
4,42,0.00130227,0.179978,-0.0078184,0,0.00783399,0.00113078,-0.00241019,-0.000718092
5,42,-0.00138293,0.0654766,-0.000893885,0,-0.0106313,0.000810195,-0.00553822,0.000516735
6,42,-0.000979972,0.0673704,0.00580791,0,-0.00438938,0.000456322,-0.00151455,0.000729548
7,42,0.00115673,0.141353,0.000869719,0,0.00465408,0.00430719,-0.00114213,-0.000209702
8,42,-0.000390485,0.132457,0.0019711,0,0.0030915,0.00412388,-0.00334698,0.00223532
9,42,-0.00293227,0.127717,-0.000870592,0,-0.00542396,0.00223819,0.00269996,-0.000193483
10,42,-0.00346819,0.0420552,-0.001047,0,0.00111594,-0.00343379,-0.0150066,-0.00150722
1,43,0.00220652,-0.183669,0.00729293,0,-0.00284101,-0.00176713,0.0124721,0.00114634
2,43,-0.00298426,-0.215637,0.00542418,0,-0.0100132,-0.000499545,0.0154791,-0.000636421
3,43,0.00306014,-0.253749,-0.00837063,0,-0.00640064,0.000164598,0.0173211,-0.000150908
4,43,0.00422661,-0.205469,-0.00307938,0,0.00560209,-0.00153028,0.000969837,-0.00150956
5,43,-0.00452532,-0.257663,-0.00214995,0,0.00994324,-0.00035975,0.000558268,-0.00109271
6,43,-0.0044191,-0.206826,0.0109004,0,0.00522292,-0.000635207,-0.00542793,-0.00230576
7,43,-0.00691818,-0.222122,0.0106794,0,-0.00550374,0.00130626,0.000377039,0.00117469
8,43,-0.00134384,-0.197259,-0.00135604,0,0.0133195,-0.000725512,0.00155439,0.000999873
9,43,-0.00372148,-0.217942,-0.00440501,0,-0.00361812,0.0004822,0.00898333,-0.000637035
10,43,0.00147957,-0.19651,0.0105933,0,-0.0130383,0.00115631,0.0132829,-0.000597493
1,44,0.00792712,0.181748,0.000356161,0,0.00370801,0.000215471,-0.00930945,0.00129522
2,44,0.00444888,0.193445,0.00447672,0,0.000258635,0.000132015,-0.00522077,0.00131909
3,44,-0.00051697,0.132493,-0.000958131,0,-0.0107073,-0.000756243,-0.0093531,0.000961274
4,44,0.0028652,0.0948106,-0.00181361,0,-0.00474417,0.000607026,-0.0120786,0.000683584
5,44,-0.00292396,0.0370446,-0.00264025,0,-0.0128973,-0.00176257,-0.0101467,0.00115499
6,44,0.000985449,0.160982,0.00714273,0,-0.00620729,-0.000590332,-0.0071592,0.000551974
7,44,0.00662531,0.193407,-0.00845594,0,-0.0014916,-0.000344418,-0.0103801,-0.000569228
8,44,0.0030987,0.141713,0.00163143,0,-0.010909,0.000543036,-0.0121781,0.000851007
9,44,-0.00303734,0.177255,-0.000826842,0,-0.0127664,0.00101428,-0.0212119,-0.00063158
10,44,0.00170761,0.153211,0.00109725,0,-0.00384527,0.00207899,-0.0112581,-0.00015871
1,45,-0.00367893,-0.359211,0.00965896,0,0.00820268,-0.000772715,0.0046396,-0.00183941
2,45,-0.00467731,-0.362021,0.00621324,0,0.0138312,-0.000921765,-0.00405105,0.000346204
3,45,-0.0042756,-0.370734,-0.00532124,0,0.00654757,0.00125091,0.0177607,-0.00026825
4,45,-0.0095521,-0.404551,-0.0099566,0,0.0089821,0.0020652,0.000604944,7.53262e-05
5,45,-0.00704551,-0.301112,0.00106638,0,-0.00919878,0.00149397,0.000732852,0.000919174
6,45,0.00201736,-0.37188,-0.00306104,0,0.0130673,0.0027632,0.00201412,-0.00175693
7,45,-0.00176514,-0.406574,0.000569203,0,0.00638698,0.0011516,0.00306714,-0.00158947
8,45,-0.00732399,-0.34652,-0.00580357,0,0.015896,-0.00175756,0.00037777,-0.000469439
9,45,0.00175489,-0.322967,0.00245129,0,-0.00443762,0.00192309,0.00863955,-2.17557e-05
10,45,0.00163986,-0.317911,-0.0109487,0,0.00738499,0.00102149,0.00579686,-0.000592714
