rep,id,V,Cl
1,1,5.94729,2.84328
2,1,5.94729,2.84467
3,1,5.94729,2.88939
4,1,5.94729,2.85151
5,1,5.94729,2.95113
6,1,5.94729,2.85128
7,1,5.94729,2.8435
8,1,5.94729,2.86489
9,1,5.94729,2.8256
10,1,5.94729,2.90571
1,2,5.94729,3.22052
2,2,5.94729,3.38406
3,2,5.94729,3.26526
4,2,5.94729,3.25396
5,2,5.94729,3.26526
6,2,5.94729,3.24543
7,2,5.94729,3.25982
8,2,5.94729,3.30098
9,2,5.94729,3.31587
10,2,5.94729,3.23865
1,3,5.94729,3.37692
2,3,5.94729,3.36638
3,3,5.94729,3.33794
4,3,5.94729,3.36709
5,3,5.94729,3.33853
6,3,5.94729,3.39634
7,3,5.94729,3.39728
8,3,5.94729,3.3521
9,3,5.94729,3.34644
10,3,5.94729,3.35812
1,4,5.94729,2.95607
2,4,5.94729,2.90634
3,4,5.94729,3.0277
4,4,5.94729,2.93873
5,4,5.94729,2.97927
6,4,5.94729,2.9598
7,4,5.94729,2.98155
8,4,5.94729,3.01051
9,4,5.94729,3.05541
10,4,5.94729,3.04092
1,5,5.94729,3.07751
2,5,5.94729,2.98912
3,5,5.94729,2.97157
4,5,5.94729,3.01039
5,5,5.94729,3.03575
6,5,5.94729,2.99557
7,5,5.94729,3.03363
8,5,5.94729,2.9573
9,5,5.94729,2.9444
10,5,5.94729,3.01109
1,6,5.94729,2.7975
2,6,5.94729,2.7611
3,6,5.94729,2.76512
4,6,5.94729,2.7524
5,6,5.94729,2.73302
6,6,5.94729,2.76435
7,6,5.94729,2.77997
8,6,5.94729,2.7245
9,6,5.94729,2.81279
10,6,5.94729,2.75617
1,7,5.94729,3.33098
2,7,5.94729,3.40117
3,7,5.94729,3.34314
4,7,5.94729,3.4104
5,7,5.94729,3.30589
6,7,5.94729,3.32383
7,7,5.94729,3.34364
8,7,5.94729,3.34554
9,7,5.94729,3.33492
10,7,5.94729,3.34512
1,8,5.94729,2.67243
2,8,5.94729,2.68759
3,8,5.94729,2.74801
4,8,5.94729,2.67302
5,8,5.94729,2.64029
6,8,5.94729,2.66865
7,8,5.94729,2.66053
8,8,5.94729,2.73319
9,8,5.94729,2.74092
10,8,5.94729,2.68489
1,9,5.94729,2.67256
2,9,5.94729,2.69215
3,9,5.94729,2.60638
4,9,5.94729,2.62879
5,9,5.94729,2.71014
6,9,5.94729,2.66575
7,9,5.94729,2.70754
8,9,5.94729,2.66888
9,9,5.94729,2.74064
10,9,5.94729,2.66602
1,10,5.94729,2.57811
2,10,5.94729,2.55298
3,10,5.94729,2.6211
4,10,5.94729,2.59828
5,10,5.94729,2.61452
6,10,5.94729,2.57707
7,10,5.94729,2.63998
8,10,5.94729,2.57514
9,10,5.94729,2.6136
10,10,5.94729,2.59667
1,11,5.94729,2.77235
2,11,5.94729,2.88377
3,11,5.94729,2.8152
4,11,5.94729,2.85615
5,11,5.94729,2.80025
6,11,5.94729,2.84218
7,11,5.94729,2.87068
8,11,5.94729,2.82304
9,11,5.94729,2.8398
10,11,5.94729,2.80637
1,12,5.94729,2.70184
2,12,5.94729,2.643
3,12,5.94729,2.62068
4,12,5.94729,2.70607
5,12,5.94729,2.61381
6,12,5.94729,2.75374
7,12,5.94729,2.63713
8,12,5.94729,2.65379
9,12,5.94729,2.69481
10,12,5.94729,2.67611
1,13,5.94729,2.98369
2,13,5.94729,2.94103
3,13,5.94729,2.95888
4,13,5.94729,2.9155
5,13,5.94729,2.97077
6,13,5.94729,3.04293
7,13,5.94729,2.89504
8,13,5.94729,2.99383
9,13,5.94729,2.95712
10,13,5.94729,2.92136
1,14,5.94729,2.55031
2,14,5.94729,2.54928
3,14,5.94729,2.59486
4,14,5.94729,2.52736
5,14,5.94729,2.50591
6,14,5.94729,2.59367
7,14,5.94729,2.53874
8,14,5.94729,2.57699
9,14,5.94729,2.55944
10,14,5.94729,2.58996
1,15,5.94729,2.72335
2,15,5.94729,2.70168
3,15,5.94729,2.71782
4,15,5.94729,2.66734
5,15,5.94729,2.68532
6,15,5.94729,2.64397
7,15,5.94729,2.73263
8,15,5.94729,2.75986
9,15,5.94729,2.76902
10,15,5.94729,2.71441
1,16,5.94729,3.15091
2,16,5.94729,3.24669
3,16,5.94729,3.18173
4,16,5.94729,3.18164
5,16,5.94729,3.25969
6,16,5.94729,3.16331
7,16,5.94729,3.21811
8,16,5.94729,3.16178
9,16,5.94729,3.19714
10,16,5.94729,3.10147
1,17,5.94729,3.26322
2,17,5.94729,3.34034
3,17,5.94729,3.35854
4,17,5.94729,3.35914
5,17,5.94729,3.25436
6,17,5.94729,3.24516
7,17,5.94729,3.31671
8,17,5.94729,3.32939
9,17,5.94729,3.31057
10,17,5.94729,3.29203
1,18,5.94729,3.02591
2,18,5.94729,2.93388
3,18,5.94729,2.89682
4,18,5.94729,3.0066
5,18,5.94729,2.90402
6,18,5.94729,2.96058
7,18,5.94729,3.01111
8,18,5.94729,2.93327
9,18,5.94729,2.94384
10,18,5.94729,2.91027
1,19,5.94729,2.99288
2,19,5.94729,3.05595
3,19,5.94729,3.06275
4,19,5.94729,3.02557
5,19,5.94729,3.09095
6,19,5.94729,3.05075
7,19,5.94729,3.01549
8,19,5.94729,3.02378
9,19,5.94729,2.98499
10,19,5.94729,3.01969
1,20,5.94729,2.84125
2,20,5.94729,2.75464
3,20,5.94729,2.77541
4,20,5.94729,2.72371
5,20,5.94729,2.7473
6,20,5.94729,2.84927
7,20,5.94729,2.70248
8,20,5.94729,2.76433
9,20,5.94729,2.75098
10,20,5.94729,2.67225
1,21,5.94729,3.37652
2,21,5.94729,3.36772
3,21,5.94729,3.25097
4,21,5.94729,3.37529
5,21,5.94729,3.22854
6,21,5.94729,3.35989
7,21,5.94729,3.41157
8,21,5.94729,3.33799
9,21,5.94729,3.3583
10,21,5.94729,3.31011
1,22,5.94729,2.64423
2,22,5.94729,2.72855
3,22,5.94729,2.70108
4,22,5.94729,2.66115
5,22,5.94729,2.65959
6,22,5.94729,2.6469
7,22,5.94729,2.68699
8,22,5.94729,2.58692
9,22,5.94729,2.59526
10,22,5.94729,2.69545
1,23,5.94729,2.59283
2,23,5.94729,2.66572
3,23,5.94729,2.69373
4,23,5.94729,2.6876
5,23,5.94729,2.69319
6,23,5.94729,2.65679
7,23,5.94729,2.61119
8,23,5.94729,2.7009
9,23,5.94729,2.6445
10,23,5.94729,2.62204
1,24,5.94729,2.54874
2,24,5.94729,2.5977
3,24,5.94729,2.51321
4,24,5.94729,2.51478
5,24,5.94729,2.60493
6,24,5.94729,2.55947
7,24,5.94729,2.61066
8,24,5.94729,2.52875
9,24,5.94729,2.5218
10,24,5.94729,2.54704
1,25,5.94729,2.8711
2,25,5.94729,2.91742
3,25,5.94729,2.90068
4,25,5.94729,2.8703
5,25,5.94729,2.86102
6,25,5.94729,2.90979
7,25,5.94729,2.83312
8,25,5.94729,2.82984
9,25,5.94729,2.88616
10,25,5.94729,2.87413
1,26,5.94729,2.62202
2,26,5.94729,2.70208
3,26,5.94729,2.70503
4,26,5.94729,2.59372
5,26,5.94729,2.69626
6,26,5.94729,2.6147
7,26,5.94729,2.70014
8,26,5.94729,2.67288
9,26,5.94729,2.65081
10,26,5.94729,2.65894
1,27,5.94729,2.83474
2,27,5.94729,2.88856
3,27,5.94729,2.90161
4,27,5.94729,2.88552
5,27,5.94729,2.85521
6,27,5.94729,2.85045
7,27,5.94729,2.84109
8,27,5.94729,2.84468
9,27,5.94729,2.86639
10,27,5.94729,2.88901
1,28,5.94729,2.53137
2,28,5.94729,2.49261
3,28,5.94729,2.50483
4,28,5.94729,2.55894
5,28,5.94729,2.51359
6,28,5.94729,2.48366
7,28,5.94729,2.5238
8,28,5.94729,2.59397
9,28,5.94729,2.47101
10,28,5.94729,2.46374
1,29,5.94729,2.80043
2,29,5.94729,2.68574
3,29,5.94729,2.76581
4,29,5.94729,2.78513
5,29,5.94729,2.70848
6,29,5.94729,2.70973
7,29,5.94729,2.6954
8,29,5.94729,2.77278
9,29,5.94729,2.72698
10,29,5.94729,2.72746
1,30,5.94729,2.56317
2,30,5.94729,2.54131
3,30,5.94729,2.63929
4,30,5.94729,2.63599
5,30,5.94729,2.57592
6,30,5.94729,2.62495
7,30,5.94729,2.63816
8,30,5.94729,2.6048
9,30,5.94729,2.61228
10,30,5.94729,2.59654
1,31,5.94729,3.35204
2,31,5.94729,3.38664
3,31,5.94729,3.37081
4,31,5.94729,3.34328
5,31,5.94729,3.41373
6,31,5.94729,3.36893
7,31,5.94729,3.33887
8,31,5.94729,3.32215
9,31,5.94729,3.35419
10,31,5.94729,3.35631
1,32,5.94729,3.05949
2,32,5.94729,2.95899
3,32,5.94729,2.99848
4,32,5.94729,3.03287
5,32,5.94729,2.97559
6,32,5.94729,2.96417
7,32,5.94729,2.99526
8,32,5.94729,2.9222
9,32,5.94729,3.05234
10,32,5.94729,3.01914
1,33,5.94729,2.98172
2,33,5.94729,2.99117
3,33,5.94729,2.99958
4,33,5.94729,2.94735
5,33,5.94729,3.0393
6,33,5.94729,3.00474
7,33,5.94729,3.01716
8,33,5.94729,2.97494
9,33,5.94729,2.96522
10,33,5.94729,2.94976
1,34,5.94729,2.78823
2,34,5.94729,2.75141
3,34,5.94729,2.84314
4,34,5.94729,2.68587
5,34,5.94729,2.73604
6,34,5.94729,2.76008
7,34,5.94729,2.73492
8,34,5.94729,2.73524
9,34,5.94729,2.77014
10,34,5.94729,2.76341
1,35,5.94729,3.38887
2,35,5.94729,3.23475
3,35,5.94729,3.33062
4,35,5.94729,3.25147
5,35,5.94729,3.24069
6,35,5.94729,3.33373
7,35,5.94729,3.3629
8,35,5.94729,3.39355
9,35,5.94729,3.22859
10,35,5.94729,3.24877
1,36,5.94729,2.45707
2,36,5.94729,2.62848
3,36,5.94729,2.60323
4,36,5.94729,2.58219
5,36,5.94729,2.66843
6,36,5.94729,2.65717
7,36,5.94729,2.61051
8,36,5.94729,2.66818
9,36,5.94729,2.62415
10,36,5.94729,2.59127
1,37,5.94729,2.70213
2,37,5.94729,2.69387
3,37,5.94729,2.7214
4,37,5.94729,2.6399
5,37,5.94729,2.76612
6,37,5.94729,2.77333
7,37,5.94729,2.69088
8,37,5.94729,2.75322
9,37,5.94729,2.74454
10,37,5.94729,2.79064
1,38,5.94729,2.53718
2,38,5.94729,2.52362
3,38,5.94729,2.58161
4,38,5.94729,2.5222
5,38,5.94729,2.53452
6,38,5.94729,2.53518
7,38,5.94729,2.53702
8,38,5.94729,2.51926
9,38,5.94729,2.54149
10,38,5.94729,2.55988
1,39,5.94729,2.8408
2,39,5.94729,2.88279
3,39,5.94729,2.91976
4,39,5.94729,2.88897
5,39,5.94729,2.78984
6,39,5.94729,2.89292
7,39,5.94729,2.89348
8,39,5.94729,2.85
9,39,5.94729,2.82515
10,39,5.94729,2.886
1,40,5.94729,2.78988
2,40,5.94729,2.62209
3,40,5.94729,2.66659
4,40,5.94729,2.65341
5,40,5.94729,2.69459
6,40,5.94729,2.64824
7,40,5.94729,2.64208
8,40,5.94729,2.59396
9,40,5.94729,2.69426
10,40,5.94729,2.65506
1,41,5.94729,2.93512
2,41,5.94729,2.90337
3,41,5.94729,2.97377
4,41,5.94729,2.97055
5,41,5.94729,2.9491
6,41,5.94729,2.9324
7,41,5.94729,2.91219
8,41,5.94729,2.88287
9,41,5.94729,2.93103
10,41,5.94729,2.98561
1,42,5.94729,2.58476
2,42,5.94729,2.62745
3,42,5.94729,2.61886
4,42,5.94729,2.71924
5,42,5.94729,2.59016
6,42,5.94729,2.71057
7,42,5.94729,2.58343
8,42,5.94729,2.63929
9,42,5.94729,2.61955
10,42,5.94729,2.60311
1,43,5.94729,2.68728
2,43,5.94729,2.65587
3,43,5.94729,2.74412
4,43,5.94729,2.68455
5,43,5.94729,2.68312
6,43,5.94729,2.62773
7,43,5.94729,2.60276
8,43,5.94729,2.66016
9,43,5.94729,2.67079
10,43,5.94729,2.63717
1,44,5.94729,2.53697
2,44,5.94729,2.59722
3,44,5.94729,2.5025
4,44,5.94729,2.52103
5,44,5.94729,2.53774
6,44,5.94729,2.50249
7,44,5.94729,2.56524
8,44,5.94729,2.60251
9,44,5.94729,2.5747
10,44,5.94729,2.63592
1,45,5.94729,3.21196
2,45,5.94729,3.09055
3,45,5.94729,3.13977
4,45,5.94729,3.1687
5,45,5.94729,3.15168
6,45,5.94729,3.14565
7,45,5.94729,3.21609
8,45,5.94729,3.17925
9,45,5.94729,3.21914
10,45,5.94729,3.1682
