rep,id,eta_Cl,eta_V1,eta_Q,eta_V2,eta_S,eta_R0,eta_gamma,eta_MTT
1,1,-0.00314656,-0.516655,-0.00789734,-0.0049462,-0.0146724,0.001135,0.00431017,0.00334344
2,1,0.00319302,-0.552028,0.00949998,-0.0191069,0.00926723,-0.00412344,-0.000359911,-0.0023204
3,1,0.00195251,-0.588023,-0.000773801,-0.00493783,-0.0119905,0.000232504,0.00188822,-0.00175059
4,1,0.00114968,-0.570236,-0.00249637,0.0106787,0.00660377,0.000744953,-0.00414832,-0.00131328
5,1,-0.000434523,-0.616337,0.00076454,0.00633525,-0.00351431,-0.0023861,0.00337636,-0.00142844
6,1,-0.00446908,-0.62798,-0.00845054,-0.00676662,0.000906028,0.000234747,-0.00283423,-0.000300002
7,1,0.000323812,-0.562792,0.00115801,0.00261184,-0.000127668,0.000744666,-0.0047821,-0.00439579
8,1,0.00134556,-0.560139,-0.00494274,-0.00715738,-0.00252519,-0.00206648,-0.00557959,-0.000630742
9,1,-0.00585028,-0.574207,-0.00797006,0.00573439,-0.00154248,-0.000430632,0.00538643,0.000412016
10,1,-0.00322884,-0.549298,0.00781063,0.015865,-0.0107844,0.000695644,0.000786851,-0.00104641
1,2,0.00655711,-0.268429,0.0017689,0.00905475,0.00247081,0.000343923,-0.00501753,0.00219342
2,2,-1.18673e-05,-0.286035,0.00350054,-0.0103247,-0.00796486,0.00290872,-7.61912e-05,-0.00035641
3,2,-0.00171875,-0.323102,0.00553908,0.00091783,0.0179031,-0.00071567,-0.00483274,0.00311943
4,2,0.00557012,-0.34056,0.0060641,-0.0113735,-0.00396219,0.000307915,0.00352733,-0.00221591
5,2,0.00189686,-0.276622,-0.00444515,-0.00873291,0.0126164,-0.000559891,0.000332994,0.0020107
6,2,0.00105668,-0.259197,-0.00146408,0.00285904,-0.00649525,-0.00265804,-0.00317369,-0.00104597
7,2,0.000519174,-0.240152,0.0138015,0.0199859,0.00514989,0.000823288,-0.00364862,-0.00143288
8,2,-0.000337065,-0.233824,-0.00366235,0.0107526,-0.0059258,-0.000768633,0.00116865,-0.00085853
9,2,0.00514114,-0.318022,0.00634938,0.0166931,0.0116597,0.00297671,-0.00246979,0.00024598
10,2,0.00045559,-0.361408,0.00756128,-0.00594714,-0.022311,0.000976051,-0.0193754,0.00184386
1,3,0.00516728,0.343798,-0.00583378,-0.00579456,-0.00179397,-0.00134315,0.00102259,0.00248669
2,3,0.0012825,0.348552,-0.00724284,-0.00780285,0.0102792,0.00407785,0.00203836,0.00183617
3,3,0.00128739,0.248792,-0.00659581,0.00220302,-0.0105271,0.00215115,-0.00772069,-0.00294501
4,3,-0.00357016,0.299338,0.00427564,-0.0073009,-0.00588526,0.0018071,-0.00408432,-0.00194059
5,3,-0.00190838,0.316097,-0.000242058,0.0062837,-0.000310014,-0.00197149,-0.00778175,-0.00064126
6,3,-0.00216491,0.360554,-0.00375727,0.000866424,-0.025503,-0.00189583,0.00323809,-6.96674e-06
7,3,-0.000635396,0.308811,-0.00398855,-0.0023613,-0.0066096,-0.00273132,-0.00713425,-0.000635277
8,3,0.00425241,0.290803,0.00395457,-0.0168968,-0.00615749,-0.00189643,-0.00799898,0.0012453
9,3,-0.000701542,0.332526,0.00837706,-0.0049403,-0.00879684,-0.00331629,-0.00676546,-0.00286062
10,3,0.000623404,0.269244,-0.00128047,0.00296735,-0.00679295,-0.00195576,0.00535664,0.00281135
1,4,0.00199692,0.0684785,0.000763068,-0.00421409,-0.00967778,0.000818038,-0.0162658,-0.000811225
2,4,-0.00403198,0.0320255,3.52988e-05,0.0249742,0.01594,0.000833223,0.000863067,3.13213e-05
3,4,-0.000841005,0.00608658,0.0109897,-0.0102514,0.00324116,0.00277171,-0.000610413,-0.00100095
4,4,0.000916265,0.0513415,0.0125611,-0.00207826,-0.00859322,0.0025964,-0.00998297,-0.000526154
5,4,-0.00299002,0.0401101,-0.0095549,0.00953144,0.00536515,-0.000886681,-0.00430673,0.000686113
6,4,0.00202927,-0.0373093,0.00669042,-0.0163811,0.0069808,0.0010004,0.000866781,-0.000973495
7,4,-0.00317622,0.0281963,-0.0091008,0.00557994,0.00306298,0.00261098,0.00576676,0.00134887
8,4,-0.00172682,-0.0135157,-0.000153035,-0.00239315,0.0092585,-0.00112376,-0.00812296,-0.002066
9,4,-0.0036326,0.0557998,-0.00684341,-0.00184976,0.0164612,-0.00232489,-0.00244541,-0.000901249
10,4,-0.00239211,-0.042781,-0.00620905,-0.00362218,-0.00360304,0.00334057,0.000419054,-0.00117034
1,5,0.00346127,0.55645,-0.000885066,-0.0190287,0.00249616,0.00126178,0.00258099,-0.00114075
2,5,-0.00222414,0.487154,-0.00539785,-0.00036758,0.00911451,0.00206009,0.00848783,-0.000400066
3,5,0.00246927,0.460696,-0.011428,0.00340176,-0.0125216,0.00434967,0.00586873,0.000850339
4,5,-0.00155726,0.483669,0.00433054,0.0137251,-0.000442245,-0.00135466,0.00564717,0.000569814
5,5,0.0054915,0.502627,0.00196646,-0.0164987,-0.00729265,-0.00345737,0.00725176,0.000351959
6,5,0.00214759,0.525736,-0.00792617,0.00494333,-0.00595456,-0.000932305,-0.00265203,0.00140094
7,5,0.000623943,0.539112,-0.0122421,-0.0245228,0.0187284,-0.00156069,-0.00702353,-0.000168081
8,5,0.00118883,0.476202,0.00150066,0.000894078,0.0206522,0.00363401,-0.00789305,0.00125476
9,5,0.00304715,0.52365,0.0143963,0.0145464,0.0192635,-0.00113546,0.00303759,0.00250385
10,5,-0.00312859,0.489832,0.00690084,-0.00506315,-0.00132294,0.0013902,-0.00513834,0.00127194
1,6,0.00105928,0.38815,0.00717858,-0.00133351,0.00918866,0.000440873,-0.0043209,-0.00107417
2,6,-0.00221467,0.390757,0.00331587,-0.021508,0.00632601,0.00110757,0.000966014,-0.00345941
3,6,0.000452164,0.388572,-0.00577893,0.00405946,0.00496366,-0.00312184,0.00115883,0.000966232
4,6,0.000579849,0.370315,0.0192279,0.002679,-0.0320542,0.000290101,-0.00568913,0.00152164
5,6,-0.00126202,0.438063,-0.00313085,5.04604e-05,-0.00869249,-0.00195609,0.010661,-8.90871e-05
6,6,-0.0017994,0.434136,0.00158406,-1.05437e-05,-0.00129597,-0.000194729,0.0030795,-0.00210906
7,6,0.00205902,0.319508,0.00106393,-0.00529847,-0.0188526,-0.00188288,0.00752158,0.00121744
8,6,-0.000195272,0.380522,-0.00178233,0.00857662,-0.0282839,-0.00157926,-0.00125952,0.00117255
9,6,-0.00239286,0.352624,-0.00336535,0.0132345,-0.0167107,0.00142331,-0.00612113,0.000281872
10,6,-0.00154063,0.416887,0.0148902,-0.00474898,-0.0165736,-0.00349625,-0.00135217,-0.00108269
1,7,0.00375856,0.0867569,-0.000629425,0.00536988,0.0158246,0.00109913,0.00182646,-2.65104e-05
2,7,-0.00168077,0.0578345,-0.0102937,0.00180645,0.0161958,-0.00191182,0.00465339,0.001207
3,7,0.00654659,0.0937339,-0.00987811,0.0102252,-0.00902425,0.00051248,-0.0122069,-0.00251739
4,7,0.00119226,0.0337607,7.01713e-07,-0.00262211,0.00442579,0.00122357,-0.0105816,-0.00171682
5,7,8.83059e-05,0.0686133,-0.00692188,-0.0258178,0.00735721,-0.00123457,0.00529849,3.65971e-06
6,7,0.00100354,0.0786292,0.000203643,-0.00430426,0.00464255,0.00175361,-0.0150497,-0.000690096
7,7,0.00496721,0.0941229,-0.0020866,-0.00944638,-0.0218387,0.00243076,-0.00120575,0.0020299
8,7,-0.000332616,0.0815898,-0.00194468,0.00591476,0.0108225,-0.00228815,0.00119982,0.00183216
9,7,-0.00491308,0.0366721,-0.0126842,0.0134671,-0.0278913,-0.00174186,0.000746909,-3.32162e-06
10,7,-0.00117601,0.0731465,-0.013421,0.0162027,-0.00525567,0.0018699,0.0014787,-0.00124356
1,8,-0.000708108,0.378355,0.00539212,0.00621668,-0.00645322,-0.000113714,-0.00307821,0.00163107
2,8,-0.00100918,0.336525,0.00487037,-0.0036792,-0.0331535,-0.0020091,-0.00313434,0.00108998
3,8,0.00134618,0.376447,0.00116064,0.00422586,5.57567e-05,0.00032331,0.000861918,-0.000234434
4,8,-0.00216611,0.360003,0.00102825,-0.00235004,0.0106017,-0.00173743,0.00400488,0.000130199
5,8,-0.00023297,0.38626,0.00652358,0.00811424,-0.00546928,0.000608567,-0.000603808,0.00109093
6,8,-0.00127803,0.394621,0.000250429,0.000253841,0.0269522,-3.6706e-06,-0.00458917,-0.000641871
7,8,-0.000522335,0.369257,0.00544031,-0.00684086,-0.0161377,0.00105783,-0.00176855,-0.00392314
8,8,0.00374286,0.389599,-0.0039895,0.00543226,-0.0125512,0.000901585,-0.00760127,0.0010442
9,8,-0.00193224,0.401253,-0.00261398,0.00761228,-0.00728292,0.00291589,-0.00603725,-0.00268502
10,8,-0.00193583,0.361871,-0.00236809,-0.00440379,0.00046772,0.000201313,-0.00211691,-0.000946517
1,9,0.000215746,0.280048,-8.20677e-06,-0.0275106,0.00396369,-0.000743811,-0.0163409,-0.00126228
2,9,0.00054272,0.220138,0.00258968,0.00570108,0.024178,-0.00125121,-0.00237582,-0.00176941
3,9,0.00224684,0.242066,-0.00322541,-0.0201766,-0.00278102,-0.00343319,0.000163744,0.00193651
4,9,-0.000519159,0.289187,-0.00101896,-0.00301881,0.00641785,0.00307692,0.0043532,0.00352649
5,9,0.00287179,0.17396,-0.000369352,-0.0150386,-0.000743113,-0.00202901,-0.00215146,0.00164045
6,9,0.000986873,0.265327,0.00390679,-0.00650558,0.0010606,-0.00320579,0.000431227,-0.000515423
7,9,0.00322596,0.23476,-0.0143808,0.00313318,0.0150094,-0.0013883,0.00433113,-0.000926702
8,9,3.15625e-05,0.264944,0.0110225,0.00281335,-0.0123612,-0.00153713,0.00322338,-0.00167993
9,9,0.00075032,0.237857,0.000602697,0.00469399,-0.00561823,0.00273609,-0.00240767,-0.00015969
10,9,0.00298147,0.248258,-0.0015376,-0.00346761,0.00108383,-0.00262814,-0.00322408,-1.21728e-05
1,10,-0.000219068,0.278137,0.00250867,-0.000233802,-0.00754147,-0.00122459,-0.00870706,-0.000670869
2,10,0.0017437,0.309625,-0.00499441,-0.0245745,-0.000469203,0.00249733,-0.0121024,0.000825094
3,10,-0.00215253,0.272865,-0.0140461,-0.000620758,-0.00956257,0.00170725,0.00497383,-0.00127688
4,10,-0.000461115,0.324384,0.00348731,-0.00977717,-0.023954,-6.37154e-05,0.00415348,-0.000747925
5,10,0.00205764,0.265176,0.0116972,-0.00857476,-0.0102136,-0.00204448,-0.00287612,-0.0037184
6,10,0.000649803,0.358786,0.00273779,-0.0135651,-0.00361447,-0.00172792,-0.00290321,0.000649852
7,10,0.000727494,0.30848,0.00168145,-0.00138667,0.0138827,0.00247078,-0.00540847,0.000984994
8,10,-0.00517863,0.249397,0.0015242,-3.78953e-05,-0.0111568,0.00432231,-0.000845902,0.00133419
9,10,0.00106453,0.271815,-0.0044093,-0.0114038,-0.00794223,0.00210301,-0.00735115,-0.00243405
10,10,-0.00273795,0.301197,0.00125593,-0.0109657,-0.00258577,0.00337096,-0.000697107,-0.000799612
1,11,-0.000286534,0.651688,-0.00562123,0.00240814,0.00275163,0.00387105,0.00598601,-0.00191164
2,11,-0.00599448,0.645919,0.0092424,0.00214242,0.00973296,-0.00304658,-0.00230112,0.00282513
3,11,-0.00303027,0.694048,0.00594569,0.00204822,-0.00229794,-0.0018994,-0.000105937,0.000180517
4,11,0.00230661,0.692744,-0.00729724,-0.00173423,0.0159705,-0.00195283,0.0126536,-0.00160508
5,11,0.00186475,0.656378,0.0119112,0.0147013,0.0028182,-0.00210619,-0.0100071,-0.000380286
6,11,-0.0038031,0.65045,-0.00564789,0.00693731,-0.00454567,-0.002843,0.000212498,-0.000525821
7,11,0.00218579,0.643339,0.00521314,0.00631783,0.00421039,-0.00261478,-0.0033557,-0.00212951
8,11,0.00188229,0.623966,-0.000223995,0.0171379,0.00863615,-0.00266666,-0.00558755,0.00157303
9,11,-0.00406955,0.63745,0.0115638,-0.00947689,-0.00954594,0.00157544,-0.00734814,-0.00271021
10,11,0.0047172,0.672064,-0.00304522,0.00962464,0.0128467,0.00209653,-0.00594031,0.00285704
1,12,-0.000279094,-0.22475,-0.00257959,0.00333071,-0.00338827,0.00343521,0.00604525,-0.00095075
2,12,-0.00756379,-0.209515,0.00598071,0.00213237,-0.0189842,0.00264252,0.00254478,-4.54523e-05
3,12,-0.00188506,-0.236306,-0.00966969,-0.0049035,0.00623465,0.00298789,0.00251258,0.000491846
4,12,-0.00112786,-0.190105,0.000194867,0.0135522,0.0128332,-0.0015707,0.000740815,-0.000317982
5,12,0.00173336,-0.220195,-0.00218864,-0.0104147,0.00502407,0.000346884,0.018108,-0.00198793
6,12,0.00323161,-0.147113,0.00909931,-0.0076347,0.00912166,0.00396431,0.00503935,-0.00301522
7,12,0.000307921,-0.152064,-0.00407964,0.00117841,0.00555684,-0.00135736,-9.33477e-05,0.00170586
8,12,0.00250472,-0.187769,0.00165561,-0.00965035,0.0111937,-0.000386254,0.00855692,0.000202978
9,12,0.0002762,-0.216746,0.0157248,0.00232791,-0.00486564,0.00229584,0.00521914,-0.00205133
10,12,-0.00365672,-0.156444,0.000129805,-0.00470619,0.00229783,0.00578135,-0.0038568,0.000236295
1,13,-0.00204317,-0.171923,0.00058263,0.00972359,0.00151345,-0.00197785,0.00315199,0.000625303
2,13,-0.0049227,-0.18416,-0.00226427,-0.00268588,0.0200703,0.000864215,-0.000313053,0.0004145
3,13,0.0039643,-0.169558,0.00633138,0.00982694,-0.00258576,0.00128217,-0.000996041,0.00112734
4,13,-0.000872143,-0.148684,-0.00547365,0.00147833,0.0105506,0.00117432,-0.00495806,-0.000121783
5,13,0.00368859,-0.18806,0.00538154,-0.0059876,-0.000790471,0.00249783,0.00367654,0.000348704
6,13,0.00116687,-0.209154,0.00423274,-0.00889141,0.00475664,-0.00130851,-0.0116709,-0.000550816
7,13,-0.00167575,-0.129928,0.00666849,0.0190425,-0.0215816,0.00589093,-0.00222122,-0.00207697
8,13,-0.00292447,-0.130165,0.00197018,0.0114106,-0.000843846,-0.00347663,-0.0013143,0.00169663
9,13,0.00171555,-0.263664,0.0160766,0.0133898,0.0257909,0.00103008,0.00684224,0.0038513
10,13,-0.00293056,-0.185309,-0.00398888,-0.000351512,0.0126058,7.54338e-05,0.00321712,0.000735271
1,14,0.00142265,-0.0829143,-0.00495735,-0.00728871,0.00928201,0.00421428,-0.00144631,-0.00317471
2,14,0.00125005,-0.0524169,0.00477871,-0.00176218,-0.00993806,0.0016495,-0.00366192,0.00101641
3,14,-0.000549892,-0.0818944,-0.00672894,0.00544697,-0.000784479,-0.00201316,0.0109262,0.000766666
4,14,0.000328129,-0.0251054,-0.00968764,-0.000553607,-0.0196563,-0.0041024,-0.00703224,0.00250738
5,14,-0.00037654,-0.0928286,0.00332807,0.00547554,-0.0075807,0.00196364,0.00225375,0.000103002
6,14,-0.00227528,-0.111576,-0.00384845,-0.00781131,0.0147996,0.0035328,-0.00842279,-0.000733241
7,14,-0.00194706,-0.0623719,0.00538977,-0.000262073,-0.00280458,0.000636033,-0.0122414,-0.00124073
8,14,0.000306701,-0.147482,0.0105624,0.00522828,0.00980126,0.000487278,0.00561812,0.00212997
9,14,0.00228658,-0.0356905,-0.00606692,-0.0135014,-0.00590047,-0.00040826,0.00104072,0.000812211
10,14,-0.00279189,-0.0644814,-0.00515778,0.0053478,0.00672836,0.00183075,-0.0089069,-0.000545328
1,15,-0.00257261,-0.064363,-0.00366507,0.00684071,-0.00470446,-0.00117925,-0.00170585,0.00244523
2,15,-0.000240719,-0.0236887,-0.00795421,0.00607527,0.0237492,-0.000305335,0.0071138,-0.00531962
3,15,-0.000270789,0.00370142,-0.00302408,-0.00742246,0.00286024,-0.000701131,-0.00912334,0.000321286
4,15,0.00102107,-0.0564216,0.014322,-0.0194648,-0.0255213,0.00314171,0.0190769,0.00107426
5,15,0.000955233,-0.0560783,-0.00218715,-0.00381589,-0.0224655,-0.00342217,0.00851884,0.00179536
6,15,0.000719691,-0.0960083,0.00862604,0.00234624,-0.00378088,0.000249702,0.00306562,-0.00500421
7,15,-0.000138099,-0.0564535,-0.00414358,-0.0102637,-0.0182894,0.001314,0.000545349,0.000961162
8,15,-0.00221978,-0.0449,-0.00292358,0.00803286,-0.000623515,0.00284164,0.00238319,0.00186644
9,15,-0.00451168,-0.0807903,0.00798418,0.00641801,0.0205869,0.00122496,-0.00037897,0.000127263
10,15,-8.32419e-05,-0.0572881,-0.00467532,-0.0135572,-0.0213043,-0.00303148,0.0139598,0.000337735
1,16,0.00364813,-0.106454,0.00625503,0.0177739,0.0131199,0.000709664,0.00247113,0.000844664
2,16,0.000604712,-0.1499,-0.0110102,0.00286273,-0.00549634,-0.00178556,0.00386632,0.00153993
3,16,-0.00222846,-0.0630064,-0.0137164,-0.0121852,0.00514614,0.00228154,-0.00335317,0.00186178
4,16,-0.000761841,-0.0685576,-0.00271652,0.00251754,-0.0112861,0.00249204,-0.00379229,4.01092e-05
5,16,0.000823552,-0.125028,-0.0114402,0.00227579,-0.00336349,-0.0020851,-0.00530161,0.0026743
6,16,0.00114116,-0.125455,0.0101756,0.00364327,0.000837692,0.00221209,0.00265668,0.0031282
7,16,-0.000599632,-0.113702,-0.00712051,-0.00882817,0.00266464,0.00249576,0.010942,0.00150276
8,16,0.00438041,-0.110368,0.013301,0.00757299,0.00122202,0.00429538,-0.00144762,0.00220692
9,16,-0.00282758,-0.115347,0.000347212,0.0112346,-0.00494338,0.00139746,-0.00622967,0.00133024
10,16,-0.00277607,-0.147731,0.00312666,0.018234,-0.00840661,-2.60327e-05,0.0164235,0.00113464
1,17,0.000214655,-0.372111,-0.00135707,-0.00749602,-0.00824197,-0.00412472,9.42406e-05,-0.00279939
2,17,-1.99938e-06,-0.349571,-0.00388891,-0.0190514,0.00663751,-0.00139713,0.00077248,-0.00113436
3,17,-0.00219687,-0.323387,0.0119245,-0.00210878,-0.0234213,-0.001185,-0.00347837,-0.00196875
4,17,-0.00371541,-0.321392,0.00346271,-0.00300288,-0.0105954,0.0016129,-0.00751562,-0.00271183
5,17,-0.00348526,-0.361194,0.00869822,-0.00361014,0.00161069,0.00209669,0.0023923,-0.000412676
6,17,-0.00430134,-0.291233,0.0138949,-0.0106098,-0.00495998,-0.000489781,0.00166699,-0.00192516
7,17,-0.001747,-0.356922,0.00282002,-0.015055,-0.000486329,0.000828654,-0.00495626,0.00282582
8,17,-0.00057422,-0.320082,0.0071862,-0.00866517,0.00496718,-0.00251407,0.00177115,0.000491952
9,17,0.00311414,-0.34456,-0.00506096,0.00665211,0.00424866,-0.00229099,0.00416954,-0.000604246
10,17,-8.05631e-05,-0.36525,0.00924543,-0.00308932,0.00149008,-0.00546319,0.00573499,-0.000844639
1,18,-0.000856795,-0.0779989,0.0030919,-0.00283589,0.00517273,-0.00272097,-0.000933757,0.000507134
2,18,-0.000700686,-0.0772401,0.00391352,0.011827,0.0138964,-0.00161453,-0.000250835,0.0026162
3,18,-0.00278426,-0.082836,-0.00135803,-0.000958248,0.0105303,0.0013416,-0.000782583,0.00014034
4,18,-0.0040827,-0.135094,0.00184697,-0.00477701,0.00731055,-0.000706372,-0.000392204,0.000520026
5,18,0.000409687,-0.0801866,0.00347915,-0.00700604,0.0158808,0.00140276,-0.00704717,0.000643571
6,18,-0.00120516,-0.0834201,0.00443189,-0.00513659,0.00859607,-0.0016767,0.00247918,-0.000545401
7,18,0.00102967,-0.0939212,0.00231449,0.00914208,-0.000130742,-0.00089582,0.00455766,0.00210482
8,18,0.000586669,-0.0933402,6.01598e-05,0.0107441,0.000855311,-0.00174378,-0.00554521,0.000217827
9,18,0.0018313,-0.123995,-0.00197443,-0.0172998,-0.00775936,0.000862222,-0.0022966,-0.00211796
10,18,-0.00221265,-0.111497,-0.00901661,-0.00240334,-0.0112641,-0.00106786,-0.00219461,0.000485507
1,19,-0.00288567,0.303011,0.00274053,-0.0128899,-0.0092523,-0.00136056,-0.00640141,0.00255866
2,19,0.00463192,0.327353,-0.0105186,-0.000512594,-0.0143413,-0.00220554,-0.00549858,0.00079307
3,19,3.63922e-05,0.400205,-0.00596472,0.00406083,-0.00257241,-0.00156163,-0.00357261,0.00108687
4,19,0.00367116,0.351582,0.00190311,0.0110773,-0.00811048,-0.00320638,-0.0084026,-0.00183795
5,19,-0.000541202,0.358921,0.00130725,-0.00320065,0.00015172,-0.000351001,-0.00137986,0.00123884
6,19,0.0038947,0.315871,-0.00128772,-0.00306376,-0.0140132,-0.00150558,-0.0144221,-0.000937863
7,19,-0.0018042,0.296428,-0.00511733,-0.00759201,-0.0172703,-0.000317942,0.000458499,-0.000336294
8,19,0.00308876,0.254895,-0.00321471,-0.00662646,0.0058242,-0.00401026,-0.017254,0.00202914
9,19,0.000787826,0.307454,0.00282675,0.0025706,-0.00277461,-0.000268465,-0.00411596,0.00409589
10,19,0.000578811,0.3268,-0.0033109,0.00263409,-0.00893641,-0.00188943,-0.00476321,-3.78434e-05
1,20,-0.00378915,-0.349221,0.00282045,0.00857317,0.00902524,-0.000554562,0.0142265,0.00326529
2,20,0.00390043,-0.380755,0.00347191,0.00100963,0.000550486,-7.05063e-05,-0.00254253,0.000533656
3,20,-0.0019847,-0.338911,-0.00324455,0.0147414,-0.0114602,-0.00443409,0.00174357,-0.00158256
4,20,-0.00119324,-0.300269,0.00341525,0.0121188,-0.0025636,-0.00255119,-0.0046368,0.0024818
5,20,-0.00211547,-0.348521,0.00199565,-0.00751838,-0.0110639,-0.00131478,-0.00746628,-0.000137676
6,20,0.00047884,-0.318796,0.00623723,-0.010858,0.00442586,0.00133813,-0.00630149,-0.000596603
7,20,-0.000236107,-0.323723,-0.00216053,-0.0113857,-0.00728862,-0.00242115,0.00259852,0.000125651
8,20,-0.00232071,-0.318499,-0.000448819,0.0130222,0.0260653,-0.00147827,0.0123034,-0.00273307
9,20,-0.00217515,-0.31332,0.0102014,-0.00305693,0.0135701,0.00151785,-0.000479705,0.00213826
10,20,-0.000465258,-0.368306,-0.00620769,-0.00122596,-0.00828553,-0.000832637,-0.00416682,-0.000884347
1,21,0.00137638,0.162674,-0.0167658,0.0127077,-0.0117431,0.0016097,0.00577803,-0.00245056
2,21,-0.00199064,0.0730129,0.0104703,0.00217685,0.00594292,0.00368786,-0.0137822,0.000741701
3,21,0.00091718,0.133358,-0.00861492,0.00443268,-0.0082501,-7.29966e-05,-0.000366501,0.00110471
4,21,0.00530028,0.114615,-0.00532277,-0.00898252,0.00909863,0.00198517,-0.00461256,-0.000445941
5,21,0.00024452,0.127359,0.00166597,0.00455954,0.000337273,0.00170288,-0.00785873,-0.00248172
6,21,0.00534806,0.100843,-0.00124728,0.00441194,0.00424959,-0.000115503,0.0097099,0.00133984
7,21,-0.000597458,0.109247,0.00781474,-0.00790628,-0.00412485,-0.000328037,0.00258125,0.00235578
8,21,-0.00183082,0.068009,-0.00586983,0.00387636,-0.00419476,5.24897e-05,0.00852908,0.00109433
9,21,0.00284148,0.113226,0.00197363,-0.00456672,0.00128064,-3.26731e-05,-0.00185381,0.00080595
10,21,0.0012351,0.0911369,0.000852995,0.0128653,-0.0079939,0.0025295,-0.0021817,-0.00094009
1,22,-0.001949,-0.409123,0.00555067,0.00794258,-0.00445659,-0.00276721,0.0140124,-0.000386264
2,22,0.00113026,-0.467328,-0.0058151,-0.00116551,0.00694068,0.00362106,-0.00449426,0.0010508
3,22,0.000852946,-0.451806,0.00969675,0.0222166,0.0206673,-6.3883e-05,0.00411005,-0.000114335
4,22,0.0010642,-0.365906,0.0055006,-0.00126695,0.000986685,0.000502102,-0.00193632,0.00267913
5,22,-0.00367058,-0.362407,0.00982609,-0.0109855,0.0134749,0.000373492,0.00241195,-0.00251553
6,22,0.00149465,-0.393712,-0.00291124,-0.00667346,-0.00731326,0.000558284,-0.0117346,-0.00242035
7,22,0.00116632,-0.392488,-0.000693376,-0.0132658,-0.00822258,0.00134526,-0.00543352,0.00148313
8,22,-0.0058825,-0.385931,-0.000995954,-2.9007e-05,-0.00795265,0.000194698,0.00366529,-0.00235859
9,22,-0.00533714,-0.379833,0.00945592,-0.00375046,0.00145267,0.0023265,0.00432716,0.000299952
10,22,0.00228349,-0.331727,-0.00425496,0.0163029,0.000534845,0.00105657,-0.00124022,-0.00218832
1,23,0.00263363,0.553427,0.00845911,-0.00713078,-0.0221151,-0.00371667,0.000976252,-0.00173278
2,23,-0.00292267,0.620213,0.00594827,0.00460031,0.00333804,-0.000422245,0.00933898,7.73596e-05
3,23,0.00476577,0.515831,0.00518661,-0.0110991,-0.00616656,-0.00291562,0.00155075,-0.00195272
4,23,0.00346781,0.534785,-0.00403754,0.00426589,-0.00329683,-0.00137841,0.00602047,-0.00127874
5,23,-0.000664334,0.59366,0.00454775,-0.0022335,-0.00895805,-0.00178487,0.00192736,-0.00144727
6,23,-0.00217654,0.547393,-0.0045767,0.00370284,-0.0140542,-0.000870119,0.00920147,-0.00281267
7,23,-0.00245974,0.47072,0.0164411,0.000444591,-0.0135,0.00214774,0.00694183,-0.00337637
8,23,0.00425636,0.594905,0.0048777,0.0210614,-7.9956e-05,0.000303656,0.000205074,-0.00141326
9,23,0.00121442,0.594457,-0.00338555,-0.00292758,0.0122253,-0.000608847,0.00983697,-0.000755809
10,23,0.00354788,0.554606,0.00969832,-0.0094283,0.0224289,-0.00139644,0.00373211,-0.00349964
1,24,-0.000301626,0.113884,0.0025428,-0.00903383,-0.0223773,-0.00319124,0.00783756,-0.000726622
2,24,-0.000366812,0.104796,-0.00323325,0.00130745,-0.00698492,0.00139126,0.0020375,-0.0019088
3,24,0.000134526,0.0756728,-0.0141003,-0.0115047,0.00190818,0.00179587,0.00482717,-0.00232822
4,24,-0.00266336,0.0848157,-0.0101033,-0.0115795,0.00875892,-0.00109323,0.000714022,-0.000301368
5,24,0.00213255,0.192124,0.00715886,0.0106277,-0.00185866,0.000949199,0.000729553,0.000324837
6,24,0.0032057,0.0769431,0.00208687,-0.0263666,-0.00828,-0.00102562,2.06871e-05,0.000186599
7,24,0.000814092,0.113558,-0.00732915,0.0191284,-0.00257094,-0.00387679,-0.00468105,-0.000897218
8,24,-0.00189087,0.0996475,-0.00309726,0.00934738,-0.00147937,0.00134513,-0.00519805,0.000682013
9,24,0.000706673,0.093434,-0.00871327,0.00473549,-0.00497257,-0.00130182,0.00629956,-0.000549102
10,24,0.00073899,0.117609,0.010735,-0.00908301,-0.0232033,0.00358993,-0.00106596,-0.00237975
1,25,-0.00238682,-0.0976971,-0.00490105,-0.00300558,0.0111918,0.000376588,0.00995692,0.00161703
2,25,0.00215933,-0.0203494,0.00027987,0.0101821,-0.00556021,-0.00341216,0.0108767,0.000111016
3,25,0.00188102,-0.0763001,-0.00780889,0.00730827,-0.0117798,0.00161277,0.00293595,-0.00300304
4,25,0.00322222,-0.0564142,0.00340132,-0.0331975,0.0205504,-0.00132167,0.00759202,-0.000847935
5,25,-0.00270754,-0.0865167,-0.0119465,0.00026722,-0.0140057,0.00062331,-0.00791623,0.00184386
6,25,0.00128982,-0.100663,0.010553,0.0025976,0.00797677,-0.00067829,0.0106508,0.000703167
7,25,-0.00075976,-0.0522185,-0.0037901,0.0114889,0.00630073,0.00083546,0.0130263,-0.002025
8,25,-0.00211778,-0.0811132,-0.00407957,0.0113334,0.012532,0.000475819,0.00810337,0.00190578
9,25,0.00428069,-0.0750138,-0.00971162,-0.0100866,-0.00160882,0.000450511,0.0123505,0.00107927
10,25,0.00273067,-0.0508119,-0.0052456,0.00445748,0.0111463,-0.00502033,-0.000403262,-0.00113031
1,26,-0.00128612,-0.176646,-0.00977376,-0.0103571,-0.00901759,-0.00308917,0.00387605,-0.00106708
2,26,0.000958255,-0.245286,0.0104083,-0.00735308,0.000666223,3.37033e-05,-0.0188193,-0.00168086
3,26,-0.00190031,-0.248756,-0.000997254,-0.00418724,0.00364419,0.000503725,0.00542335,-0.00162129
4,26,-0.00249273,-0.325757,0.00724153,0.00878339,-0.00231903,-0.000488837,0.00910156,-0.00084524
5,26,0.00147311,-0.239557,-0.00786605,0.0219426,0.0031972,-0.000263443,-0.013399,-0.000498875
6,26,-0.00423007,-0.265562,-0.00366822,0.00170091,-0.00801621,0.00437423,0.00370552,-0.000277301
7,26,0.000561736,-0.248514,-0.00534123,-0.00682548,0.00817079,0.00139366,0.00505117,0.00119718
8,26,-0.00301078,-0.250369,-0.00955317,-0.0142148,0.00614989,0.000869627,-0.00214695,0.000432217
9,26,-5.4202e-05,-0.273087,0.00857945,0.0164125,0.0035656,0.00253115,-0.0094585,0.00194046
10,26,-0.0034947,-0.177202,0.00978221,0.00173463,0.0172674,0.000572146,-0.000316923,-0.00317291
1,27,0.00134233,-0.104328,-0.00571186,0.0117219,0.0056066,-0.000414014,-0.00430151,-0.00107392
2,27,0.00178142,-0.250368,-0.00407761,-0.0135347,0.0093,-0.000150119,-0.00204758,-0.00119489
3,27,0.00131195,-0.114183,-0.00178688,-0.00642516,-0.0040011,-0.00110921,0.00147677,0.000556506
4,27,0.00334868,-0.165626,0.0011086,0.00122976,-0.00324181,0.00171839,-0.00700522,-0.00214021
5,27,0.00055472,-0.136694,0.00122678,-0.00264374,0.0108931,-0.00199575,-0.00143208,-0.00065862
6,27,-0.00567371,-0.203851,-0.0117892,0.00907884,-0.0047379,-0.00244676,0.00520922,0.000896702
7,27,0.00297234,-0.232169,0.00692115,-0.000200365,-0.00307498,-0.00135323,-0.00383656,-0.000307867
8,27,0.00449506,-0.204318,0.00322262,0.00451121,0.00251228,-0.000230104,-0.00703363,-9.79276e-05
9,27,0.00012583,-0.136495,-0.00389065,0.00348806,0.0186675,-0.0041625,-0.00751985,0.00103363
10,27,-0.002165,-0.0947616,-0.00722859,0.011009,0.00406557,0.000508273,-0.0072281,9.55736e-05
1,28,0.00104909,0.27394,-0.00817153,0.00729216,0.0153551,-0.000347132,0.00109024,0.000141211
2,28,0.000517392,0.359678,-0.0134833,-0.00877489,-0.0082081,0.000995605,0.00365616,0.00247716
3,28,0.00236392,0.307525,-0.0129726,0.0140177,-0.007527,0.000939725,-0.00532473,0.000733523
4,28,0.00211785,0.321757,-0.0133195,0.010245,-0.0162405,0.00377034,-0.0126614,-0.00154377
5,28,0.000474926,0.352352,-0.00236155,0.0184362,0.00558015,-0.00117201,-0.00844941,0.00400477
6,28,0.00270505,0.332945,-0.0049289,0.000716711,0.000256311,-0.000929736,-0.000730645,-0.00173699
7,28,-0.000191175,0.233355,-0.0072903,0.00781795,0.0133997,0.00105786,-0.00558069,0.000685277
8,28,-2.00432e-05,0.341022,-0.0101908,0.00600904,0.00256544,0.000594494,0.00196599,0.000810225
9,28,0.00359812,0.346887,-0.00281805,0.00324855,0.00630971,-0.0015272,-0.00568192,0.00172682
10,28,0.00262099,0.350551,-0.00716172,0.0147937,0.00501728,0.00245571,-0.00389556,-0.000389845
1,29,-0.00137184,-0.0444233,-0.00194532,-0.0166478,0.00523797,0.00172465,0.00502819,-0.00225811
2,29,0.00250056,-0.0973184,-0.00255511,0.00782244,-0.000816569,0.00084762,0.00781674,-0.00173533
3,29,0.000807402,-0.0758173,0.00337217,0.00178073,0.000453545,-0.00229284,0.00282632,-0.00190557
4,29,-0.00058521,-0.0796367,-0.00949854,0.000245454,-0.00180853,-0.00212616,0.00312914,-0.000874448
5,29,0.00491355,0.0258116,0.00552169,0.0145718,-0.014075,0.00115497,0.010882,-0.00172175
6,29,0.00130589,-0.107955,-0.00238115,-0.00192085,-0.00510211,-0.000669682,0.00196943,-0.00179295
7,29,0.00144016,-0.102777,-0.00627212,-0.0136874,-0.00577518,-0.000755367,0.00655897,-0.00228229
8,29,-0.00102786,-0.0702716,-0.00120913,0.015961,-0.0162634,0.00110782,0.00161726,-0.0044598
9,29,0.00337639,-0.0162027,-0.00654129,0.00175104,-0.0113316,0.0015853,0.00239159,-0.00657003
10,29,0.00495087,-0.0937342,0.00106765,0.00642949,-0.0121343,0.00257728,0.00799908,-0.00228183
1,30,0.00349195,0.425699,-0.00791642,-0.00245153,-0.0103604,-0.0023341,-0.00510587,-0.00229331
2,30,-0.000190252,0.406392,-0.0130148,0.00500398,-0.00555566,0.00215638,0.00152521,-0.000717056
3,30,0.00925109,0.485773,0.0130084,0.00477875,-0.00446559,0.00222235,0.00888505,0.000853115
4,30,0.00661112,0.456397,0.00126914,-0.0133544,-0.00644159,0.000290627,-0.00505583,-0.000743922
5,30,0.00113697,0.429196,-0.0107097,0.0131013,0.00125776,0.00194835,-0.00254404,0.000290048
6,30,0.00371843,0.47172,0.000966227,-0.0225752,-0.00428678,-0.00207601,-0.00280642,4.49759e-06
7,30,3.72391e-05,0.525183,-0.00379085,0.0132418,-0.00599045,0.00319552,-0.009285,0.00110083
8,30,0.00259821,0.414738,0.0121198,-0.00647469,-0.0131228,0.000516763,-0.000402179,-0.00230876
9,30,-0.00133564,0.470997,-0.00842463,0.00272125,0.00158917,0.00364571,-0.00358263,-0.000968232
10,30,0.00443695,0.441974,-0.00150998,-0.00821856,0.0133363,0.000341312,0.000865587,0.00346485
1,31,0.00195491,0.137564,-0.00153129,0.00201941,-0.00633518,0.000470947,-0.000480928,-0.000723945
2,31,7.49056e-05,0.146977,-0.00119504,0.0126006,0.00743575,-0.00231413,-0.00434192,-0.00321487
3,31,-0.00339911,0.0902758,0.00254531,0.00525923,-0.00126718,-0.000416653,0.00773326,-0.00178947
4,31,0.000376622,0.207029,0.000262256,0.00636373,-0.00250616,-0.000856632,-0.00854134,-0.000747238
5,31,-0.00432646,0.151676,-0.0025628,0.0240215,-0.00903394,-0.00201708,-0.00469405,0.000551019
6,31,-0.00223387,0.186309,-0.00154504,0.00878394,-0.0150532,7.45041e-05,0.00697915,-0.00352125
7,31,0.00121032,0.130872,0.00428651,0.00597795,0.00157234,-0.00375407,0.0099503,0.0010376
8,31,-0.000415907,0.132985,0.00385781,0.00768435,-0.0077587,-0.00114219,0.000222956,-0.00113743
9,31,0.000402596,0.17754,0.00111947,0.00829187,-0.00657949,0.000883976,-0.00144473,-0.000682667
10,31,-0.000495657,0.22752,-0.0104717,0.0097864,0.00948042,-0.00209534,0.00464359,0.000382784
1,32,-0.00207373,-0.796345,-0.000288336,0.00217564,-0.0053264,-0.000613848,-0.00901059,5.37925e-05
2,32,0.000206805,-0.774263,-0.00104945,0.00464858,0.0103631,0.00181749,-0.00154913,0.00320227
3,32,-0.0013033,-0.645868,0.0106139,0.0220497,-0.0071844,-0.00272097,0.00690968,0.0017531
4,32,0.000587534,-0.709463,-0.00424938,-0.00622033,0.0060663,-0.00039718,-0.00616144,-5.41703e-05
5,32,-0.000809967,-0.793895,-0.0146943,0.00326379,0.0138776,-0.00089699,0.00162944,-0.00116583
6,32,-0.00145021,-0.810186,0.00496666,-0.0077996,0.0116479,-0.00120188,-0.0063306,0.00153619
7,32,0.000977739,-0.74531,-0.00966032,0.0123562,-0.0112144,-0.00469541,-0.00400043,0.000827523
8,32,-0.00247,-0.725934,-0.00896574,0.00562767,0.010015,0.00060679,-0.00509503,-0.00148951
9,32,4.46577e-05,-0.744617,0.00506377,0.0158366,-0.0144706,0.000103087,-0.0047805,-0.000218303
10,32,0.000738814,-0.793868,-0.00696611,-0.00405638,-0.0122391,6.54038e-05,0.00644647,0.00316958
1,33,-0.00401936,0.107885,0.00886013,0.0153518,-0.00975176,-0.00140488,0.00962729,0.000377866
2,33,0.000835651,0.146229,-0.00355521,0.0039764,-0.0125745,-0.000967181,0.000277648,6.75788e-05
3,33,-0.0081683,0.140327,-0.00469524,0.0042436,-0.00412335,0.00150459,-0.00486377,-0.000338374
4,33,0.00320008,0.0544971,0.000282104,0.00117926,0.000271784,0.00178482,-0.000934419,0.00103738
5,33,-0.0044847,0.0918147,-0.000589601,-0.00656888,0.00358219,-0.000186084,0.0119804,-0.00161268
6,33,0.0020611,0.150067,-0.00457308,-0.0066209,0.00458415,-0.000730862,-0.00193678,-0.00240653
7,33,-0.00287169,0.0582382,-0.00130406,-0.00625948,-0.00821144,0.00308768,0.00383588,-0.000752489
8,33,-0.00315859,0.135753,0.0058509,0.0146618,0.00743453,0.000767761,0.00334877,0.0027184
9,33,-0.00363897,0.15084,-0.00317424,0.00516933,-0.00342237,0.000408528,-0.00655578,-0.00192538
10,33,0.00179507,0.100084,-0.00108142,0.00971226,0.00462983,-0.00195483,0.0042633,0.00272674
1,34,-0.00121578,0.351406,-0.00249732,0.0013185,0.00905368,-0.00173599,-0.00277432,0.000105615
2,34,-0.00214954,0.30223,-0.00847537,-0.0152764,-0.00213284,0.00193702,-0.000322648,-0.00297526
3,34,-0.000346353,0.320186,-0.00191318,0.00470822,0.0101343,0.000878883,-0.00722631,0.00278656
4,34,-0.00122067,0.278595,0.00372,0.00550313,-0.00659993,0.00405221,-0.00207112,-0.000576912
5,34,-0.00285382,0.247915,-0.00781856,-0.00829862,-0.00784456,-0.00091319,-0.00063351,0.00131972
6,34,-0.00165748,0.305533,-0.00706903,0.0153072,0.0200235,-0.00315267,0.00138172,0.000259315
7,34,0.00111495,0.372318,-0.00312507,-0.0089914,0.00192793,-0.000926469,0.00447666,-0.000735251
8,34,-0.00231104,0.247861,-0.00582949,-0.00107048,-0.0106255,-0.00079045,0.0103214,-0.000323098
9,34,0.000688957,0.284135,-0.00938619,-0.00317738,0.0104739,0.000490906,0.00241559,0.000974496
10,34,0.000755067,0.33751,-0.00167122,0.011641,0.0251988,-0.00287296,0.00566657,0.000501689
1,35,-0.000750485,-0.387585,-0.0115864,-0.011107,-0.0132984,-0.000438973,0.00399602,0.00459208
2,35,-0.00184395,-0.316449,0.000497135,0.00828677,-0.00613866,0.00171659,0.000909537,0.000683459
3,35,-0.00423662,-0.362228,0.00220359,0.0174474,0.00811937,0.000695881,0.00212933,0.000446007
4,35,-0.000137249,-0.310416,-0.00620136,0.0070691,0.0169067,-0.000945106,-0.00317268,0.000638059
5,35,-0.000287489,-0.332672,-0.00509183,-0.00982491,0.0038988,-0.000109756,0.00569919,1.94622e-06
6,35,0.00455403,-0.354743,-0.000843906,-0.0067867,-0.0171636,-0.000485844,0.000834695,0.00162379
7,35,-0.00133381,-0.347352,-0.00491239,0.00291252,0.015739,-0.000137498,0.00290776,0.00454898
8,35,-0.0019316,-0.365513,-0.00855885,0.0131139,-0.00469998,0.00191457,0.000472643,-0.000525202
9,35,0.0027717,-0.358578,-0.0104886,-0.00253301,0.00957082,0.00334407,0.000806194,-0.00098619
10,35,-0.000731119,-0.330026,-0.00489652,-0.0109379,-0.0114567,0.0014441,-0.00167953,-0.00123228
1,36,0.000379234,-0.473398,-0.00268697,-0.00176164,-0.0116425,-0.00130335,-0.0123065,-3.3197e-05
2,36,-0.0035491,-0.556656,0.0111085,-0.000444797,-0.023363,-0.00576068,-0.0057708,0.00131692
3,36,-0.00189091,-0.507381,-0.00618003,-0.0194187,-0.00655323,-0.00160402,-0.00610182,0.00242212
4,36,-0.000217787,-0.552677,-0.00656759,-0.00810081,-0.0202468,0.00293335,0.000874846,-0.000214216
5,36,-0.0019055,-0.575665,-0.00639302,0.0114336,-0.000295415,-0.00211263,-0.00518267,0.00205753
6,36,-0.00227717,-0.552836,-0.00568235,-0.00637753,-0.00488084,-0.000846246,-0.0015735,0.000787285
7,36,-0.000448871,-0.495739,-0.0027078,0.00848571,0.00609055,0.000614069,-0.00726109,-0.00225446
8,36,0.00105181,-0.512481,0.00566823,-0.0114466,-0.015455,-0.00142197,0.000468105,-0.000187184
9,36,0.0029333,-0.492024,0.00107512,-0.00416787,-0.0243934,-0.000770463,-0.00850826,-0.00216262
10,36,0.0028197,-0.436622,0.00570844,-0.0162722,-0.00702687,-0.00317665,-0.00333505,0.00219353
1,37,0.000908063,-0.202419,-0.00604576,-0.0198261,0.00981382,-0.00214206,0.00955373,-0.000709771
2,37,0.000957244,-0.21838,-0.0049321,-0.00159673,-0.00202625,0.00170121,0.00352378,-0.000665512
3,37,-0.00279364,-0.186456,0.0119644,0.000941169,0.00178075,-0.000168752,0.000917163,-1.49711e-05
4,37,-0.00153053,-0.105572,0.012075,-0.0128154,0.00422606,0.001718,-0.00331446,0.000828911
5,37,0.00283331,-0.209451,0.0032225,0.00385168,0.017839,4.94478e-05,0.00411442,0.000180434
6,37,-0.000514135,-0.15116,-0.0158003,0.00690396,0.0178164,5.51004e-05,0.00640805,-0.00200857
7,37,-0.00463046,-0.229771,0.00278701,0.000997713,-0.00645056,0.00182497,0.00941264,-0.00162178
8,37,0.00312811,-0.196842,2.25983e-05,-0.0045509,0.00679185,0.00202895,-0.00160794,0.00208719
9,37,-0.00141529,-0.243759,0.00573565,0.000445672,-0.00131935,0.00146754,-0.00172051,-0.0027459
10,37,-0.00200113,-0.253601,-0.00459515,-0.00852842,0.00406734,0.00078171,0.00477935,0.000408684
1,38,-0.00578786,-0.326572,-0.00265867,0.00927972,0.00604012,-0.00339484,-0.00151821,-0.000732473
2,38,-0.00613999,-0.335095,-0.00120445,-0.00171432,-0.00819685,-0.00132238,0.00284908,-0.00117198
3,38,-0.00178384,-0.266262,0.0077465,-0.0105453,-0.0129775,0.00192845,0.0015332,-0.000963104
4,38,0.000664403,-0.330815,-0.00783862,0.00104232,-0.000226567,-0.00304873,-0.000270824,-0.000187752
5,38,-0.00595246,-0.273536,0.00761791,0.00897955,-0.0062156,-0.00292726,0.00356103,-0.00188554
6,38,0.001962,-0.281169,0.0127259,-0.00376198,-0.0107842,-0.00214747,0.00418492,-0.00180271
7,38,8.14418e-05,-0.296365,-0.000773106,-0.00047069,0.0089114,-0.001853,-0.00375907,-0.000733074
8,38,-0.00133325,-0.33443,-0.00301233,-0.00841008,0.0156474,-0.0012529,0.0101592,-0.00229756
9,38,0.00221878,-0.339436,0.00145819,-0.00952733,-0.00885764,-0.00155837,-0.00240666,0.000806248
10,38,-0.00382903,-0.279195,0.00463731,-0.000580783,0.00543308,0.00133535,0.00541666,0.00187434
1,39,0.00388247,-0.148228,-0.000450827,-0.0139342,0.0181192,-0.00117416,-0.0144784,-0.000982606
2,39,0.00379149,-0.188912,-0.00224946,0.0042456,-0.000797882,0.00110391,8.71913e-05,0.00209255
3,39,0.000528085,-0.160694,-0.00381048,-0.00171772,0.00285005,-0.0027463,-0.00892611,0.00377912
4,39,0.000617182,-0.150435,-0.00481102,0.00568952,0.0152051,-0.000689443,0.0126326,0.00164678
5,39,0.00188659,-0.216441,-0.00182301,0.00409951,0.00281031,0.00364219,-2.08958e-05,4.20673e-05
6,39,-0.00189,-0.141157,-0.00369632,0.0117233,0.022628,-0.00067849,-0.00548386,-4.57259e-05
7,39,-0.000478371,-0.143816,-0.0188341,0.0107752,0.00215561,0.000192736,0.00766727,0.00128416
8,39,0.00299309,-0.167938,0.0036932,0.0174124,-0.0260199,0.00494302,-0.00494675,-0.001143
9,39,0.000625043,-0.163372,-0.00555137,0.0108226,-0.00193429,-0.00167129,-0.00388465,0.00301268
10,39,0.0051339,-0.20987,-0.00759511,-0.014394,-0.00281346,0.00196279,0.00406727,0.000847733
1,40,-0.000766082,0.449116,-0.00537917,0.00636479,0.0073541,-0.000834771,-0.00456933,-0.00121224
2,40,-0.00191299,0.429483,0.00122377,0.00244158,0.0264536,-0.00209107,0.00458897,0.000243639
3,40,-0.00152949,0.467886,0.00702066,0.0109824,0.000672872,0.000144083,0.00169359,0.00186845
4,40,0.00126078,0.476917,-0.000584759,0.00907045,-0.00431065,-0.000165081,0.000632541,0.00174269
5,40,0.00122411,0.495088,-0.00350595,-0.0164406,-0.000396603,-0.00394321,0.00528899,0.00153778
6,40,-0.00137025,0.479395,0.00476717,-0.00901283,0.00669376,0.00124824,0.00566944,0.00167189
7,40,0.0033424,0.475128,-0.00979364,-0.00182284,0.000100159,-2.1787e-05,0.00771844,0.00128018
8,40,-0.00499396,0.449172,0.0150255,-0.000585711,-0.00927885,0.00116632,-0.00683441,0.000478967
9,40,0.00319774,0.459973,-0.00930102,0.0125708,0.00377557,0.00482442,0.00755894,-0.000172799
10,40,-0.000587282,0.447632,-0.00465439,-0.00529704,-0.00323082,0.00309425,0.00516741,-0.00227026
1,41,0.0015768,0.115827,0.00298656,0.000801913,0.00290904,0.000935156,-0.00242098,0.00175224
2,41,0.0018287,0.107766,0.0107292,0.0146719,5.25424e-05,-0.00164364,0.00216073,0.00191688
3,41,-0.0023401,0.0726588,0.00292105,-0.00635192,0.0174681,-0.000715374,-0.00593901,-0.000452743
4,41,0.00166375,0.115378,-0.00438023,0.00205118,0.00362383,0.00288775,0.000912359,-0.00201479
5,41,-0.00247788,0.0482152,0.00276624,-0.0109769,0.0163283,-0.00238043,-0.00359674,-0.00117943
6,41,-2.08683e-05,0.0794055,-0.00263352,-0.00443689,0.000304638,0.00159599,0.00859271,-1.27378e-05
7,41,-0.00678996,0.0809112,0.00151601,0.00338212,0.00979833,-0.000562543,0.00538196,-0.000773368
8,41,-0.00243337,0.0764439,0.0143274,-0.0120705,0.0167037,0.00177178,-0.000340995,-0.000682753
9,41,-0.000225235,0.0948,-0.000180497,0.00928492,0.0207827,-0.00119673,-0.00428005,-0.00120175
10,41,-0.00179992,0.0976219,0.00611464,0.00468557,0.00262718,-0.00332037,0.00595104,0.00160786
1,42,0.00094027,0.146302,0.00274804,-0.00400111,-0.00623641,-0.00114347,-0.00121765,-0.00161573
2,42,0.00508093,0.0838796,-0.00889076,-0.00890854,-0.00819844,-0.00195152,-0.00177759,0.000694389
3,42,0.00336019,0.0470044,0.000303299,0.00112558,0.00234495,-0.000398461,-0.00323547,0.000920061
4,42,-0.000723197,0.101149,-0.00998928,-0.0118323,-0.0297524,0.000955588,-0.00705106,-0.0023219
5,42,-0.00230562,0.170893,-0.00135509,-0.00999188,-0.00430288,-0.0016649,-0.0013701,0.00168995
6,42,0.000811579,0.137232,0.00587641,0.00871112,0.00879665,0.0030224,-0.0088127,0.00217391
7,42,0.000364338,0.105983,0.0150289,-0.00274798,0.00575204,-0.0011817,-0.00125553,-0.000648457
8,42,-0.00286518,0.0925357,0.00374859,0.0083862,0.00420372,-0.00243365,-0.000563276,-0.00133838
9,42,-0.0020202,0.112863,0.00321443,-0.00662446,-0.0178946,0.000724504,-0.00660607,-0.000313674
10,42,0.00568414,0.0965983,-0.000765088,-0.00369525,0.000575116,-0.00135899,-0.00648139,-0.000333117
1,43,-0.000113919,-0.24211,-0.00919725,0.00703548,0.00180467,-0.00156502,0.00232734,0.000358247
2,43,0.000945669,-0.175466,0.00308948,-0.00734618,-0.0108305,0.00120602,0.00245454,0.00159575
3,43,-0.00284947,-0.216864,-0.00118998,0.00152387,0.0025955,0.00147761,0.00209125,0.00134189
4,43,0.00240555,-0.16847,0.0061071,-0.0187208,-0.00308309,4.99929e-05,0.00524792,0.000910426
5,43,-0.00018717,-0.136188,0.00494976,-0.00209539,0.0144008,-0.000346739,-0.000815111,-0.00220359
6,43,-0.00719049,-0.237428,-0.00303034,-0.0168721,0.000585851,0.00176785,-0.00347313,-0.00136629
7,43,0.00332023,-0.17371,0.000301566,-0.00308013,-0.00449729,-0.000664235,-0.00229356,-0.00266662
8,43,0.00161215,-0.197721,0.0130163,-0.00908941,-0.0107119,-0.00071399,0.00616336,-0.0011283
9,43,-0.000883957,-0.203695,-0.00359901,-0.0106158,-0.00992731,-0.00070116,0.00899341,-0.00237446
10,43,-0.00404837,-0.243241,-0.000330747,-0.00122546,0.00153454,-0.0021389,-0.000570167,0.000297244
1,44,-0.000863879,0.105823,0.00148311,-0.0169718,-0.0135594,0.00313629,0.000833023,-0.00126751
2,44,-0.00228514,0.137427,0.0120546,0.0131117,0.0089941,2.519e-05,-0.00866746,0.00224158
3,44,-0.00171097,0.168959,0.000105941,-0.00163767,-0.0193925,0.000657936,0.00291116,-0.000118198
4,44,-1.89745e-05,0.133394,-0.00570602,0.00164475,-0.00707404,0.00123922,0.00659283,-0.000484001
5,44,-0.00277266,0.158812,0.00590699,-0.00431843,0.00590873,-0.00077473,-0.00837642,0.000986393
6,44,-0.00419651,0.0590056,-0.0107004,-0.00762684,-0.000200159,-0.00150215,-0.00544179,0.000863224
7,44,0.000530708,0.0912234,0.0103761,0.0101781,-0.00772107,-0.000455908,-0.00612833,0.00192442
8,44,0.00196394,0.0768204,0.00752336,0.000818663,-0.0182906,0.00238199,-0.00372923,0.00103085
9,44,0.00156347,0.0870685,-0.00395588,0.00141116,-0.0329114,0.00155494,0.0102351,0.000779186
10,44,-0.00080284,0.102919,0.00283512,-0.0034681,0.00865015,0.000467425,-0.00975777,-5.30881e-05
1,45,-0.00390313,-0.32218,-0.00228881,0.00623166,0.00852491,0.00160157,0.011856,0.00322707
2,45,-0.000633442,-0.360486,0.00490585,-0.00171587,0.00656072,-0.00246459,-0.00165851,-0.00057521
3,45,0.00449266,-0.328906,-0.00297274,-0.00635281,0.0111611,-0.00145852,0.00373268,-0.00266919
4,45,7.85268e-05,-0.379524,0.00364354,-0.0129697,0.014082,0.0019235,0.00156478,-0.00306916
5,45,-0.00158355,-0.304303,-0.00092983,-0.0113808,-0.00188829,-0.00253665,-0.000483903,0.000889058
6,45,-0.000664145,-0.336817,0.00283054,-0.00826777,-0.0110068,-0.00311857,0.00275042,-5.59382e-05
7,45,-0.0019448,-0.339691,0.00707745,-0.00256192,-0.00965548,0.000579646,0.00499472,-0.00284889
8,45,0.000270846,-0.363036,0.00336992,-0.00954634,-0.0142269,0.000336685,0.000809271,-0.00110491
9,45,0.00258372,-0.300558,0.0106898,-0.0136839,0.0125202,-0.000984068,-0.000368187,-0.00167433
10,45,-0.00209498,-0.345927,-0.00473614,-0.00554315,0.00956728,-0.00170976,0.00675025,-0.00254378
