rep,id,V,Cl
1,1,7.1167,3.41463
2,1,7.18818,3.39547
3,1,7.08146,3.33809
4,1,7.18095,3.44728
5,1,6.77279,3.34213
6,1,7.09551,3.34031
7,1,7.25073,3.39288
8,1,6.93198,3.34709
9,1,7.12144,3.32998
10,1,7.137,3.36177
1,2,7.1313,4.41527
2,2,7.01127,4.29526
3,2,7.08207,4.37756
4,2,7.15867,4.39862
5,2,7.14681,4.41188
6,2,7.13855,4.42075
7,2,6.87756,4.34922
8,2,7.20524,4.3811
9,2,7.37195,4.45087
10,2,7.10056,4.3929
1,3,6.23595,1.53353
2,3,6.79531,1.47136
3,3,6.66897,1.46382
4,3,6.73374,1.42434
5,3,6.36255,1.4973
6,3,6.74785,1.49176
7,3,6.82829,1.44921
8,3,6.80474,1.46151
9,3,6.8464,1.48511
10,3,7.22143,1.3934
1,4,10.7545,2.28803
2,4,11.1298,2.22064
3,4,10.6916,2.23794
4,4,10.8566,2.22179
5,4,11.4996,2.30621
6,4,10.9895,2.23972
7,4,11.3382,2.23852
8,4,11.3282,2.20811
9,4,10.8606,2.29985
10,4,10.9362,2.24445
1,5,4.55977,4.5842
2,5,4.5375,4.51922
3,5,4.62781,4.65763
4,5,4.6209,4.55493
5,5,4.48572,4.46772
6,5,4.66339,4.58021
7,5,4.4036,4.43317
8,5,4.50845,4.51662
9,5,4.35447,4.40719
10,5,4.71558,4.64027
1,6,6.84926,2.1941
2,6,6.88546,2.12381
3,6,6.84478,2.15078
4,6,6.98137,2.11748
5,6,6.6419,2.13526
6,6,6.48207,2.1233
7,6,7.01219,2.12356
8,6,6.45958,2.11047
9,6,6.81465,2.11133
10,6,6.89333,2.10687
1,7,7.39733,2.87474
2,7,7.36836,2.92659
3,7,7.58762,2.96178
4,7,7.3591,2.93127
5,7,7.09125,2.86237
6,7,7.34606,2.9072
7,7,7.38167,2.90161
8,7,7.58447,2.94073
9,7,7.69144,2.89875
10,7,7.18124,2.86717
1,8,7.81903,3.08947
2,8,7.94625,3.11415
3,8,8.24889,3.11728
4,8,7.88668,3.08845
5,8,8.14672,3.08606
6,8,7.82162,3.07978
7,8,7.84573,3.13
8,8,8.01481,3.13862
9,8,7.87982,3.10865
10,8,7.91221,3.06754
1,9,2.75489,3.77254
2,9,2.54302,3.52849
3,9,2.5881,3.58973
4,9,2.55097,3.52087
5,9,2.64411,3.64202
6,9,2.52136,3.5122
7,9,2.58063,3.57373
8,9,2.56015,3.56466
9,9,2.64802,3.66065
10,9,2.58625,3.56162
1,10,4.98237,3.46329
2,10,4.93988,3.47833
3,10,4.75477,3.37471
4,10,5.17547,3.52658
5,10,5.08063,3.55813
6,10,5.18243,3.52834
7,10,4.84033,3.42595
8,10,4.94295,3.47965
9,10,4.86855,3.43153
10,10,4.82515,3.44013
1,11,3.46472,3.03028
2,11,3.49415,3.05172
3,11,3.40791,2.99384
4,11,3.35836,2.96703
5,11,3.44477,3.03047
6,11,3.46824,3.01479
7,11,3.47461,3.01788
8,11,3.31006,2.9555
9,11,3.35545,2.94481
10,11,3.41252,3.00325
1,12,5.2603,2.91371
2,12,5.42174,2.92739
3,12,4.95084,2.78532
4,12,5.06898,2.85349
5,12,5.14768,2.88287
6,12,5.07592,2.82467
7,12,4.88449,2.78221
8,12,5.03933,2.8591
9,12,5.17459,2.84435
10,12,5.16213,2.88294
1,13,5.34331,2.52151
2,13,5.38179,2.50202
3,13,5.48847,2.48825
4,13,5.61907,2.50705
5,13,5.85662,2.62408
6,13,5.4159,2.55531
7,13,5.42463,2.52204
8,13,5.22348,2.49855
9,13,5.55957,2.59163
10,13,5.45289,2.4987
1,14,4.70227,1.67773
2,14,4.74347,1.69038
3,14,4.95185,1.69749
4,14,4.66303,1.6817
5,14,4.9162,1.70286
6,14,4.61035,1.7074
7,14,5.01491,1.74466
8,14,4.75475,1.72323
9,14,4.78136,1.72543
10,14,4.75917,1.70819
1,15,4.63764,4.55732
2,15,4.51328,4.47719
3,15,4.53796,4.47686
4,15,4.3429,4.3593
5,15,4.64951,4.54809
6,15,4.57935,4.52882
7,15,4.67417,4.58362
8,15,4.54014,4.49114
9,15,4.67327,4.54003
10,15,4.4779,4.40434
1,16,6.84492,4.26255
2,16,6.97766,4.36597
3,16,7.21807,4.45004
4,16,6.92492,4.2959
5,16,7.23767,4.46491
6,16,6.78532,4.31138
7,16,7.11824,4.36808
8,16,7.147,4.42753
9,16,6.8705,4.32148
10,16,6.9196,4.30383
1,17,6.91472,1.38443
2,17,6.68658,1.41067
3,17,6.89777,1.41138
4,17,6.86,1.39486
5,17,6.84674,1.3723
6,17,6.70593,1.3868
7,17,6.8629,1.3868
8,17,6.57312,1.3616
9,17,6.83576,1.38652
10,17,6.87595,1.38913
1,18,10.7373,2.20518
2,18,10.5774,2.20429
3,18,11.1488,2.13372
4,18,11.1118,2.02202
5,18,10.2058,2.22819
6,18,10.2645,2.14509
7,18,10.3853,2.1785
8,18,11.1546,2.18762
9,18,10.3915,2.28439
10,18,10.6194,2.21879
1,19,4.94496,4.81857
2,19,4.85551,4.76524
3,19,4.99191,4.83942
4,19,4.67548,4.65271
5,19,4.7084,4.68491
6,19,4.85687,4.78281
7,19,4.67795,4.63068
8,19,4.71954,4.70833
9,19,4.82281,4.74867
10,19,4.76886,4.68173
1,20,6.81276,2.0989
2,20,6.6286,2.12354
3,20,6.63573,2.15568
4,20,6.61537,2.15656
5,20,6.53811,2.18445
6,20,6.55763,2.12288
7,20,6.43502,2.16592
8,20,6.69973,2.12495
9,20,6.76309,2.18336
10,20,6.71399,2.19309
1,21,7.39321,2.91385
2,21,7.27791,2.88873
3,21,7.14282,2.90536
4,21,7.22843,2.85003
5,21,7.19869,2.88403
6,21,7.03561,2.85803
7,21,7.01994,2.84914
8,21,7.25249,2.90473
9,21,7.5238,2.94274
10,21,7.36162,2.9221
1,22,7.68065,3.0322
2,22,7.58685,3.00553
3,22,8.30252,3.07618
4,22,8.0259,2.99433
5,22,8.17477,3.00812
6,22,8.15923,3.03519
7,22,7.86624,3.00449
8,22,7.93227,3.05912
9,22,7.85996,3.03191
10,22,7.8837,2.98634
1,23,2.63917,3.64235
2,23,2.55242,3.56408
3,23,2.66549,3.67286
4,23,2.58622,3.59076
5,23,2.67298,3.67933
6,23,2.55094,3.54928
7,23,2.6244,3.64147
8,23,2.54235,3.54928
9,23,2.5295,3.53144
10,23,2.71662,3.73979
1,24,4.83778,3.39785
2,24,4.83677,3.38555
3,24,4.83268,3.4217
4,24,4.83479,3.39658
5,24,5.02355,3.44565
6,24,4.89886,3.46789
7,24,4.97894,3.46283
8,24,4.76276,3.40782
9,24,4.88089,3.43265
10,24,4.86701,3.42205
1,25,3.57882,3.07097
2,25,3.48868,3.02263
3,25,3.66573,3.14554
4,25,3.53156,3.07293
5,25,3.63548,3.11641
6,25,3.5023,3.04668
7,25,3.6724,3.07682
8,25,3.70443,3.12557
9,25,3.58642,3.08532
10,25,3.64877,3.09057
1,26,4.75257,2.73764
2,26,5.03334,2.82794
3,26,4.97673,2.76429
4,26,4.77077,2.78976
5,26,4.87418,2.77864
6,26,4.94055,2.79662
7,26,5.02857,2.78382
8,26,4.85491,2.78943
9,26,4.76522,2.70661
10,26,4.95826,2.77182
1,27,5.77311,2.57251
2,27,5.43445,2.52858
3,27,5.40781,2.54015
4,27,5.61863,2.54959
5,27,5.73826,2.55603
6,27,5.58219,2.52431
7,27,5.57734,2.50178
8,27,5.51202,2.49853
9,27,5.27015,2.48505
10,27,5.3933,2.55285
1,28,5.00779,1.73897
2,28,4.77846,1.75102
3,28,5.0042,1.764
4,28,5.09838,1.72883
5,28,4.95139,1.74802
6,28,5.15301,1.76823
7,28,5.0443,1.76687
8,28,5.04721,1.73877
9,28,5.01337,1.72784
10,28,5.08104,1.72552
1,29,4.43555,4.40028
2,29,4.25544,4.28299
3,29,4.42285,4.40442
4,29,4.38548,4.3235
5,29,4.3229,4.33285
6,29,4.38185,4.34414
7,29,4.39902,4.35975
8,29,4.37181,4.33916
9,29,4.47115,4.40861
10,29,4.4068,4.37269
1,30,5.39408,3.38659
2,30,5.7892,3.52635
3,30,5.51537,3.39591
4,30,5.40064,3.365
5,30,5.49215,3.41733
6,30,5.73646,3.50212
7,30,5.72637,3.54266
8,30,5.49833,3.41574
9,30,5.49172,3.44033
10,30,5.77994,3.51673
1,31,6.5587,1.48361
2,31,7.0604,1.4244
3,31,6.95179,1.42652
4,31,6.85221,1.50909
5,31,6.94513,1.47156
6,31,6.83464,1.46138
7,31,6.85872,1.46254
8,31,6.65447,1.48786
9,31,6.7691,1.53023
10,31,6.6936,1.44723
1,32,10.323,2.2324
2,32,10.3092,2.17093
3,32,10.2705,2.20148
4,32,10.2868,2.21733
5,32,10.4345,2.23927
6,32,10.2573,2.16547
7,32,10.3141,2.17589
8,32,10.2917,2.26146
9,32,10.3414,2.2315
10,32,10.2333,2.18443
1,33,4.73814,4.65395
2,33,4.9375,4.86531
3,33,4.75849,4.73653
4,33,4.76694,4.78083
5,33,5.06978,4.94652
6,33,4.97114,4.8956
7,33,4.89134,4.84312
8,33,4.76757,4.74043
9,33,4.90091,4.85051
10,33,5.00414,4.84553
1,34,7.20057,2.17296
2,34,6.6221,2.11509
3,34,6.93095,2.14317
4,34,6.97203,2.10611
5,34,6.76112,2.10823
6,34,6.87276,2.13635
7,34,7.01136,2.20964
8,34,7.09893,2.10516
9,34,6.52273,2.11841
10,34,6.85421,2.09473
1,35,7.41284,2.88066
2,35,7.29978,2.86046
3,35,6.83407,2.91857
4,35,7.19184,2.92067
5,35,7.14508,2.8737
6,35,6.97798,2.83418
7,35,7.29448,2.88593
8,35,7.13342,2.88389
9,35,7.28135,2.94728
10,35,6.7358,2.8577
1,36,7.44915,2.94568
2,36,7.77653,2.99825
3,36,7.87459,2.99393
4,36,7.64648,2.96837
5,36,8.13991,3.05042
6,36,7.99685,2.98223
7,36,7.89179,3.03018
8,36,7.64999,2.96331
9,36,7.56611,3.05298
10,36,7.74136,2.98833
1,37,2.39842,3.38949
2,37,2.49763,3.53367
3,37,2.41235,3.40422
4,37,2.34955,3.33732
5,37,2.40038,3.38303
6,37,2.43143,3.4214
7,37,2.40038,3.39098
8,37,2.38195,3.36974
9,37,2.39254,3.39498
10,37,2.30966,3.29524
1,38,4.73426,3.31532
2,38,4.69593,3.3334
3,38,4.65116,3.28894
4,38,4.71581,3.35706
5,38,4.64738,3.25272
6,38,4.6687,3.27933
7,38,4.73772,3.35109
8,38,4.67668,3.32214
9,38,4.76983,3.36069
10,38,4.76293,3.28668
1,39,3.49758,3.03585
2,39,3.44734,3.01142
3,39,3.50271,3.05085
4,39,3.50045,3.02015
5,39,3.62154,3.08887
6,39,3.446,3.00204
7,39,3.62755,3.11117
8,39,3.64156,3.07922
9,39,3.58082,3.05137
10,39,3.62562,3.07329
1,40,5.28295,2.90007
2,40,5.05663,2.80578
3,40,5.16732,2.86121
4,40,5.30725,2.88265
5,40,4.98051,2.82827
6,40,5.21859,2.8535
7,40,5.42291,2.90978
8,40,5.28899,2.87565
9,40,5.37159,2.95154
10,40,5.13556,2.8378
1,41,5.20447,2.46981
2,41,5.11985,2.47449
3,41,5.34702,2.55594
4,41,5.33945,2.52519
5,41,5.2816,2.55103
6,41,5.26818,2.49195
7,41,5.36194,2.55773
8,41,5.17029,2.51269
9,41,5.36637,2.52595
10,41,5.36257,2.54362
1,42,4.92576,1.68836
2,42,4.40921,1.69253
3,42,4.74711,1.7074
4,42,4.8591,1.73876
5,42,4.90476,1.70162
6,42,4.90746,1.71719
7,42,4.66338,1.71154
8,42,4.82184,1.66752
9,42,4.82378,1.70469
10,42,4.80733,1.70955
1,43,4.42935,4.38246
2,43,4.62724,4.55123
3,43,4.54381,4.45865
4,43,4.59875,4.51203
5,43,4.597,4.53394
6,43,4.61319,4.53801
7,43,4.58172,4.5362
8,43,4.65554,4.57121
9,43,4.67843,4.55114
10,43,4.50099,4.45046
1,44,5.39459,3.42879
2,44,5.51297,3.43239
3,44,5.18976,3.33178
4,44,5.31475,3.37856
5,44,5.22065,3.3608
6,44,5.30747,3.36426
7,44,5.62466,3.43502
8,44,5.52874,3.43181
9,44,5.26191,3.35073
10,44,5.36335,3.3892
1,45,9.31209,2.87425
2,45,9.46644,2.90241
3,45,9.55595,2.82878
4,45,9.58486,2.8384
5,45,9.78299,2.88147
6,45,10.0019,2.90059
7,45,9.42858,2.90411
8,45,9.34925,2.85493
9,45,9.73604,2.85096
10,45,9.94089,2.8134
