rep,id,eta_Cl,eta_V1,eta_Q,eta_V2,eta_S,eta_R0,eta_gamma,eta_MTT
1,1,0,-0.519174,0,0.000143551,0.0176411,0,0,-0.00315332
2,1,0,-0.517348,0,-0.00447303,-0.0129819,0,0,0.0029742
3,1,0,-0.604882,0,0.00814472,0.00963518,0,0,0.00488152
4,1,0,-0.59508,0,-0.0142571,0.0104455,0,0,0.000440933
5,1,0,-0.552492,0,0.0155371,-0.00850477,0,0,-0.000784224
6,1,0,-0.56271,0,0.00194372,0.0049497,0,0,0.00032722
7,1,0,-0.535814,0,-0.000964787,0.0181869,0,0,0.0011257
8,1,0,-0.56743,0,-0.00113305,0.025016,0,0,-0.00266624
9,1,0,-0.575645,0,-0.00224336,-0.000576555,0,0,0.000803759
10,1,0,-0.550812,0,0.010782,-0.00978671,0,0,-0.00575249
1,2,0,-0.247886,0,0.0018409,0.00377748,0,0,0.00251066
2,2,0,-0.360112,0,-0.00266417,-0.0106667,0,0,-0.00111419
3,2,0,-0.342069,0,-0.00558043,-0.00356685,0,0,0.000508445
4,2,0,-0.279177,0,0.0119803,-0.000308083,0,0,0.000806079
5,2,0,-0.36948,0,0.00414084,-0.00745818,0,0,0.00166772
6,2,0,-0.255689,0,-0.00234439,0.0123612,0,0,-0.00445998
7,2,0,-0.259432,0,-0.00429831,0.00518494,0,0,0.0050942
8,2,0,-0.24407,0,0.01531,-0.015589,0,0,0.00187247
9,2,0,-0.247755,0,-0.00160276,-0.000473052,0,0,0.00248537
10,2,0,-0.216399,0,-0.00538221,0.000258549,0,0,-0.000818036
1,3,0,0.308704,0,0.00595709,0.0149651,0,0,0.000666412
2,3,0,0.384988,0,0.0139177,0.00365437,0,0,0.00285739
3,3,0,0.324358,0,0.00365464,0.0155179,0,0,0.00177665
4,3,0,0.29989,0,0.0104456,-0.012499,0,0,0.00261748
5,3,0,0.357707,0,0.00527403,0.00568217,0,0,0.00719308
6,3,0,0.430596,0,0.0145772,0.00107569,0,0,0.00159505
7,3,0,0.293605,0,-0.00398659,-0.0161927,0,0,0.000906366
8,3,0,0.369276,0,0.0118439,-0.0099397,0,0,-0.00157441
9,3,0,0.341875,0,0.0143171,0.00408287,0,0,-0.000127455
10,3,0,0.298076,0,0.00184339,-0.00871499,0,0,0.00120903
1,4,0,-0.03551,0,0.0101366,0.00388662,0,0,0.0019742
2,4,0,0.0830807,0,-0.00261577,0.00644201,0,0,-0.000388544
3,4,0,-0.00663149,0,0.00549177,0.0213918,0,0,-0.00417626
4,4,0,-0.00220865,0,-0.00191754,0.0018323,0,0,-0.00463748
5,4,0,0.0285055,0,-0.00663516,0.0199876,0,0,-0.00200548
6,4,0,0.0220263,0,-0.00464701,0.0131862,0,0,0.00141887
7,4,0,0.0462359,0,0.00999039,0.000478636,0,0,0.00668005
8,4,0,-0.0460843,0,-0.0141711,-0.00120735,0,0,0.00111479
9,4,0,0.0505395,0,-0.00261068,0.0220709,0,0,-0.00497823
10,4,0,0.02027,0,-0.00608849,0.0110982,0,0,0.00273301
1,5,0,0.54517,0,0.00392188,0.0183589,0,0,0.00408516
2,5,0,0.486665,0,-0.00783317,0.0132803,0,0,-0.00492012
3,5,0,0.478761,0,-0.00903039,0.0136923,0,0,-0.0038889
4,5,0,0.488201,0,-0.00341407,-0.00140519,0,0,-0.000815904
5,5,0,0.494215,0,-0.00129087,0.00606993,0,0,0.00443993
6,5,0,0.505012,0,0.00852816,0.0169051,0,0,-0.004282
7,5,0,0.503136,0,-0.00980521,0.00716562,0,0,0.00161041
8,5,0,0.464336,0,-0.00585731,0.0166173,0,0,-0.00199621
9,5,0,0.484236,0,-0.0195581,-0.00192523,0,0,-0.0012815
10,5,0,0.524111,0,-0.00143783,0.0109247,0,0,-0.00031355
1,6,0,0.377937,0,-0.00315519,-0.00104026,0,0,0.00236123
2,6,0,0.378901,0,0.00445695,-0.00739125,0,0,0.00493523
3,6,0,0.365448,0,-0.0209934,0.020448,0,0,-0.00295491
4,6,0,0.454628,0,0.0156829,-0.0133865,0,0,2.98072e-05
5,6,0,0.330155,0,0.00589628,-0.001787,0,0,0.000709205
6,6,0,0.368191,0,-0.0156652,-0.000314855,0,0,0.00256439
7,6,0,0.42984,0,-0.0250614,0.0232027,0,0,-0.0012786
8,6,0,0.408158,0,0.00180806,-0.00489914,0,0,0.00159829
9,6,0,0.387908,0,-0.00782392,-0.00606602,0,0,-0.00391616
10,6,0,0.431072,0,-0.0085752,0.01177,0,0,-0.000494598
1,7,0,0.0357011,0,0.0107159,0.0222409,0,0,0.000730725
2,7,0,-0.00267826,0,-0.0140606,-0.00189781,0,0,-0.000929693
3,7,0,0.164757,0,0.00874349,0.0303301,0,0,0.00181363
4,7,0,0.0338487,0,0.0223203,-0.0329261,0,0,-0.00203835
5,7,0,0.0585651,0,0.0100694,-0.0220527,0,0,0.00194765
6,7,0,0.0825452,0,-0.00525607,0.00111913,0,0,0.0032137
7,7,0,0.0644684,0,-0.00364307,-0.0229462,0,0,0.00275253
8,7,0,0.0471063,0,-0.00797299,0.0145555,0,0,-0.0039598
9,7,0,0.0516941,0,0.0076996,0.0136937,0,0,-0.0046455
10,7,0,0.0889902,0,-0.00917622,-0.00486617,0,0,0.00112534
1,8,0,0.360729,0,-0.0167292,-0.02183,0,0,-0.00343221
2,8,0,0.351363,0,-0.00970182,0.0350286,0,0,0.0035018
3,8,0,0.387919,0,0.00310892,-0.0186224,0,0,-0.00860428
4,8,0,0.360994,0,0.00583907,-0.00266113,0,0,-0.00145761
5,8,0,0.371774,0,0.0194576,-0.00265212,0,0,0.00568353
6,8,0,0.332283,0,-0.00926821,0.00157819,0,0,0.00145985
7,8,0,0.381244,0,-0.00588942,-0.00190042,0,0,-0.000949535
8,8,0,0.318234,0,-0.00581131,0.00538623,0,0,-0.00103652
9,8,0,0.430634,0,0.00178842,0.00355919,0,0,-0.00027624
10,8,0,0.374692,0,0.00703979,-0.0021815,0,0,-0.00623811
1,9,0,0.202337,0,-0.00937162,-0.00767325,0,0,-0.00117909
2,9,0,0.240998,0,0.00313758,-0.00114482,0,0,-0.00241199
3,9,0,0.265117,0,-0.000781134,-0.0159371,0,0,0.000414977
4,9,0,0.311455,0,0.0146607,-0.00412891,0,0,-0.00326007
5,9,0,0.319408,0,0.00992113,-0.00614382,0,0,-0.00100183
6,9,0,0.277157,0,0.00761062,-0.0313596,0,0,-0.000686391
7,9,0,0.252347,0,-0.000803494,0.0189732,0,0,-0.000912609
8,9,0,0.217781,0,-0.000711968,-0.0179787,0,0,-0.00261198
9,9,0,0.274316,0,-0.00587866,-0.0106899,0,0,-0.000178506
10,9,0,0.289615,0,0.00579552,0.00464246,0,0,0.0014287
1,10,0,0.273379,0,-0.0132188,-8.87677e-05,0,0,0.00321367
2,10,0,0.263903,0,-0.00156783,0.00925989,0,0,0.00129402
3,10,0,0.339117,0,-0.0102767,-0.012126,0,0,0.000470062
4,10,0,0.301212,0,-0.00403561,0.00271004,0,0,0.00115929
5,10,0,0.334062,0,-0.00104841,-0.00151621,0,0,0.00151575
6,10,0,0.276679,0,-0.00879938,-0.0219791,0,0,-0.00257306
7,10,0,0.280284,0,-0.00906417,-0.0117858,0,0,-0.00119045
8,10,0,0.309161,0,-0.000501309,0.00267293,0,0,2.15811e-05
9,10,0,0.29023,0,-0.00211139,-0.0156809,0,0,-0.000255056
10,10,0,0.271209,0,-0.00801134,-0.00266792,0,0,-0.00049668
1,11,0,0.665308,0,0.0106226,-0.00384302,0,0,-0.00268831
2,11,0,0.651258,0,-0.000189326,0.0203723,0,0,-0.00117591
3,11,0,0.661987,0,-0.0145387,-0.00932053,0,0,0.00102096
4,11,0,0.679211,0,-0.000920717,-0.00699763,0,0,0.00592417
5,11,0,0.682852,0,0.00869517,0.008682,0,0,-0.000362085
6,11,0,0.621373,0,0.0140331,0.000370654,0,0,0.000183602
7,11,0,0.672438,0,0.00261133,0.00865574,0,0,0.00373353
8,11,0,0.605133,0,0.0076036,-0.00865011,0,0,0.00246235
9,11,0,0.747975,0,0.00498497,-0.000680218,0,0,0.0036455
10,11,0,0.616486,0,-0.00739385,0.00215504,0,0,-0.000737125
1,12,0,-0.21855,0,0.00375504,0.00631824,0,0,-0.00343992
2,12,0,-0.141977,0,-0.0186564,0.0148553,0,0,-0.00345896
3,12,0,-0.198495,0,-0.00947289,0.0164214,0,0,0.00297055
4,12,0,-0.195133,0,-0.0222385,-0.00323227,0,0,-0.000923842
5,12,0,-0.204658,0,-0.0142405,-0.00584106,0,0,-0.00145535
6,12,0,-0.181736,0,-0.00913838,0.0228884,0,0,-0.00104482
7,12,0,-0.151786,0,-0.00162497,0.00175426,0,0,1.12699e-05
8,12,0,-0.198798,0,0.00273881,-0.0022586,0,0,0.0029466
9,12,0,-0.216838,0,0.00254194,0.00160533,0,0,0.00327009
10,12,0,-0.15759,0,0.00597746,-0.00367996,0,0,-7.48731e-05
1,13,0,-0.21027,0,-0.0034917,0.00739227,0,0,0.00525429
2,13,0,-0.189779,0,0.00282798,-0.00566463,0,0,-0.00433927
3,13,0,-0.169118,0,0.006851,-0.00108717,0,0,-0.00362293
4,13,0,-0.157703,0,0.00384588,0.00388711,0,0,-0.000360658
5,13,0,-0.209113,0,-0.0105821,0.0117803,0,0,0.00129635
6,13,0,-0.205596,0,0.00523286,-0.00681371,0,0,-0.00156772
7,13,0,-0.149168,0,0.00775907,0.0132971,0,0,-7.52692e-05
8,13,0,-0.182403,0,0.00880482,0.00206198,0,0,0.00376244
9,13,0,-0.190596,0,0.0144829,0.0101368,0,0,-0.00151408
10,13,0,-0.260039,0,0.0107445,-0.00593462,0,0,-0.0045183
1,14,0,-0.0408454,0,0.0102705,-0.000675013,0,0,-0.00359332
2,14,0,-0.113464,0,-0.0116686,0.00425669,0,0,0.000277791
3,14,0,-0.158426,0,-0.00330491,-0.0163731,0,0,0.000603597
4,14,0,-0.110581,0,0.00894131,-0.00854409,0,0,0.00122788
5,14,0,-0.0236192,0,-0.00878596,0.00735734,0,0,-0.00061775
6,14,0,-0.0268483,0,0.0132379,0.0204754,0,0,-0.0034604
7,14,0,-0.061811,0,0.00624433,0.0130053,0,0,-0.00253606
8,14,0,-0.0781813,0,0.0121663,-0.00650579,0,0,-0.0025165
9,14,0,-0.0547958,0,0.0196195,0.00729542,0,0,-0.00103547
10,14,0,-0.054237,0,-0.00723502,-0.0111015,0,0,0.00499916
1,15,0,-0.0716984,0,0.00307465,0.0206599,0,0,-0.00325476
2,15,0,-0.0601492,0,0.00399519,0.007712,0,0,-0.00051934
3,15,0,-0.0824783,0,-4.17456e-05,0.0151838,0,0,-0.000220441
4,15,0,-0.0434166,0,0.00823222,-0.00906729,0,0,-0.000816898
5,15,0,0.0168095,0,-0.0171192,-0.0228758,0,0,-0.000760814
6,15,0,-0.0605229,0,-0.00026315,-0.0247157,0,0,-0.00456919
7,15,0,-0.064865,0,-0.0126835,-0.0309507,0,0,-0.00685817
8,15,0,-0.0621034,0,0.0074367,-0.00717361,0,0,-0.00454828
9,15,0,-0.0837714,0,-0.00724685,-0.0193869,0,0,-0.00417473
10,15,0,-0.0402231,0,-0.00268163,0.0107497,0,0,-0.00138093
1,16,0,-0.123504,0,-0.00430215,-0.011668,0,0,-0.000316922
2,16,0,-0.0843297,0,-0.000446747,-0.00253328,0,0,0.000416527
3,16,0,-0.128861,0,0.00270446,-0.00410829,0,0,0.00207113
4,16,0,-0.190671,0,7.10757e-05,-0.0196673,0,0,0.00271847
5,16,0,-0.111528,0,-0.0082349,0.0179901,0,0,0.00467111
6,16,0,-0.141325,0,-4.11584e-05,-0.00590449,0,0,0.00104019
7,16,0,-0.102242,0,-0.00526987,0.0138403,0,0,0.0022639
8,16,0,-0.101444,0,-0.00689498,-0.0180247,0,0,-0.00119561
9,16,0,-0.144516,0,0.0134703,-0.0108633,0,0,-0.000923586
10,16,0,-0.18647,0,0.00289519,0.00957939,0,0,0.00432948
1,17,0,-0.274837,0,-0.0088169,-0.00189883,0,0,-0.00178319
2,17,0,-0.320511,0,-0.0165145,0.00638184,0,0,-0.00296984
3,17,0,-0.32151,0,0.00124984,-0.0231004,0,0,0.000632476
4,17,0,-0.343903,0,-0.00406947,-0.0060918,0,0,-0.00243623
5,17,0,-0.299906,0,0.0117596,-0.00899695,0,0,-0.000411424
6,17,0,-0.330946,0,-0.010982,-0.0143568,0,0,-0.00284602
7,17,0,-0.323318,0,0.00423652,0.00669846,0,0,0.00138837
8,17,0,-0.331047,0,-0.0034867,-0.023201,0,0,0.00244107
9,17,0,-0.367878,0,-0.0153501,0.0154856,0,0,0.00140651
10,17,0,-0.320278,0,0.00624225,0.0191605,0,0,0.00261948
1,18,0,-0.0884826,0,0.0132993,0.0119148,0,0,-0.000569024
2,18,0,-0.086903,0,-0.0122972,0.0127015,0,0,-0.000277948
3,18,0,-0.0766836,0,0.0142403,0.0240174,0,0,0.00304783
4,18,0,-0.117986,0,-0.0149305,0.00891074,0,0,-0.00107073
5,18,0,-0.100382,0,0.0121548,0.022812,0,0,0.00301858
6,18,0,-0.0933432,0,0.00461234,0.023112,0,0,-0.00303327
7,18,0,-0.0829563,0,-0.00614867,0.00185246,0,0,-0.00310953
8,18,0,-0.126892,0,-0.00826114,0.014235,0,0,-0.000820617
9,18,0,-0.152712,0,0.000819332,-0.0175016,0,0,-0.00469885
10,18,0,-0.116188,0,-0.00859583,0.0125394,0,0,0.0024362
1,19,0,0.305011,0,-0.0100566,-0.0151947,0,0,0.00241525
2,19,0,0.310184,0,-0.00406918,-0.00396619,0,0,0.00358259
3,19,0,0.334883,0,-0.015041,-0.000389336,0,0,0.00222115
4,19,0,0.303487,0,-0.000464154,0.0163561,0,0,0.000902445
5,19,0,0.337898,0,-0.00488094,0.01671,0,0,-0.00146367
6,19,0,0.345258,0,0.0123479,-0.00937955,0,0,0.000728201
7,19,0,0.299161,0,0.00228462,-0.0051698,0,0,0.000711988
8,19,0,0.302273,0,-0.00853153,-0.00305886,0,0,0.00420149
9,19,0,0.296052,0,-0.00299077,-0.0112176,0,0,0.0026319
10,19,0,0.326368,0,-0.00487698,0.00109528,0,0,0.004885
1,20,0,-0.295992,0,0.00757327,-0.00257144,0,0,0.00192317
2,20,0,-0.413154,0,0.00331286,-0.011667,0,0,-0.000512413
3,20,0,-0.377951,0,0.00324579,0.0189034,0,0,-0.00286512
4,20,0,-0.347857,0,0.0190269,0.0178344,0,0,0.00137129
5,20,0,-0.296411,0,0.00311981,0.0102337,0,0,-0.000852232
6,20,0,-0.367608,0,-0.00558474,0.0166375,0,0,-0.00173386
7,20,0,-0.279868,0,0.00109593,0.00547534,0,0,-0.00337804
8,20,0,-0.286383,0,0.0174903,-0.0106501,0,0,-0.00181143
9,20,0,-0.276156,0,0.00374011,0.0272078,0,0,0.000512115
10,20,0,-0.303616,0,-0.000913174,0.0120288,0,0,0.00198718
1,21,0,0.100509,0,0.0176251,-0.0138146,0,0,0.00353209
2,21,0,0.109414,0,-0.00683059,0.00977116,0,0,-0.00109372
3,21,0,0.126835,0,0.00859076,0.00206537,0,0,0.00308447
4,21,0,0.0559824,0,-0.00585478,-0.00939286,0,0,-0.00337635
5,21,0,0.0894042,0,0.00728579,0.00207349,0,0,0.000905744
6,21,0,0.104051,0,0.000662263,-0.00445257,0,0,0.00215737
7,21,0,0.0725822,0,-0.0129632,-0.00347355,0,0,-0.000794486
8,21,0,0.121074,0,-0.0104455,-0.0158209,0,0,-0.000455386
9,21,0,0.128083,0,0.00268519,0.00987087,0,0,-0.000510556
10,21,0,0.131278,0,0.0120103,0.0024602,0,0,0.00181746
1,22,0,-0.376285,0,-0.008108,-0.0124966,0,0,-0.000352034
2,22,0,-0.444327,0,-0.000516234,0.0119729,0,0,-0.00279169
3,22,0,-0.385692,0,-0.000518459,0.00872395,0,0,-0.00206237
4,22,0,-0.438379,0,-0.00406098,0.000291805,0,0,-0.00200174
5,22,0,-0.37469,0,0.000761413,0.00266146,0,0,-0.00199523
6,22,0,-0.373641,0,0.0138915,-0.023159,0,0,-0.00406299
7,22,0,-0.408931,0,-0.00848535,-0.01089,0,0,0.00472525
8,22,0,-0.405908,0,0.00382491,0.00213469,0,0,0.00261954
9,22,0,-0.391866,0,-0.0195636,-0.0140556,0,0,0.00291873
10,22,0,-0.369649,0,0.000569817,-0.00679524,0,0,-0.000340693
1,23,0,0.541226,0,-0.0130848,-0.0137226,0,0,-0.00189289
2,23,0,0.579276,0,-0.000935708,0.0140527,0,0,-0.00175472
3,23,0,0.581012,0,-0.0109155,-0.0125915,0,0,0.00329751
4,23,0,0.557697,0,-0.0198411,0.0129933,0,0,-0.00435831
5,23,0,0.631164,0,0.00517522,0.0159496,0,0,0.00106705
6,23,0,0.590385,0,0.000883138,-0.00150521,0,0,0.00018949
7,23,0,0.541112,0,0.0182783,-0.0118943,0,0,-0.00744424
8,23,0,0.575391,0,-0.00804104,-0.0214127,0,0,-0.00751595
9,23,0,0.59357,0,-0.0138952,-5.85375e-05,0,0,0.000731739
10,23,0,0.583018,0,0.00500069,-0.0282275,0,0,-0.000805475
1,24,0,0.0832916,0,-0.0198422,0.0116176,0,0,-0.000245924
2,24,0,0.132153,0,-0.0105889,-0.017393,0,0,0.00187236
3,24,0,0.0844794,0,0.0200699,0.0139964,0,0,0.00171171
4,24,0,0.0741729,0,-0.00146188,-0.00918187,0,0,0.000801313
5,24,0,0.0943997,0,-0.000931546,-0.00645058,0,0,-0.00275447
6,24,0,0.106636,0,0.0232953,-0.0245002,0,0,-0.00108636
7,24,0,0.0980379,0,0.00456317,0.000366421,0,0,-0.000697276
8,24,0,0.0696948,0,0.00829766,0.0172224,0,0,-0.000667187
9,24,0,0.0461843,0,-0.00925536,-0.00899862,0,0,0.0012006
10,24,0,0.0874724,0,-0.0111852,0.00947128,0,0,-0.00319478
1,25,0,-0.0318198,0,-0.00168182,-0.0124989,0,0,0.00133574
2,25,0,-0.0779061,0,-0.00182469,0.0369096,0,0,0.00213869
3,25,0,-0.11119,0,-0.00658994,0.0010887,0,0,-0.0040971
4,25,0,-0.130216,0,0.00154241,0.0172304,0,0,0.00145992
5,25,0,-0.156726,0,0.000494762,0.0012087,0,0,-0.0017594
6,25,0,-0.151945,0,-0.00730614,0.0159487,0,0,0.00040093
7,25,0,-0.069192,0,-0.00422697,0.0158002,0,0,-0.000224879
8,25,0,-0.0965267,0,0.0069486,-0.00091284,0,0,-0.00373552
9,25,0,-0.0681972,0,0.00546646,0.00823002,0,0,0.000470905
10,25,0,-0.0667056,0,0.0111217,0.00163332,0,0,-0.00429803
1,26,0,-0.293482,0,-0.00697055,-0.00732088,0,0,-0.00133572
2,26,0,-0.200907,0,0.0055323,-0.000867031,0,0,0.000453213
3,26,0,-0.231754,0,-0.0164541,0.0105894,0,0,-0.00139442
4,26,0,-0.259936,0,0.00364413,0.00371262,0,0,0.00370132
5,26,0,-0.217796,0,-0.00513794,-0.00656245,0,0,-0.000707193
6,26,0,-0.175157,0,-0.00857347,0.0085822,0,0,0.00191053
7,26,0,-0.250851,0,0.00301386,-0.00177846,0,0,0.000126275
8,26,0,-0.198463,0,-0.00321887,0.0043666,0,0,0.00154113
9,26,0,-0.242429,0,-0.00361226,-0.00565518,0,0,-0.00119446
10,26,0,-0.194303,0,0.00307127,-0.0112061,0,0,0.00168087
1,27,0,-0.140139,0,0.0180913,-0.00539903,0,0,0.00315032
2,27,0,-0.134335,0,0.00452963,-0.00920138,0,0,0.00287686
3,27,0,-0.186527,0,0.0127196,0.00881151,0,0,-0.00160021
4,27,0,-0.0649006,0,0.0111717,-0.0290894,0,0,0.00221785
5,27,0,-0.145113,0,0.000763323,-0.00551127,0,0,-0.0055283
6,27,0,-0.15307,0,0.0075383,-0.00656726,0,0,0.000363752
7,27,0,-0.135457,0,0.0100572,0.0129413,0,0,0.00114566
8,27,0,-0.138105,0,0.0132319,-0.00272121,0,0,-0.00592303
9,27,0,-0.194879,0,-0.00105001,-0.00847203,0,0,0.000689811
10,27,0,-0.16188,0,-0.00595421,-0.0155936,0,0,-0.00267966
1,28,0,0.390113,0,-0.00870446,-0.00246249,0,0,-0.000813228
2,28,0,0.321151,0,0.00868793,0.00892525,0,0,0.00326005
3,28,0,0.314951,0,0.0231123,-0.00556029,0,0,-0.000796878
4,28,0,0.348064,0,0.0200055,0.00570946,0,0,0.00453329
5,28,0,0.286391,0,0.0148124,-0.00163557,0,0,0.00114438
6,28,0,0.364652,0,0.0134846,-0.014781,0,0,0.000775321
7,28,0,0.300997,0,0.00518156,-0.00296105,0,0,0.00146869
8,28,0,0.316797,0,0.022074,0.0196882,0,0,0.00693649
9,28,0,0.305869,0,0.0190787,-0.00802862,0,0,0.000571846
10,28,0,0.322614,0,0.0298531,-0.00804074,0,0,-0.000905364
1,29,0,-0.119159,0,-0.00907625,-0.00179575,0,0,0.00421309
2,29,0,-0.0369345,0,-0.00291264,0.00842443,0,0,0.000186893
3,29,0,-0.0703025,0,0.00664015,0.00208987,0,0,0.00407536
4,29,0,-0.0855831,0,0.0127473,0.00730205,0,0,-0.00243343
5,29,0,-0.135413,0,0.0215916,-0.0133176,0,0,-0.0042753
6,29,0,-0.0868077,0,0.00843646,0.020413,0,0,-0.000579994
7,29,0,-0.0926506,0,-0.00782727,0.00506328,0,0,-0.00245326
8,29,0,-0.117766,0,0.00195048,0.00686661,0,0,-0.00227615
9,29,0,-0.0867498,0,-0.0054401,-0.00318179,0,0,-0.00104579
10,29,0,-0.102403,0,-0.0115295,0.00481301,0,0,-0.00277638
1,30,0,0.485075,0,0.0245929,-0.00139438,0,0,8.4149e-06
2,30,0,0.51098,0,0.00666088,0.00240827,0,0,0.00214301
3,30,0,0.473891,0,-0.0049228,-0.00702475,0,0,0.0018149
4,30,0,0.458578,0,-0.00206149,0.00679157,0,0,0.00134635
5,30,0,0.448146,0,0.0057169,-0.0254159,0,0,0.00205825
6,30,0,0.418142,0,0.00410231,-0.00982315,0,0,0.00235903
7,30,0,0.432812,0,0.00365771,-0.0188114,0,0,0.001661
8,30,0,0.481815,0,-0.00908014,0.00324857,0,0,0.00125006
9,30,0,0.491224,0,0.0156253,-0.00187094,0,0,0.00369094
10,30,0,0.464991,0,-0.00963158,0.00692862,0,0,-0.000105619
1,31,0,0.112868,0,0.00558454,0.0152935,0,0,-0.000874261
2,31,0,0.123586,0,0.0105052,-0.0273311,0,0,-0.00385103
3,31,0,0.102868,0,-0.00260023,0.0096141,0,0,-0.00139067
4,31,0,0.160803,0,0.0210535,-0.00732209,0,0,0.000272913
5,31,0,0.21554,0,0.00637106,-0.0235156,0,0,-0.00238042
6,31,0,0.14252,0,0.00695103,-4.63111e-05,0,0,-0.00249987
7,31,0,0.207967,0,0.0260189,-0.000628069,0,0,-0.00309001
8,31,0,0.145192,0,0.0130579,0.0110704,0,0,-0.00171468
9,31,0,0.143029,0,0.015207,0.0107915,0,0,-0.00291425
10,31,0,0.186016,0,5.39534e-05,-0.00239998,0,0,-0.00122497
1,32,0,-0.803821,0,0.00240909,-0.0102126,0,0,-0.00224254
2,32,0,-0.745262,0,-0.0127686,-0.0037434,0,0,-0.00122461
3,32,0,-0.833783,0,-0.00790238,-0.00483782,0,0,0.00257462
4,32,0,-0.819624,0,-0.000215463,0.00682514,0,0,0.00039012
5,32,0,-0.732053,0,-0.0066624,0.00197256,0,0,0.00302256
6,32,0,-0.807241,0,0.00540071,0.00924698,0,0,0.00179569
7,32,0,-0.734609,0,0.0119878,0.00166217,0,0,-0.00301434
8,32,0,-0.749236,0,-0.00255711,-0.000112668,0,0,-0.000696451
9,32,0,-0.76843,0,0.000917974,0.0110336,0,0,0.00295363
10,32,0,-0.728981,0,0.0203785,0.000228325,0,0,0.00364323
1,33,0,0.0923581,0,0.00116538,-0.00207913,0,0,-0.00429142
2,33,0,0.0576513,0,0.00476511,-0.0109269,0,0,0.000214923
3,33,0,0.0842894,0,-0.011675,0.0217069,0,0,-0.00460719
4,33,0,0.0709131,0,-0.0026571,0.0160989,0,0,-0.00150627
5,33,0,0.138207,0,0.0120569,0.00746878,0,0,-0.00166072
6,33,0,0.156312,0,0.0172649,0.000294285,0,0,-0.00064255
7,33,0,0.112568,0,0.00878186,-0.0137867,0,0,-0.00103419
8,33,0,0.133714,0,0.00117271,0.0125862,0,0,-0.00316768
9,33,0,0.112918,0,0.0143389,-0.0136186,0,0,-0.000685659
10,33,0,0.124253,0,-0.0167377,0.00198619,0,0,-0.00163319
1,34,0,0.339457,0,-0.00178112,0.0130874,0,0,0.000105596
2,34,0,0.332841,0,-0.00578832,0.00726883,0,0,-0.00108181
3,34,0,0.303404,0,-0.0107455,0.0247888,0,0,-0.00216185
4,34,0,0.321322,0,-0.000391691,0.0167359,0,0,-0.00248998
5,34,0,0.325861,0,-0.0104275,0.00536984,0,0,-0.000558747
6,34,0,0.357557,0,0.00560646,0.0103851,0,0,-0.000348078
7,34,0,0.313433,0,-0.00921885,0.0120214,0,0,-0.00496415
8,34,0,0.263164,0,-0.0123549,-0.00345026,0,0,-0.00303161
9,34,0,0.292101,0,-0.00570585,0.0163147,0,0,-0.00310956
10,34,0,0.315508,0,0.00792241,0.00462847,0,0,-0.000732767
1,35,0,-0.357122,0,0.00315174,-0.00317864,0,0,-0.000146075
2,35,0,-0.37342,0,0.00580549,0.00169699,0,0,0.0022221
3,35,0,-0.335839,0,-0.00144023,0.0213942,0,0,0.0022505
4,35,0,-0.370038,0,-0.0100101,0.00824161,0,0,0.000354122
5,35,0,-0.420474,0,-0.0177203,-0.0168133,0,0,-0.00204818
6,35,0,-0.336887,0,0.00495194,-0.0146304,0,0,-0.00101115
7,35,0,-0.313729,0,0.0115913,-0.00903231,0,0,0.000872837
8,35,0,-0.306246,0,0.0155569,-0.0124832,0,0,0.000486547
9,35,0,-0.37345,0,-0.00362524,-0.0075412,0,0,-0.00304864
10,35,0,-0.383226,0,0.00646359,0.0084829,0,0,2.69768e-05
1,36,0,-0.462438,0,0.00433057,-0.0212798,0,0,0.00155067
2,36,0,-0.423598,0,-0.0108171,0.0120342,0,0,0.00338529
3,36,0,-0.542857,0,0.0102192,-0.00058301,0,0,0.0021779
4,36,0,-0.460859,0,0.00905428,-0.00379801,0,0,0.00148101
5,36,0,-0.499858,0,-0.0100692,-0.00732331,0,0,0.00207314
6,36,0,-0.462538,0,-0.00959691,-0.011486,0,0,0.00310313
7,36,0,-0.510861,0,-0.0074085,0.00268291,0,0,0.00551772
8,36,0,-0.494872,0,0.0036098,0.0089126,0,0,0.000868204
9,36,0,-0.503079,0,-0.00105965,-0.0132065,0,0,0.00360227
10,36,0,-0.519387,0,0.000885237,-0.0038348,0,0,0.00620617
1,37,0,-0.250631,0,-0.0171349,-0.00426746,0,0,-0.00347439
2,37,0,-0.226849,0,0.00643168,-0.000983607,0,0,-0.00181812
3,37,0,-0.205782,0,0.0071581,0.0158747,0,0,8.56283e-05
4,37,0,-0.182962,0,0.00625743,0.0187418,0,0,-0.00315551
5,37,0,-0.221663,0,-0.00840453,0.0104744,0,0,-0.00185602
6,37,0,-0.251835,0,-0.00293056,0.0153464,0,0,-0.000138828
7,37,0,-0.195528,0,-0.00378447,0.0145835,0,0,-0.000993285
8,37,0,-0.24976,0,-0.00159122,-0.0104481,0,0,-0.00196642
9,37,0,-0.205608,0,0.00176261,0.000447298,0,0,-0.00209046
10,37,0,-0.217992,0,0.0071582,-0.00322985,0,0,0.000124366
1,38,0,-0.313585,0,-0.00100219,0.0134555,0,0,-0.00143751
2,38,0,-0.323481,0,0.0228727,0.00412938,0,0,-0.0030025
3,38,0,-0.315302,0,-0.00551173,0.0114568,0,0,-0.00120182
4,38,0,-0.173785,0,-0.0105532,-0.0131077,0,0,-0.00378267
5,38,0,-0.271813,0,-0.00640406,-0.0163814,0,0,-0.00368575
6,38,0,-0.242973,0,-0.0012789,-0.00723507,0,0,-0.00306406
7,38,0,-0.351828,0,-0.0106975,-0.0204586,0,0,-0.00287476
8,38,0,-0.314105,0,-0.017364,-0.00407696,0,0,-0.000435402
9,38,0,-0.22704,0,0.00449533,0.0119654,0,0,-0.00315879
10,38,0,-0.369701,0,-0.0103633,0.00303247,0,0,-0.00590662
1,39,0,-0.143723,0,0.00577065,0.00615973,0,0,0.000533509
2,39,0,-0.112168,0,0.00360795,-0.009366,0,0,-0.000139888
3,39,0,-0.167519,0,-0.000371966,-0.00592495,0,0,0.000875663
4,39,0,-0.1794,0,-0.00265723,-0.00744097,0,0,-0.000842801
5,39,0,-0.231464,0,0.00444142,-0.0141982,0,0,0.00266943
6,39,0,-0.207962,0,0.0169652,-0.0113554,0,0,0.00141409
7,39,0,-0.165279,0,0.000767658,-0.0118503,0,0,0.000483446
8,39,0,-0.208722,0,0.0146658,0.001033,0,0,-0.00232799
9,39,0,-0.126137,0,0.000432661,0.00293671,0,0,0.000719451
10,39,0,-0.190268,0,0.00578392,-0.00697005,0,0,0.000179645
1,40,0,0.396207,0,0.00749853,-0.00968386,0,0,-0.000465695
2,40,0,0.408783,0,-0.00393061,-0.00100058,0,0,-0.00512977
3,40,0,0.435089,0,0.00840349,0.00845207,0,0,-0.0012888
4,40,0,0.400623,0,0.00869794,-0.0139007,0,0,-0.000452651
5,40,0,0.414655,0,0.00492833,-0.014212,0,0,0.00126863
6,40,0,0.402459,0,0.0129569,0.0049334,0,0,-0.00440506
7,40,0,0.486121,0,0.00018549,-0.00666159,0,0,-0.000741501
8,40,0,0.463155,0,-0.00525029,0.0180263,0,0,-0.00201923
9,40,0,0.486586,0,0.00973901,0.0116533,0,0,0.000448282
10,40,0,0.467282,0,-0.00267629,0.00565797,0,0,-0.00152444
1,41,0,0.12122,0,-0.0135296,0.00843589,0,0,0.00273234
2,41,0,0.112756,0,0.00882402,-0.00506021,0,0,-0.00133097
3,41,0,0.0612645,0,-0.00564267,0.0245642,0,0,-0.000664643
4,41,0,0.0739483,0,0.00617474,0.0102757,0,0,-0.00092909
5,41,0,0.0794622,0,0.00263331,0.00773945,0,0,0.00174513
6,41,0,0.125098,0,-0.0277144,0.0250298,0,0,-0.00148833
7,41,0,0.0577,0,-0.0095449,0.00568544,0,0,-0.00238288
8,41,0,0.0622542,0,0.0007756,0.0194555,0,0,-0.00201756
9,41,0,0.0654681,0,-0.00520125,0.0128644,0,0,0.000968218
10,41,0,0.0582204,0,0.0293422,0.0381243,0,0,0.00131641
1,42,0,0.107711,0,-0.015657,-0.0098151,0,0,0.00199534
2,42,0,0.142702,0,0.0232785,-0.0062055,0,0,-0.00187932
3,42,0,0.101826,0,0.0117525,-0.0130655,0,0,0.00304882
4,42,0,0.110873,0,0.00176014,0.0156919,0,0,0.00139874
5,42,0,0.0923912,0,-0.0013968,-0.00143467,0,0,0.00388877
6,42,0,0.146446,0,0.00154838,0.00957754,0,0,-0.00108964
7,42,0,0.11085,0,-0.0161432,-0.019546,0,0,-0.000360113
8,42,0,0.0434503,0,-0.00225997,-0.009668,0,0,0.00348182
9,42,0,0.0423256,0,0.00209905,-0.00676841,0,0,0.0026237
10,42,0,0.111969,0,0.00558889,0.0180413,0,0,0.0042433
1,43,0,-0.178165,0,-0.00388091,0.00407516,0,0,-0.000811627
2,43,0,-0.229698,0,-0.0168753,0.00252597,0,0,-0.00138475
3,43,0,-0.184257,0,0.00775945,0.0219784,0,0,0.00232485
4,43,0,-0.271789,0,0.00576465,-0.000428056,0,0,-4.17369e-05
5,43,0,-0.285963,0,0.00372576,-0.00551243,0,0,-0.00169564
6,43,0,-0.229743,0,0.00718721,-0.00239859,0,0,0.000178342
7,43,0,-0.231438,0,-0.0023661,0.00231051,0,0,-0.00148249
8,43,0,-0.223989,0,0.0149534,0.00540846,0,0,-0.00107779
9,43,0,-0.209829,0,0.00687099,0.0155706,0,0,-0.000526378
10,43,0,-0.224379,0,-0.00881836,-0.00893026,0,0,-0.000713122
1,44,0,0.177997,0,0.0201806,-0.0331337,0,0,0.00330333
2,44,0,0.140731,0,0.00117277,-0.00630395,0,0,0.00328935
3,44,0,0.101692,0,-0.023175,-0.0158246,0,0,0.00289037
4,44,0,0.13034,0,0.00991351,-0.0127215,0,0,0.00136538
5,44,0,0.162055,0,0.00651177,-0.0206822,0,0,0.00468535
6,44,0,0.0869535,0,-0.00706247,-0.0141972,0,0,0.00342746
7,44,0,0.0816744,0,0.00147039,-0.0176133,0,0,-0.000533622
8,44,0,0.158437,0,0.0131619,-0.00466585,0,0,0.00302321
9,44,0,0.174073,0,3.54605e-05,-0.0129163,0,0,0.00178353
10,44,0,0.169013,0,0.00109964,-0.0185905,0,0,-0.000563008
1,45,0,-0.354706,0,0.00411458,-0.0183289,0,0,-0.00122967
2,45,0,-0.369975,0,-0.0119523,0.000472579,0,0,-0.00263313
3,45,0,-0.329307,0,0.00214907,0.00565233,0,0,-0.00100812
4,45,0,-0.334817,0,-1.93259e-06,-0.0138515,0,0,-0.00245503
5,45,0,-0.333206,0,-0.0124656,-0.0043462,0,0,-0.00145679
6,45,0,-0.354318,0,0.00284265,0.0175287,0,0,0.00280939
7,45,0,-0.352797,0,-0.00727736,-0.0124982,0,0,-0.00471594
8,45,0,-0.34108,0,-0.0158091,-0.00432726,0,0,-0.00274386
9,45,0,-0.395583,0,-0.00671437,0.0103331,0,0,-0.00352591
10,45,0,-0.407084,0,0.0115749,0.0131799,0,0,0.0015543
