rep,id,eta_V,eta_Cl
1,1,0.765647,-0.61557
2,1,0.734046,-0.612522
3,1,0.776034,-0.677965
4,1,0.795499,-0.682581
5,1,0.757897,-0.579185
6,1,0.787178,-0.640377
7,1,0.774574,-0.663557
8,1,0.779268,-0.643645
9,1,0.694779,-0.58028
10,1,0.759105,-0.64669
1,2,0.613107,-0.0745543
2,2,0.660242,-0.0648321
3,2,0.627956,-0.0753709
4,2,0.657295,-0.0529368
5,2,0.598609,-0.0550404
6,2,0.592923,-0.0779105
7,2,0.61365,-0.0532582
8,2,0.624757,-0.0342733
9,2,0.619102,-0.0433949
10,2,0.626027,-0.0504306
1,3,-0.50082,0.00509095
2,3,-0.504132,0.00158208
3,3,-0.510943,-0.0027112
4,3,-0.442062,0.0374487
5,3,-0.467533,0.025176
6,3,-0.524498,-0.0178265
7,3,-0.455808,0.0350412
8,3,-0.505925,0.00481552
9,3,-0.488845,0.0175585
10,3,-0.485713,0.018717
1,4,0.216319,0.172852
2,4,0.161676,0.141981
3,4,0.184072,0.15577
4,4,0.142029,0.137435
5,4,0.23948,0.180348
6,4,0.152432,0.127471
7,4,0.176689,0.135907
8,4,0.219576,0.159241
9,4,0.164557,0.145359
10,4,0.20357,0.167902
1,5,0.0497647,-0.579242
2,5,0.0880699,-0.594235
3,5,0.0717419,-0.576247
4,5,0.129662,-0.546379
5,5,0.0621184,-0.582628
6,5,0.0585036,-0.570172
7,5,0.0549507,-0.56026
8,5,0.0748655,-0.560358
9,5,0.0658715,-0.56636
10,5,0.115605,-0.576565
1,6,-0.163019,0.314503
2,6,-0.173095,0.311363
3,6,-0.144877,0.323714
4,6,-0.142165,0.337381
5,6,-0.170297,0.306873
6,6,-0.190024,0.300207
7,6,-0.141843,0.330971
8,6,-0.218611,0.285908
9,6,-0.175303,0.316023
10,6,-0.175883,0.310238
1,7,-0.384131,0.441142
2,7,-0.357691,0.461308
3,7,-0.338737,0.475034
4,7,-0.359578,0.467978
5,7,-0.348448,0.459105
6,7,-0.358739,0.456297
7,7,-0.356262,0.464804
8,7,-0.364883,0.456197
9,7,-0.364507,0.460594
10,7,-0.346014,0.475276
1,8,0.204323,0.551468
2,8,0.223208,0.57074
3,8,0.254629,0.590112
4,8,0.245431,0.576737
5,8,0.240167,0.57843
6,8,0.270865,0.596279
7,8,0.23283,0.583163
8,8,0.228874,0.567374
9,8,0.223778,0.562217
10,8,0.26445,0.592892
1,9,0.023147,-0.0788754
2,9,0.0323965,-0.072946
3,9,0.000985084,-0.067618
4,9,0.0151905,-0.0607596
5,9,0.0562374,-0.0631576
6,9,0.0391874,-0.0575919
7,9,0.0152959,-0.0752385
8,9,-0.0119271,-0.0901103
9,9,-0.00303445,-0.0705825
10,9,0.0395606,-0.0670448
1,10,0.158567,-0.153627
2,10,0.162148,-0.15445
3,10,0.132468,-0.179458
4,10,0.132344,-0.178357
5,10,0.122726,-0.192329
6,10,0.118084,-0.158331
7,10,0.116255,-0.178377
8,10,0.13215,-0.154978
9,10,0.16359,-0.173826
10,10,0.159794,-0.166532
1,11,-0.317685,-0.475045
2,11,-0.342127,-0.463085
3,11,-0.370027,-0.486293
4,11,-0.305396,-0.457877
5,11,-0.325559,-0.462408
6,11,-0.349946,-0.446449
7,11,-0.348363,-0.473781
8,11,-0.372413,-0.466082
9,11,-0.358363,-0.463321
10,11,-0.339326,-0.477776
1,12,-0.107695,0.401854
2,12,-0.118349,0.392613
3,12,-0.13174,0.392006
4,12,-0.138384,0.390876
5,12,-0.0941283,0.419172
6,12,-0.0966816,0.417461
7,12,-0.135208,0.387625
8,12,-0.117891,0.399964
9,12,-0.126427,0.397556
10,12,-0.103446,0.409493
1,13,-0.109215,-0.515144
2,13,-0.115396,-0.515068
3,13,-0.108829,-0.507154
4,13,-0.0504679,-0.540178
5,13,-0.0734813,-0.525649
6,13,-0.077767,-0.529648
7,13,-0.102431,-0.525893
8,13,-0.0593233,-0.548239
9,13,-0.0351965,-0.505205
10,13,-0.0720763,-0.541181
1,14,0.124945,-0.318418
2,14,0.074577,-0.332374
3,14,0.123186,-0.318379
4,14,0.100931,-0.347874
5,14,0.0577206,-0.348743
6,14,0.0951581,-0.339168
7,14,0.101774,-0.345848
8,14,0.0941941,-0.347347
9,14,0.125643,-0.328712
10,14,0.0386355,-0.334854
1,15,0.147611,0.149158
2,15,0.186826,0.168596
3,15,0.148823,0.154171
4,15,0.214275,0.19818
5,15,0.205437,0.181859
6,15,0.192957,0.169836
7,15,0.184873,0.163707
8,15,0.152466,0.171708
9,15,0.203967,0.183575
10,15,0.194312,0.187616
1,16,0.508512,-0.0644944
2,16,0.506402,-0.0829243
3,16,0.494994,-0.0876977
4,16,0.528827,-0.0978252
5,16,0.491501,-0.0835309
6,16,0.510027,-0.100098
7,16,0.528059,-0.0555752
8,16,0.508458,-0.0892849
9,16,0.555003,-0.0577374
10,16,0.493638,-0.051096
1,17,-0.483387,0.0232295
2,17,-0.529944,-0.0230513
3,17,-0.487265,0.0116064
4,17,-0.47873,0.0283079
5,17,-0.5094,0.000134333
6,17,-0.504848,-0.00586524
7,17,-0.541284,-0.0181817
8,17,-0.507709,-0.00161331
9,17,-0.506632,-0.0032756
10,17,-0.548555,-0.0269806
1,18,0.208968,0.173378
2,18,0.166821,0.155503
3,18,0.181038,0.155181
4,18,0.144898,0.14377
5,18,0.141034,0.134383
6,18,0.167742,0.155497
7,18,0.214897,0.176234
8,18,0.180669,0.150177
9,18,0.150384,0.161966
10,18,0.172465,0.139286
1,19,0.156505,-0.570813
2,19,0.145626,-0.581997
3,19,0.166868,-0.557392
4,19,0.170287,-0.585988
5,19,0.172226,-0.582407
6,19,0.126249,-0.594988
7,19,0.140456,-0.565843
8,19,0.122086,-0.595423
9,19,0.0985391,-0.574598
10,19,0.156467,-0.616614
1,20,-0.144909,0.320457
2,20,-0.108628,0.346997
3,20,-0.175489,0.300619
4,20,-0.15748,0.304845
5,20,-0.142391,0.320721
6,20,-0.186138,0.295329
7,20,-0.130904,0.330278
8,20,-0.150752,0.32206
9,20,-0.146659,0.317056
10,20,-0.1621,0.316046
1,21,-0.367118,0.456253
2,21,-0.372369,0.450547
3,21,-0.321468,0.489699
4,21,-0.328172,0.486253
5,21,-0.308205,0.500848
6,21,-0.312473,0.497395
7,21,-0.312708,0.501502
8,21,-0.328616,0.483633
9,21,-0.365569,0.464641
10,21,-0.345338,0.476835
1,22,0.227325,0.569478
2,22,0.215175,0.562169
3,22,0.234694,0.565538
4,22,0.214336,0.550045
5,22,0.234381,0.56505
6,22,0.238981,0.575082
7,22,0.21736,0.572547
8,22,0.207782,0.552602
9,22,0.260715,0.5848
10,22,0.204032,0.545699
1,23,0.0458761,-0.0768817
2,23,0.0721127,-0.0605466
3,23,0.0846302,-0.0448596
4,23,0.0342611,-0.0811442
5,23,0.0590656,-0.0583434
6,23,0.0172503,-0.095076
7,23,0.0622597,-0.0511234
8,23,0.0461121,-0.0592385
9,23,0.0495766,-0.0731259
10,23,0.054657,-0.0621332
1,24,0.210844,-0.116752
2,24,0.235678,-0.123086
3,24,0.207176,-0.135537
4,24,0.148931,-0.14954
5,24,0.18161,-0.121879
6,24,0.186888,-0.129565
7,24,0.166801,-0.128658
8,24,0.191815,-0.132857
9,24,0.181814,-0.138814
10,24,0.1746,-0.142248
1,25,-0.334812,-0.461954
2,25,-0.337183,-0.451127
3,25,-0.303038,-0.420725
4,25,-0.294179,-0.444142
5,25,-0.366106,-0.472171
6,25,-0.345115,-0.451834
7,25,-0.376731,-0.461421
8,25,-0.399326,-0.471106
9,25,-0.376835,-0.459912
10,25,-0.379117,-0.477996
1,26,-0.0967046,0.417663
2,26,-0.0999565,0.408392
3,26,-0.0933743,0.435385
4,26,-0.0849804,0.437861
5,26,-0.0725488,0.431618
6,26,-0.0762481,0.44021
7,26,-0.0908735,0.421216
8,26,-0.0832018,0.428652
9,26,-0.0655307,0.44095
10,26,-0.0819142,0.430089
1,27,-0.0649568,-0.520552
2,27,-0.0777968,-0.536415
3,27,-0.106424,-0.552373
4,27,-0.0663802,-0.521365
5,27,-0.0511021,-0.520159
6,27,-0.0670285,-0.528889
7,27,-0.0498857,-0.535298
8,27,-0.0346747,-0.524149
9,27,-0.0453549,-0.517545
10,27,-0.0995186,-0.505274
1,28,0.143453,-0.301309
2,28,0.14096,-0.301904
3,28,0.0985073,-0.329269
4,28,0.127054,-0.319086
5,28,0.0978193,-0.32417
6,28,0.139835,-0.28848
7,28,0.123541,-0.291648
8,28,0.126619,-0.312196
9,28,0.118786,-0.297319
10,28,0.193904,-0.313869
1,29,0.16802,0.19948
2,29,0.160656,0.195225
3,29,0.140585,0.169939
4,29,0.176913,0.200011
5,29,0.182082,0.203468
6,29,0.167991,0.190424
7,29,0.157123,0.189842
8,29,0.199866,0.191681
9,29,0.140073,0.182819
10,29,0.197463,0.214424
1,30,-0.139188,0.240005
2,30,-0.131893,0.253679
3,30,-0.150274,0.244322
4,30,-0.147791,0.234539
5,30,-0.157852,0.237027
6,30,-0.109979,0.273915
7,30,-0.145075,0.239938
8,30,-0.139269,0.241167
9,30,-0.15029,0.241034
10,30,-0.140914,0.246099
1,31,-0.450209,0.0224083
2,31,-0.421352,0.0615012
3,31,-0.405632,0.0629849
4,31,-0.463704,0.0217502
5,31,-0.403453,0.0620663
6,31,-0.446405,0.0388811
7,31,-0.398552,0.0605255
8,31,-0.445589,0.0309858
9,31,-0.443726,0.0427207
10,31,-0.403413,0.0712604
1,32,0.187785,0.158667
2,32,0.219411,0.174944
3,32,0.188254,0.158496
4,32,0.219957,0.161133
5,32,0.18924,0.153382
6,32,0.221387,0.149782
7,32,0.253815,0.175297
8,32,0.21932,0.163441
9,32,0.260531,0.189543
10,32,0.243238,0.170918
1,33,0.165628,-0.55986
2,33,0.14476,-0.531912
3,33,0.186827,-0.576347
4,33,0.108504,-0.553751
5,33,0.198015,-0.556206
6,33,0.0888392,-0.573039
7,33,0.183913,-0.545147
8,33,0.112918,-0.538456
9,33,0.161475,-0.522588
10,33,0.133575,-0.542925
1,34,-0.270508,0.250746
2,34,-0.199089,0.303277
3,34,-0.157401,0.327154
4,34,-0.191482,0.29606
5,34,-0.180648,0.310125
6,34,-0.210406,0.291329
7,34,-0.205273,0.302914
8,34,-0.211236,0.290923
9,34,-0.2431,0.272681
10,34,-0.184476,0.308675
1,35,-0.37772,0.450985
2,35,-0.330491,0.487256
3,35,-0.337523,0.482083
4,35,-0.313136,0.497272
5,35,-0.29712,0.509215
6,35,-0.339229,0.482416
7,35,-0.282957,0.518354
8,35,-0.364309,0.454763
9,35,-0.304394,0.498758
10,35,-0.324087,0.49333
1,36,0.328483,0.627526
2,36,0.260704,0.589351
3,36,0.325249,0.620497
4,36,0.305787,0.605817
5,36,0.258714,0.591712
6,36,0.298189,0.609704
7,36,0.282795,0.59319
8,36,0.255552,0.578724
9,36,0.31781,0.620649
10,36,0.302992,0.605017
1,37,-0.0184444,-0.0946283
2,37,0.053284,-0.0508221
3,37,0.0225865,-0.0739132
4,37,0.0525298,-0.0508277
5,37,0.0405024,-0.0706356
6,37,0.00522545,-0.0933618
7,37,0.0370272,-0.0697717
8,37,0.0160665,-0.0830468
9,37,0.0518602,-0.0720262
10,37,0.00692686,-0.0881009
1,38,0.181153,-0.159066
2,38,0.168427,-0.160557
3,38,0.189552,-0.157024
4,38,0.207181,-0.152068
5,38,0.165074,-0.16734
6,38,0.222757,-0.136439
7,38,0.185998,-0.167857
8,38,0.20698,-0.147012
9,38,0.160062,-0.171378
10,38,0.223349,-0.165156
1,39,-0.281343,-0.432052
2,39,-0.377065,-0.444107
3,39,-0.308752,-0.449444
4,39,-0.29669,-0.428031
5,39,-0.28495,-0.443443
6,39,-0.302361,-0.450614
7,39,-0.324879,-0.431204
8,39,-0.322693,-0.438528
9,39,-0.303651,-0.439492
10,39,-0.323436,-0.43502
1,40,-0.104652,0.410309
2,40,-0.125193,0.398872
3,40,-0.118987,0.399307
4,40,-0.132467,0.386098
5,40,-0.115867,0.398843
6,40,-0.105435,0.39855
7,40,-0.110244,0.404643
8,40,-0.140797,0.377225
9,40,-0.124358,0.395222
10,40,-0.129053,0.382732
1,41,-0.00349218,-0.511665
2,41,-0.0143744,-0.515979
3,41,-0.0571491,-0.512775
4,41,-0.0664373,-0.510169
5,41,-0.0537159,-0.530746
6,41,-0.0516337,-0.51134
7,41,-0.0313633,-0.496043
8,41,-0.0320937,-0.50135
9,41,-0.0142487,-0.500055
10,41,-0.0100537,-0.518501
1,42,0.0599351,-0.343246
2,42,0.0829635,-0.332912
3,42,0.0371491,-0.316871
4,42,0.0615048,-0.334606
5,42,0.0361212,-0.354901
6,42,-0.0327148,-0.346649
7,42,0.0265141,-0.33571
8,42,0.0115477,-0.349511
9,42,0.0480952,-0.340722
10,42,0.0231982,-0.329866
1,43,0.211418,0.196224
2,43,0.184924,0.184599
3,43,0.241414,0.222219
4,43,0.242538,0.207356
5,43,0.194275,0.174058
6,43,0.164042,0.170598
7,43,0.246287,0.208154
8,43,0.208632,0.19466
9,43,0.238567,0.204273
10,43,0.213653,0.184006
1,44,-0.145384,0.2463
2,44,-0.197921,0.213382
3,44,-0.141861,0.251445
4,44,-0.17392,0.234091
5,44,-0.142971,0.248395
6,44,-0.175562,0.233505
7,44,-0.121419,0.260554
8,44,-0.168871,0.234283
9,44,-0.176506,0.23595
10,44,-0.168887,0.235939
1,45,-0.33565,0.103647
2,45,-0.293976,0.122148
3,45,-0.31489,0.112629
4,45,-0.331099,0.0845526
5,45,-0.34719,0.0881334
6,45,-0.328264,0.0996317
7,45,-0.294252,0.122179
8,45,-0.362702,0.0731723
9,45,-0.308066,0.118663
10,45,-0.36977,0.0706199
