rep,id,eta_V,eta_Cl
1,1,0,-0.00717788
2,1,0,-0.0453746
3,1,0,-0.010524
4,1,0,-0.0310289
5,1,0,-0.00684214
6,1,0,-0.00156728
7,1,0,-0.0175729
8,1,0,0.026608
9,1,0,0.0201754
10,1,0,-0.0389422
1,2,0,0.22715
2,2,0,0.232056
3,2,0,0.201354
4,2,0,0.220746
5,2,0,0.205697
6,2,0,0.193254
7,2,0,0.19365
8,2,0,0.215961
9,2,0,0.195381
10,2,0,0.194471
1,3,0,-0.597285
2,3,0,-0.642611
3,3,0,-0.678224
4,3,0,-0.653908
5,3,0,-0.623902
6,3,0,-0.627717
7,3,0,-0.645227
8,3,0,-0.645771
9,3,0,-0.598263
10,3,0,-0.6105
1,4,0,-0.308111
2,4,0,-0.334748
3,4,0,-0.341605
4,4,0,-0.301511
5,4,0,-0.296797
6,4,0,-0.315482
7,4,0,-0.322933
8,4,0,-0.308102
9,4,0,-0.356148
10,4,0,-0.306006
1,5,0,0.522895
2,5,0,0.51977
3,5,0,0.508601
4,5,0,0.505064
5,5,0,0.531277
6,5,0,0.495316
7,5,0,0.506071
8,5,0,0.537154
9,5,0,0.519302
10,5,0,0.516896
1,6,0,-0.400825
2,6,0,-0.382234
3,6,0,-0.366947
4,6,0,-0.373324
5,6,0,-0.343924
6,6,0,-0.387136
7,6,0,-0.381098
8,6,0,-0.340304
9,6,0,-0.361294
10,6,0,-0.36114
1,7,0,-0.140302
2,7,0,-0.143113
3,7,0,-0.12846
4,7,0,-0.165342
5,7,0,-0.128686
6,7,0,-0.143893
7,7,0,-0.137271
8,7,0,-0.149046
9,7,0,-0.136702
10,7,0,-0.133268
1,8,0,-0.121474
2,8,0,-0.103729
3,8,0,-0.147162
4,8,0,-0.106725
5,8,0,-0.0919467
6,8,0,-0.126141
7,8,0,-0.132406
8,8,0,-0.108447
9,8,0,-0.125658
10,8,0,-0.12106
1,9,0,0.711962
2,9,0,0.685613
3,9,0,0.710028
4,9,0,0.7025
5,9,0,0.692115
6,9,0,0.691459
7,9,0,0.692574
8,9,0,0.690734
9,9,0,0.684327
10,9,0,0.714909
1,10,0,0.203225
2,10,0,0.183501
3,10,0,0.20152
4,10,0,0.199679
5,10,0,0.208596
6,10,0,0.21025
7,10,0,0.204561
8,10,0,0.182013
9,10,0,0.218541
10,10,0,0.175159
1,11,0,0.267353
2,11,0,0.26371
3,11,0,0.268555
4,11,0,0.271258
5,11,0,0.257978
6,11,0,0.252754
7,11,0,0.264107
8,11,0,0.270656
9,11,0,0.269187
10,11,0,0.255797
1,12,0,-0.0147715
2,12,0,0.0141749
3,12,0,-0.038627
4,12,0,0.00497468
5,12,0,0.0013909
6,12,0,-0.0314848
7,12,0,-0.00536976
8,12,0,0.00370164
9,12,0,0.0194242
10,12,0,-0.000133416
1,13,0,-0.161505
2,13,0,-0.189784
3,13,0,-0.158161
4,13,0,-0.148292
5,13,0,-0.15155
6,13,0,-0.174461
7,13,0,-0.157402
8,13,0,-0.145373
9,13,0,-0.194686
10,13,0,-0.142903
1,14,0,-0.533667
2,14,0,-0.506042
3,14,0,-0.536276
4,14,0,-0.48858
5,14,0,-0.49162
6,14,0,-0.530737
7,14,0,-0.518579
8,14,0,-0.525351
9,14,0,-0.502942
10,14,0,-0.53957
1,15,0,0.501196
2,15,0,0.509405
3,15,0,0.498137
4,15,0,0.506427
5,15,0,0.498518
6,15,0,0.492242
7,15,0,0.496709
8,15,0,0.507946
9,15,0,0.501375
10,15,0,0.482942
1,16,0,0.212334
2,16,0,0.200191
3,16,0,0.22729
4,16,0,0.218401
5,16,0,0.203921
6,16,0,0.214989
7,16,0,0.20558
8,16,0,0.190373
9,16,0,0.200819
10,16,0,0.19459
1,17,0,-0.731389
2,17,0,-0.68189
3,17,0,-0.663019
4,17,0,-0.715431
5,17,0,-0.658042
6,17,0,-0.682741
7,17,0,-0.674507
8,17,0,-0.707643
9,17,0,-0.651486
10,17,0,-0.683909
1,18,0,-0.366736
2,18,0,-0.362047
3,18,0,-0.357102
4,18,0,-0.349417
5,18,0,-0.369282
6,18,0,-0.341342
7,18,0,-0.349957
8,18,0,-0.327352
9,18,0,-0.341299
10,18,0,-0.349022
1,19,0,0.533239
2,19,0,0.524337
3,19,0,0.503989
4,19,0,0.520935
5,19,0,0.50957
6,19,0,0.519364
7,19,0,0.526302
8,19,0,0.523644
9,19,0,0.501832
10,19,0,0.545074
1,20,0,-0.389187
2,20,0,-0.36118
3,20,0,-0.350773
4,20,0,-0.363242
5,20,0,-0.32523
6,20,0,-0.367592
7,20,0,-0.383687
8,20,0,-0.351184
9,20,0,-0.373135
10,20,0,-0.34575
1,21,0,-0.129986
2,21,0,-0.104946
3,21,0,-0.156675
4,21,0,-0.134828
5,21,0,-0.115312
6,21,0,-0.126107
7,21,0,-0.167285
8,21,0,-0.1666
9,21,0,-0.136671
10,21,0,-0.17436
1,22,0,-0.126122
2,22,0,-0.130042
3,22,0,-0.0997475
4,22,0,-0.145388
5,22,0,-0.124787
6,22,0,-0.127031
7,22,0,-0.140387
8,22,0,-0.118685
9,22,0,-0.155462
10,22,0,-0.122764
1,23,0,0.673562
2,23,0,0.701747
3,23,0,0.672019
4,23,0,0.696433
5,23,0,0.687051
6,23,0,0.696964
7,23,0,0.69939
8,23,0,0.696964
9,23,0,0.695136
10,23,0,0.704013
1,24,0,0.188209
2,24,0,0.196232
3,24,0,0.194988
4,24,0,0.169501
5,24,0,0.187382
6,24,0,0.187495
7,24,0,0.217529
8,24,0,0.201064
9,24,0,0.167945
10,24,0,0.18112
1,25,0,0.233426
2,25,0,0.255245
3,25,0,0.277257
4,25,0,0.265948
5,25,0,0.259061
6,25,0,0.255308
7,25,0,0.245229
8,25,0,0.252691
9,25,0,0.250634
10,25,0,0.26923
1,26,0,-0.00706253
2,26,0,-0.0508514
3,26,0,-0.0375567
4,26,0,-0.00873667
5,26,0,-0.0301883
6,26,0,-0.0466686
7,26,0,0.000873785
8,26,0,-0.00502747
9,26,0,-0.0289607
10,26,0,-0.0453704
1,27,0,-0.172397
2,27,0,-0.194907
3,27,0,-0.172638
4,27,0,-0.162905
5,27,0,-0.172175
6,27,0,-0.173285
7,27,0,-0.190234
8,27,0,-0.158633
9,27,0,-0.17054
10,27,0,-0.147068
1,28,0,-0.518645
2,28,0,-0.506554
3,28,0,-0.511532
4,28,0,-0.500401
5,28,0,-0.528249
6,28,0,-0.524225
7,28,0,-0.525228
8,28,0,-0.473937
9,28,0,-0.454414
10,28,0,-0.548608
1,29,0,0.516585
2,29,0,0.501342
3,29,0,0.502922
4,29,0,0.5201
5,29,0,0.501762
6,29,0,0.506278
7,29,0,0.486855
8,29,0,0.511266
9,29,0,0.517432
10,29,0,0.49819
1,30,0,0.104127
2,30,0,0.136578
3,30,0,0.135737
4,30,0,0.110734
5,30,0,0.139428
6,30,0,0.125426
7,30,0,0.127821
8,30,0,0.0995833
9,30,0,0.125013
10,30,0,0.134346
1,31,0,-0.61284
2,31,0,-0.698573
3,31,0,-0.662504
4,31,0,-0.670693
5,31,0,-0.669765
6,31,0,-0.641356
7,31,0,-0.64374
8,31,0,-0.6688
9,31,0,-0.613403
10,31,0,-0.622424
1,32,0,-0.329547
2,32,0,-0.32773
3,32,0,-0.357603
4,32,0,-0.340128
5,32,0,-0.333011
6,32,0,-0.341701
7,32,0,-0.303252
8,32,0,-0.359641
9,32,0,-0.329059
10,32,0,-0.338514
1,33,0,0.523982
2,33,0,0.526527
3,33,0,0.526174
4,33,0,0.526549
5,33,0,0.527955
6,33,0,0.507968
7,33,0,0.525882
8,33,0,0.528225
9,33,0,0.525882
10,33,0,0.537795
1,34,0,-0.380821
2,34,0,-0.348406
3,34,0,-0.415351
4,34,0,-0.407386
5,34,0,-0.405084
6,34,0,-0.343246
7,34,0,-0.395688
8,34,0,-0.359753
9,34,0,-0.350635
10,34,0,-0.360631
1,35,0,-0.154826
2,35,0,-0.140262
3,35,0,-0.12894
4,35,0,-0.104437
5,35,0,-0.164045
6,35,0,-0.12772
7,35,0,-0.117923
8,35,0,-0.145186
9,35,0,-0.117877
10,35,0,-0.135397
1,36,0,-0.147087
2,36,0,-0.0928926
3,36,0,-0.159061
4,36,0,-0.0917879
5,36,0,-0.109938
6,36,0,-0.111277
7,36,0,-0.14251
8,36,0,-0.144851
9,36,0,-0.12055
10,36,0,-0.140792
1,37,0,0.701033
2,37,0,0.665556
3,37,0,0.693599
4,37,0,0.692589
5,37,0,0.686714
6,37,0,0.693212
7,37,0,0.684481
8,37,0,0.690903
9,37,0,0.685876
10,37,0,0.679803
1,38,0,0.173659
2,38,0,0.177069
3,38,0,0.184577
4,38,0,0.179746
5,38,0,0.172052
6,38,0,0.188277
7,38,0,0.183297
8,38,0,0.174176
9,38,0,0.201392
10,38,0,0.168832
1,39,0,0.259175
2,39,0,0.267041
3,39,0,0.272242
4,39,0,0.257894
5,39,0,0.264309
6,39,0,0.273071
7,39,0,0.292905
8,39,0,0.258776
9,39,0,0.271489
10,39,0,0.269852
1,40,0,-0.0227795
2,40,0,-0.0250508
3,40,0,-0.0295016
4,40,0,-0.0402956
5,40,0,-0.023197
6,40,0,-0.0170781
7,40,0,-0.00228948
8,40,0,-0.0131156
9,40,0,-0.00938606
10,40,0,-0.0261058
1,41,0,-0.209653
2,41,0,-0.168736
3,41,0,-0.18139
4,41,0,-0.163724
5,41,0,-0.150029
6,41,0,-0.132418
7,41,0,-0.170773
8,41,0,-0.171547
9,41,0,-0.158782
10,41,0,-0.20752
1,42,0,-0.555245
2,42,0,-0.480386
3,42,0,-0.526503
4,42,0,-0.465544
5,42,0,-0.532406
6,42,0,-0.507359
7,42,0,-0.539971
8,42,0,-0.522284
9,42,0,-0.484477
10,42,0,-0.513268
1,43,0,0.492088
2,43,0,0.514809
3,43,0,0.491852
4,43,0,0.481428
5,43,0,0.516418
6,43,0,0.509714
7,43,0,0.501518
8,43,0,0.491547
9,43,0,0.523095
10,43,0,0.517751
1,44,0,0.112673
2,44,0,0.125047
3,44,0,0.128348
4,44,0,0.115801
5,44,0,0.129864
6,44,0,0.137704
7,44,0,0.146178
8,44,0,0.126529
9,44,0,0.120193
10,44,0,0.123683
1,45,0,-0.200294
2,45,0,-0.176395
3,45,0,-0.17327
4,45,0,-0.213619
5,45,0,-0.162304
6,45,0,-0.177367
7,45,0,-0.202983
8,45,0,-0.203787
9,45,0,-0.22969
10,45,0,-0.192837
