Cl_pop,1,0.0134351,nan,nan,nan,-0.072273,-0.0287119,nan,-0.0096885,0.272724,0.0142973,0.0804972
V1_pop,0.0134351,1,nan,nan,nan,-0.00378126,-0.000898827,nan,0.000701739,0.00735721,-0.00444789,0.000743865
Q_pop,nan,nan,nan,nan,nan,nan,nan,nan,nan,nan,nan,nan
V2_pop,nan,nan,nan,nan,nan,nan,nan,nan,nan,nan,nan,nan
S_pop,nan,nan,nan,nan,nan,nan,nan,nan,nan,nan,nan,nan
R0_pop,-0.072273,-0.00378126,nan,nan,nan,1,-0.0152168,nan,-0.00520242,-0.179496,0.00524871,-0.00464608
gamma_pop,-0.0287119,-0.000898827,nan,nan,nan,-0.0152168,1,nan,0.000331106,-0.000673155,-0.000232994,-0.0027694
MTT_pop,nan,nan,nan,nan,nan,nan,nan,nan,nan,nan,nan,nan
omega_V1,-0.0096885,0.000701739,nan,nan,nan,-0.00520242,0.000331106,nan,1,0.014507,-0.00410705,-0.00174488
omega_R0,0.272724,0.00735721,nan,nan,nan,-0.179496,-0.000673155,nan,0.014507,1,0.00275898,-0.0370617
bPK_central_drug_concentration,0.0142973,-0.00444789,nan,nan,nan,0.00524871,-0.000232994,nan,-0.00410705,0.00275898,1,0.000464165
acirculating_R,0.0804972,0.000743865,nan,nan,nan,-0.00464608,-0.0027694,nan,-0.00174488,-0.0370617,0.000464165,1
