id,eta_Cl_SAEM,eta_V1_SAEM,eta_Q_SAEM,eta_V2_SAEM,eta_S_SAEM,eta_R0_SAEM,eta_gamma_SAEM,eta_MTT_SAEM,eta_Cl_mean,eta_V1_mean,eta_Q_mean,eta_V2_mean,eta_S_mean,eta_R0_mean,eta_gamma_mean,eta_MTT_mean,eta_Cl_mode,eta_V1_mode,eta_Q_mode,eta_V2_mode,eta_S_mode,eta_R0_mode,eta_gamma_mode,eta_MTT_mode,eta_Cl_sd,eta_V1_sd,eta_Q_sd,eta_V2_sd,eta_S_sd,eta_R0_sd,eta_gamma_sd,eta_MTT_sd
1,0.00720245,0,0,0.0827356,0.00983341,0.000150769,0.000202911,5.29698e-05,0.00737244,0,0,0.0870629,0.0112451,5.56864e-05,3.09087e-05,0.000136999,0.00762043,0,0,0.0841296,0.00948258,0.000196974,-7.10121e-05,1.89845e-05,0.0110728,0,0,0.0395947,0.0161975,0.00203941,0.00518672,0.00208432
2,0.00308665,0,0,0.0713574,0.00363449,0.000343444,-0.00142683,0.000989662,0.00470216,0,0,0.0647149,0.0065634,0.000132683,-0.00143704,0.000516669,0.0044793,0,0,0.0696883,0.0052991,0.000217664,-0.00137347,0.000780807,0.0110428,0,0,0.0424033,0.0171103,0.00196439,0.00487379,0.00226223
3,-0.0108883,0,0,-0.136289,0.00230059,-0.000635364,-0.00142923,0.000462993,-0.0114377,0,0,-0.144084,0.00221785,-0.000775442,-0.001665,0.000519584,-0.0102401,0,0,-0.145755,0.000836778,-0.000429797,-0.00146193,0.000491166,0.0105333,0,0,0.0442669,0.015989,0.0019536,0.0041022,0.00208439
4,0.00312142,0,0,-0.0177225,0.00517329,0.000664192,-0.000688299,3.18765e-06,0.00143967,0,0,-0.0108258,0.00448077,0.000549861,-0.000127182,-0.000144867,0.00221412,0,0,-0.0151531,0.00279181,0.000642473,-0.000181291,4.62771e-05,0.0114571,0,0,0.0520015,0.0158018,0.00176829,0.00458909,0.00221327
5,-0.0232056,0,0,-0.356261,0.0142483,0.00121874,0.000436321,-2.38722e-05,-0.0245568,0,0,-0.354686,0.0139922,0.00126879,-0.000612652,0.000160214,-0.0237842,0,0,-0.355691,0.0132443,0.00113054,0.000116174,0.000146073,0.00818431,0,0,0.0358554,0.0167297,0.00194276,0.00438877,0.00213206
6,-0.0117337,0,0,-0.227499,-0.00493384,-0.00131092,-0.00128482,0.000379296,-0.0120242,0,0,-0.233095,-0.00904233,-0.00105365,-0.000869666,0.000298987,-0.0108342,0,0,-0.234828,-0.0101605,-0.000901824,-0.00136831,0.000209303,0.00940357,0,0,0.0441956,0.0172078,0.00195452,0.00458714,0.00210203
7,0.00433085,0,0,-0.0145754,-0.000629373,5.34874e-05,-0.00078841,0.000414391,0.00516869,0,0,-0.0177707,-0.00194735,8.83683e-05,3.53474e-06,0.000468383,0.00593961,0,0,-0.0167693,-0.00246988,-6.04837e-05,-0.000728264,0.00027156,0.0107464,0,0,0.0496211,0.0170303,0.00187273,0.00378452,0.00245984
8,-0.00322984,0,0,-0.236267,-0.0101157,-0.000515099,-0.0009249,0.000527629,-0.00403622,0,0,-0.24585,-0.00733302,-0.000413433,-0.000169925,0.000714946,-0.00397437,0,0,-0.242567,-0.00821379,-0.00033052,-0.000864174,0.000411043,0.00869348,0,0,0.0429731,0.0199118,0.00207344,0.00462028,0.00222258
9,-0.00499592,0,0,-0.125799,-0.00045063,-0.000439587,-0.00038958,0.000638954,-0.00715853,0,0,-0.124047,0.00233831,-0.00032786,-0.000587164,0.000313325,-0.00544154,0,0,-0.124301,0.000632861,-0.000359171,-6.90409e-05,0.00038908,0.0106647,0,0,0.0489239,0.0172706,0.00185206,0.00521063,0.0021132
10,-0.00755403,0,0,-0.154521,-0.0150164,0.000979036,-0.00120916,0.000630186,-0.00813274,0,0,-0.151073,-0.0140036,0.000839469,-0.000475649,0.000660699,-0.00794708,0,0,-0.15093,-0.0104413,0.000799542,-0.000879496,0.000460261,0.00930378,0,0,0.0457184,0.0163779,0.00191072,0.0045066,0.00201637
11,-0.0331829,0,0,-0.330349,-0.00254933,-0.000837267,-0.000152107,-0.000223765,-0.0332202,0,0,-0.334898,-0.00117228,-0.000432941,0.000662482,9.38842e-06,-0.033388,0,0,-0.336341,-0.00246284,-0.000587971,0.000229863,-0.000120466,0.00836263,0,0,0.0394495,0.016966,0.00206857,0.00482659,0.00205438
12,0.00126667,0,0,0.0336007,0.014561,0.00068793,0.000547622,0.000357513,-9.50623e-05,0,0,0.0387692,0.0107513,0.00132654,0.000420319,0.000277512,0.00144426,0,0,0.0356807,0.0103677,0.000853749,0.000185927,0.000129881,0.00986137,0,0,0.0420965,0.0154005,0.00194036,0.00392735,0.00214116
13,0.00591077,0,0,0.0657253,-0.000901478,0.00011644,-0.000313988,-7.642e-06,0.00500568,0,0,0.0713427,-0.000784855,0.000235026,-3.09225e-05,0.000101702,0.00600332,0,0,0.0690102,0.000195809,0.000125678,4.33079e-05,0.000104097,0.0112504,0,0,0.0439695,0.016597,0.00206721,0.00456519,0.0022656
14,0.00244815,0,0,0.0122544,0.00544749,1.06045e-05,0.000920063,-0.00025207,0.00199246,0,0,0.0157821,0.00643762,-0.00022972,0.000714567,-0.000156255,0.00226798,0,0,0.0159818,0.0043283,0.00015369,0.00048727,-0.000371395,0.0110431,0,0,0.0497661,0.0164084,0.00197824,0.00502547,0.00213374
15,0.00298498,0,0,0.00958766,-0.00707511,0.000348763,0.000555007,-0.000472703,0.00166885,0,0,0.0100896,-0.00632643,0.000221301,0.00127836,-0.000591098,0.00324445,0,0,0.0110298,-0.00719977,0.00015473,0.000777602,-0.000520518,0.0116943,0,0,0.0456064,0.0170857,0.00200898,0.0047013,0.00215022
16,0.00935774,0,0,0.0323995,-0.00904363,-0.000448333,0.00117477,0.000519468,0.0106458,0,0,0.0256406,-0.00344543,-0.000178727,0.00127435,0.000571965,0.00932183,0,0,0.0533697,0.000669272,-0.000761599,0.000893857,0.000425038,0.0118497,0,0,0.0544461,0.0198247,0.00199333,0.00449176,0.001938
17,0.0115747,0,0,0.00956094,-0.00171318,-0.000205831,0.000695913,-0.000947185,0.0106281,0,0,0.00517267,-0.00232726,-0.000310624,0.000678358,-0.000918971,0.00874164,0,0,0.017967,0.00556052,-0.000127492,0.0012668,-0.000266906,0.0105593,0,0,0.0447058,0.018966,0.00206492,0.00467853,0.00198378
18,0.00106965,0,0,-0.0013621,0.000839599,-0.000459051,-0.000966244,6.80715e-05,0.00105483,0,0,-0.000188931,-0.000463041,-0.00115873,-0.00130253,0.000132409,-0.00015038,0,0,0.0164066,0.00374898,-0.000634309,-0.000610186,0.000128919,0.0109191,0,0,0.047445,0.0192439,0.00191573,0.00470986,0.00205448
19,-0.00144255,0,0,-0.176155,-0.00593676,-0.000394386,-0.00280299,0.00110791,-0.00210885,0,0,-0.176431,-0.00565699,0.000102815,-0.00235351,0.00123099,-0.00260473,0,0,-0.176759,0.00218362,-0.000145244,-0.00289683,0.00111167,0.010384,0,0,0.0483208,0.0151825,0.00212089,0.0043643,0.00195018
20,0.000438978,0,0,0.0987079,-0.000915339,-0.000133363,0.00159088,-0.00029654,0.000963234,0,0,0.101506,0.00161431,-0.000338252,0.00160815,5.21366e-05,-0.00475168,0,0,0.125804,0.00837103,-0.000470175,0.00163719,9.82185e-05,0.011822,0,0,0.0467958,0.0181987,0.00182314,0.00491681,0.00207019
21,8.05609e-05,0,0,-0.0376518,0.00775213,0.000463979,-0.000501741,0.000333651,-0.000908106,0,0,-0.0289273,0.0066415,0.000269289,-0.00033945,0.000395642,-0.00392051,0,0,0.00902861,0.00641129,0.000762315,-0.00174436,0.000553663,0.00991614,0,0,0.0485232,0.020696,0.00198332,0.00422226,0.00202634
22,0.0110709,0,0,0.041898,0.00519473,0.00040434,0.0013879,-0.000404544,0.00922689,0,0,0.0409644,0.00664997,0.000256026,0.00185064,-0.00047804,0.00982585,0,0,0.0704432,0.00665531,0.00137333,0.000615528,-0.000189646,0.0106332,0,0,0.0446523,0.018385,0.00197253,0.00435788,0.00210505
23,-0.0215806,0,0,-0.347495,-0.0184757,-0.00025617,0.00104652,-0.000105244,-0.025678,0,0,-0.345038,-0.0178337,-0.000431634,0.000354884,-0.000335528,-0.0224861,0,0,-0.332123,-0.0224561,-0.000222839,-0.000512073,-0.000464679,0.00814257,0,0,0.0403605,0.0158111,0.0018952,0.00508576,0.00158711
24,-0.00207297,0,0,-0.024441,0.00172745,-6.40207e-06,0.00163467,-0.00103518,-0.00221222,0,0,-0.0297671,0.000919917,-6.17783e-05,0.00113592,-0.000816601,-0.00339657,0,0,-0.0229158,0.00494117,4.52596e-08,0.00121991,-0.000780472,0.0101719,0,0,0.0427309,0.0166858,0.00184698,0.00488863,0.00194909
25,0.00554096,0,0,0.0420978,0.00802048,-2.31346e-06,0.00227905,-0.000811895,0.00786761,0,0,0.0276836,0.00686592,0.00025187,0.0012242,-0.000735588,0.00802028,0,0,0.024336,0.00958576,0.000177508,0.00169605,-0.00063047,0.0112093,0,0,0.0469194,0.0183115,0.00192003,0.00450514,0.00204903
26,0.0076268,0,0,0.0569224,-0.0008007,0.000913777,-0.000883096,0.000150346,0.00332696,0,0,0.0660832,-0.00524042,0.000915613,-0.000942656,0.000169166,8.50091e-05,0,0,0.0813674,0.0107198,0.00120423,-0.00055983,2.02774e-05,0.0109875,0,0,0.047683,0.015416,0.00185413,0.00416185,0.0019613
27,0.00550458,0,0,0.0673411,-3.6223e-05,-0.000105433,0.000318705,8.55227e-05,0.00272526,0,0,0.071864,0.00104069,0.000213594,-0.00103376,-0.000215609,0.00116321,0,0,0.0801447,0.0068206,0.000186257,-0.000250982,-0.000191026,0.0126747,0,0,0.0410351,0.018861,0.00186405,0.0042935,0.00214777
28,-9.40614e-05,0,0,-0.152223,-0.00290362,0.000265913,-0.000259694,0.000984341,-0.00192299,0,0,-0.143303,-0.00301851,0.000417357,-0.00111742,0.000799595,-0.000446751,0,0,-0.138081,-0.00974567,-3.04668e-05,-0.00126696,0.0013587,0.00974938,0,0,0.0521071,0.015369,0.00224012,0.00518885,0.0020174
29,0.00847588,0,0,0.0410195,-0.00130466,0.000334786,0.00204171,-0.0010386,0.00840298,0,0,0.0451112,0.000220633,-1.24477e-06,0.00245956,-0.00116456,0.00757494,0,0,0.047927,9.86464e-05,0.000253562,0.00236747,-0.00105253,0.00995306,0,0,0.0431874,0.0177878,0.00202863,0.00446401,0.00210352
30,-0.00412114,0,0,-0.320468,-0.0174121,0.00139768,-0.000618718,0.00119778,-0.00548712,0,0,-0.312327,-0.0145912,0.00163125,-0.00187231,0.000727154,-0.00504653,0,0,-0.317335,-0.0129399,0.00155565,-0.00165996,0.00139031,0.0100596,0,0,0.037181,0.0132016,0.00208867,0.00423667,0.00204721
31,-0.00517478,0,0,-0.0224848,-0.0067627,0.000978439,0.000944865,-0.00118123,-0.00568434,0,0,-0.0266983,-0.00698391,0.00109958,0.000100962,-0.000889489,-0.00597658,0,0,-0.00131346,-0.0105599,0.000641458,0.000489263,-0.000761232,0.0109308,0,0,0.0423556,0.0154905,0.00201068,0.00451136,0.00207911
32,0.0110038,0,0,0.101162,0.00152054,-4.16226e-05,-0.000363471,7.8928e-05,0.0118331,0,0,0.0982279,0.00083463,0.000402789,0.000124548,0.000374782,0.00904695,0,0,0.104121,0.00360151,-1.56139e-05,-0.00032393,-2.84454e-05,0.01264,0,0,0.0506012,0.0140142,0.00201854,0.00429052,0.00186399
33,-0.00553369,0,0,-0.0131817,-0.0130197,0.000132124,0.00108503,-0.000581303,-0.0100192,0,0,-0.00644236,-0.0160663,0.000233261,0.00166906,-0.000998358,-0.0107488,0,0,0.000682587,-0.0150129,0.000141133,0.00128401,-0.000284217,0.0107149,0,0,0.0419289,0.0150596,0.00178206,0.00455052,0.00208308
34,-0.00374067,0,0,-0.186426,0.0135903,-0.000701409,-6.0718e-05,-0.000871654,-0.00562713,0,0,-0.183245,0.0147398,-0.000619644,-0.000274351,-0.00110094,-0.00413782,0,0,-0.158939,0.0155607,-0.000845266,-0.000257759,-0.000603236,0.0114131,0,0,0.0452651,0.0138695,0.00202026,0.00432862,0.0019779
35,0.00903281,0,0,0.0667084,0.00441187,0.000150982,-0.000866336,0.000704365,0.0110968,0,0,0.0519996,0.00571812,0.000473693,-0.000819501,0.000570951,0.0107315,0,0,0.0583027,0.00387235,0.000374636,-0.0008809,0.00031597,0.00904744,0,0,0.0411542,0.0120195,0.00206409,0.00431267,0.00187091
36,0.0156968,0,0,0.0308218,0.00103739,-0.00201277,-0.00149065,0.00109083,0.0145089,0,0,0.0355443,0.000911857,-0.00178313,-0.00233055,0.00121712,0.012622,0,0,0.0408742,-0.0106837,-0.00158695,-0.00111943,0.000871402,0.0113667,0,0,0.0407474,0.0154031,0.00177556,0.00414332,0.00196342
37,0.00451729,0,0,0.0655111,0.00836023,-0.000534612,0.00197976,-0.000296612,0.000748752,0,0,0.0767888,0.00576716,-4.06589e-05,0.00125935,-0.000417656,0.00275649,0,0,0.0797954,0.00489263,-0.000842752,0.00154566,-0.000751189,0.00972473,0,0,0.0458476,0.0161701,0.00220309,0.00450665,0.00208144
38,0.00419101,0,0,0.0124363,0.00330755,-0.00101185,0.00238851,-0.00170113,0.00446943,0,0,0.0173454,0.00357054,-0.000628096,0.00134899,-0.00119888,0.0057496,0,0,0.0125287,0.00803898,-0.00131444,0.000283729,-0.00155696,0.0100762,0,0,0.0495553,0.0166937,0.00210938,0.00475345,0.00197502
39,0.0161205,0,0,0.0436915,0.00317044,0.000102453,-0.00085613,-0.000224766,0.0175833,0,0,0.0394589,0.00204519,0.000567014,-0.000349158,0.000140155,0.0188356,0,0,0.0377867,0.0011388,-0.000125319,-0.000863568,9.4558e-05,0.0109852,0,0,0.0447245,0.0138173,0.00171662,0.00440635,0.00177751
40,-0.0216723,0,0,-0.268342,-0.0109409,4.36013e-05,-0.000680589,-2.23956e-05,-0.0228939,0,0,-0.264946,-0.010581,-3.45372e-05,-0.000210336,-0.000103772,-0.0285755,0,0,-0.24066,-0.000389561,0.000511992,0.000139777,-0.000148648,0.00873451,0,0,0.0384369,0.0143452,0.00193517,0.00396318,0.00204407
41,-0.0134268,0,0,0.0101905,0.00894819,0.000624717,0.00162451,-0.000480599,-0.015398,0,0,0.0131896,0.0107836,0.000209459,0.00223279,-0.000234626,-0.0147835,0,0,0.00944207,0.00994082,0.000438857,0.00118264,-0.000225521,0.0106472,0,0,0.0400622,0.0158812,0.00179308,0.0039974,0.00195467
42,-0.00275561,0,0,-0.0519645,-0.0118408,0.000275592,-0.00239518,0.000605193,-0.00230314,0,0,-0.0437363,-0.0102631,3.46586e-05,-0.00201435,0.000752153,-0.00371488,0,0,-0.0375276,-0.0072814,0.000435959,-0.00116174,0.000598787,0.0101776,0,0,0.0395747,0.0121371,0.00201785,0.00427842,0.00188632
43,0.0048922,0,0,0.017392,0.00459191,-5.13229e-05,0.00118463,-0.000875802,0.00389774,0,0,0.0219373,0.00463139,-0.000490337,0.000484351,-0.000635834,0.00523617,0,0,0.0259843,0.00135171,-4.58539e-06,0.000529813,0.000121043,0.00941186,0,0,0.0401225,0.0152114,0.00196338,0.00444806,0.00196284
44,0.00251108,0,0,-0.0620471,-0.0089034,0.0011339,-0.00330833,0.00189269,-0.0016489,0,0,-0.0469203,-0.00871302,0.00107644,-0.00374528,0.0019661,0.00050197,0,0,-0.0457294,-0.00925029,0.00105088,-0.00433253,0.00156912,0.0100529,0,0,0.0391664,0.0135075,0.00194482,0.0041457,0.00185569
45,0.00868225,0,0,0.0326749,0.00589727,6.47353e-05,0.00207661,-0.00110215,0.00923839,0,0,0.030368,0.0023171,7.74936e-05,0.00250357,-0.000996224,0.010442,0,0,0.0276206,0.00884679,0.000181035,0.000541282,0.000171169,0.0101089,0,0,0.0415702,0.0135393,0.00188109,0.00392484,0.00201897
