rep,id,eta_Cl,eta_V1,eta_Q,eta_V2,eta_S,eta_R0,eta_gamma,eta_MTT
1,1,-0.000360975,0,0,0.111059,0.00580808,-0.0004359,-0.0010642,-0.00459739
2,1,0.0201774,0,0,0.0657991,-0.00313156,0.000842681,-0.00522679,0.000358512
3,1,0.000756161,0,0,0.162847,0.0223635,-0.000842984,0.00347645,0.000808008
4,1,-0.00111023,0,0,0.145332,0.0238855,-0.0015372,0.00141028,0.000731456
5,1,-0.00541301,0,0,0.0636519,0.0081966,-3.37064e-06,-0.00480348,0.000268511
6,1,0.0119083,0,0,0.100617,0.0356119,0.00131029,-0.00862684,-0.00268989
7,1,0.0183036,0,0,0.0202412,0.0461182,0.00013084,-0.00782873,0.000354879
8,1,0.0210029,0,0,0.0353143,0.0435067,0.00136157,0.00329965,-0.00138375
9,1,-0.013817,0,0,0.108662,-0.0164253,-0.00418329,-7.70818e-05,-0.00181162
10,1,-0.0020186,0,0,0.131204,0.0241764,-0.000366763,-0.000626025,0.00266495
1,2,-0.00443518,0,0,0.0279277,0.00331447,0.000226513,-0.000103239,-0.000167584
2,2,0.0101043,0,0,0.103726,0.0354039,0.00187169,0.00482776,-0.0013319
3,2,0.0115744,0,0,0.0925322,0.0162648,-0.000347227,0.00264015,-0.00051403
4,2,0.0135645,0,0,0.0402671,-0.00965787,-0.00252494,-0.00155036,0.00116466
5,2,0.0131667,0,0,0.0859126,0.0108433,0.00201025,-0.00832596,0.00381981
6,2,-0.0110716,0,0,0.0963966,0.00104163,-0.00147152,0.00353269,0.00351245
7,2,0.00141698,0,0,0.0314167,0.00565232,0.00402478,-0.00368697,0.00519677
8,2,0.00390724,0,0,0.0914587,-0.00691696,-0.0026308,-0.00113699,-0.000226062
9,2,0.0210239,0,0,-0.0210228,0.0530292,-0.00339424,0.000861379,0.0014038
10,2,0.015488,0,0,0.0555527,-0.00559024,-0.00109458,-0.00615567,-0.00434232
1,3,-0.00686164,0,0,-0.112263,-0.0087701,-0.00487587,-0.00529276,-0.00147655
2,3,-0.0294414,0,0,-0.142104,0.000286493,-0.00194229,0.00199734,-0.00231884
3,3,-0.00955727,0,0,-0.200774,0.00204745,-0.000476746,-0.0101898,-0.000852147
4,3,-0.00130439,0,0,-0.107049,-0.0040998,-0.00431003,-0.00023182,-0.000898709
5,3,-0.00384598,0,0,-0.129518,-0.0373488,-3.45413e-05,-0.00652186,-0.00180696
6,3,-0.00337275,0,0,-0.136879,-0.0130181,-0.00158505,-0.00295837,-0.000149808
7,3,-0.0243701,0,0,-0.00791088,0.00944166,-0.00140438,-0.00785294,0.00267533
8,3,-0.033227,0,0,-0.0887678,0.00853264,-0.00251258,-0.00301186,0.000615912
9,3,-0.0125637,0,0,-0.170974,-0.0278195,-0.00221948,0.00605838,-0.00110032
10,3,-0.00619758,0,0,-0.162446,0.00313366,-0.00157031,-0.00405045,0.00229449
1,4,-0.0112263,0,0,-0.00789726,0.00242308,-0.00358596,0.000736537,-0.000700115
2,4,-0.0172737,0,0,0.0362344,-0.00780374,0.00366507,0.00380847,0.000495515
3,4,-0.0059428,0,0,0.0125886,-0.00978314,0.0016648,0.00693176,0.00229454
4,4,0.0338112,0,0,-0.102247,0.0107206,0.000798668,0.00579919,0.00033177
5,4,-0.00721009,0,0,-0.0309006,0.0128312,0.00141905,-0.00194409,0.000363879
6,4,-0.0095836,0,0,0.045949,0.0112021,0.00318787,-0.0013937,0.00362493
7,4,-0.00399052,0,0,-0.00917009,0.00743583,0.0033328,0.00674674,0.00109303
8,4,-0.00172271,0,0,0.068399,-0.00294518,0.00115318,0.00555562,0.00191741
9,4,-0.0160514,0,0,0.118443,0.001497,-0.00234681,-0.00131672,0.00136903
10,4,-0.00122305,0,0,-0.0229042,0.00553133,0.0013486,-0.00169368,0.000364795
1,5,-0.0212268,0,0,-0.333625,0.00154731,0.00167377,0.00412902,-0.00246897
2,5,-0.0241529,0,0,-0.315907,0.0362378,0.00116474,-0.00281873,0.00502628
3,5,-0.0179099,0,0,-0.331358,0.00161446,0.00152982,-0.000687434,0.000935553
4,5,-0.0380111,0,0,-0.335698,0.0031371,0.00252785,-0.00655631,-0.00162623
5,5,-0.0261144,0,0,-0.309911,-0.00531167,0.00583893,-0.00174861,-0.00126226
6,5,-0.0126401,0,0,-0.366658,0.02909,0.00206132,-0.00835962,-0.00069905
7,5,-0.0224094,0,0,-0.389583,0.00755171,0.002459,-0.0039915,-0.000186158
8,5,-0.023121,0,0,-0.366259,0.0552916,-0.00201369,-0.00292601,0.000878751
9,5,-0.0304017,0,0,-0.298923,0.0138787,0.00402044,0.0110986,0.00178622
10,5,-0.0268094,0,0,-0.349486,0.0117581,-0.000215298,-0.000259373,0.00417805
1,6,-0.0224193,0,0,-0.183554,-0.0129358,0.00254863,-0.00565271,-0.00228116
2,6,-0.0185431,0,0,-0.226261,-0.0123285,0.000626211,0.00194499,0.00263022
3,6,-0.0223709,0,0,-0.180928,-0.0318501,-0.000219355,-0.00322469,0.000615912
4,6,-0.00805779,0,0,-0.215895,-0.0192926,0.000986132,-0.00660134,-0.000984446
5,6,-0.0170492,0,0,-0.224356,-0.0143312,0.000225919,-0.00171891,-0.00371603
6,6,-0.0080488,0,0,-0.193585,-0.0194667,0.000858663,0.000719125,-0.00285276
7,6,9.43032e-05,0,0,-0.215567,0.00633881,-0.000356216,-0.00176313,-0.000100957
8,6,-0.00233785,0,0,-0.248624,0.0290432,0.000330594,-0.00250534,0.000712295
9,6,-0.0217402,0,0,-0.173189,-0.00519674,0.00153883,0.00431435,-0.000946971
10,6,0.00280514,0,0,-0.196682,-0.0295835,-0.00448853,0.000408266,0.00145252
1,7,0.00118921,0,0,0.00765419,-0.00580658,9.51015e-05,-0.00208153,-0.000201217
2,7,0.012151,0,0,-0.0365936,0.00840033,0.000471858,0.000160073,-0.000403867
3,7,0.0185694,0,0,-0.0815846,0.000637911,0.00175474,0.00275929,0.00556135
4,7,-0.0121569,0,0,0.0102781,0.0128091,-0.000391547,-0.00106869,-0.000392116
5,7,0.0146807,0,0,-0.0196578,-0.0212641,-0.00278917,0.00519359,0.00213354
6,7,-0.00478582,0,0,-0.0279602,0.0211006,0.000637735,-0.000696894,-0.000941897
7,7,-0.00228508,0,0,0.0366628,0.0180757,-0.0017007,-0.00670871,0.000946074
8,7,0.0226682,0,0,-0.0656187,0.012366,-0.00200125,-0.00847508,-0.000398391
9,7,0.00682837,0,0,-0.00221049,-0.00828974,0.00357038,-0.0095774,-0.00127422
10,7,-0.00652589,0,0,0.0194814,-0.0214274,-0.000922323,-0.000849258,0.000535124
1,8,-0.00465687,0,0,-0.210532,-0.00472534,-0.00120781,-0.00588273,-0.000897892
2,8,-0.00337792,0,0,-0.243856,0.00899671,-0.00409124,-0.00787839,0.00231078
3,8,-0.0114082,0,0,-0.195728,-0.0244463,0.000352661,0.000484405,0.00330793
4,8,-0.0133039,0,0,-0.115906,-0.0202587,-0.00180585,-0.00316646,0.00274966
5,8,-0.00871365,0,0,-0.272418,-0.0292751,0.00200918,-0.00470179,0.0037465
6,8,0.00838679,0,0,-0.281841,-0.00955861,0.000876863,-0.000778801,-0.000808614
7,8,-0.00494221,0,0,-0.271614,0.00567767,0.00151664,0.00370904,0.00750512
8,8,-0.00599765,0,0,-0.254072,0.00250118,0.000819354,-0.00445775,0.00138383
9,8,-0.00666438,0,0,-0.25377,0.0139543,0.00173919,-0.00452926,0.00199515
10,8,0.00286316,0,0,-0.307818,-0.0144099,0.00121084,0.00678385,-0.0014443
1,9,-0.0125073,0,0,-0.108995,0.00862751,0.000844171,0.00544084,0.00281233
2,9,0.0111445,0,0,-0.181167,-0.00302699,-0.000935822,-0.000742969,-0.000507881
3,9,-0.00323263,0,0,-0.115577,0.0182628,0.0012502,0.0060967,-0.00168023
4,9,0.000286219,0,0,-0.147816,-0.00765433,1.12262e-05,-0.0119516,-0.00241868
5,9,0.00304319,0,0,-0.215363,-0.00432171,0.0024138,-0.00425689,-5.54573e-05
6,9,-0.00704943,0,0,-0.133231,0.0111049,-0.00143242,-0.00380748,0.00411944
7,9,-0.011819,0,0,-0.161758,-0.000536948,-0.000562778,-0.0103896,0.00302999
8,9,-0.00468566,0,0,-0.202612,-0.00675348,0.000713442,0.00200009,0.0025132
9,9,-0.0241886,0,0,-0.142492,-0.0354975,-0.000303761,0.000198727,-0.000135622
10,9,-0.00556159,0,0,-0.184073,-0.00701901,-0.00145028,-0.0054296,0.00229984
1,10,-0.00662415,0,0,-0.110163,-0.015015,0.00426724,0.00347388,-0.000985153
2,10,-0.00663009,0,0,-0.179559,-0.0137597,0.000886332,-0.00519888,1.19107e-06
3,10,-0.00620368,0,0,-0.177905,0.00692716,0.000190213,0.00417949,-0.00123794
4,10,-0.0169982,0,0,-0.183346,-0.0209139,-0.00057896,-0.00584589,0.00375183
5,10,-0.0136219,0,0,-0.0809279,-0.0288361,-0.000184394,-0.000373968,0.00149257
6,10,-0.00197699,0,0,-0.160625,-0.0230711,-0.00151661,-0.00381312,-0.00127955
7,10,-0.00925458,0,0,-0.261897,0.000324693,0.00171907,-2.95333e-06,0.000413861
8,10,-0.0236747,0,0,-0.142377,0.000934059,-0.0025528,-0.00225205,0.00176702
9,10,-0.0194464,0,0,-0.147789,-0.0155006,0.00163946,0.00723293,-0.00386169
10,10,0.00496237,0,0,-0.269025,0.0104513,0.00159549,0.000561296,-0.00234931
1,11,-0.047439,0,0,-0.341765,0.00392038,-0.00176052,0.00404368,0.000790515
2,11,-0.0315477,0,0,-0.277289,0.00719048,-0.00449239,0.0058707,-0.00204138
3,11,-0.0417868,0,0,-0.388193,0.0013935,0.00201712,1.37299e-05,-0.00186591
4,11,-0.0258748,0,0,-0.364683,0.0136956,-0.000171945,0.000463162,-0.000189494
5,11,-0.0403644,0,0,-0.341385,-0.0202043,0.0033457,0.00885088,0.00282219
6,11,-0.0410125,0,0,-0.309104,0.015726,0.00251475,-0.00052089,-0.00188884
7,11,-0.0365053,0,0,-0.275688,0.00610515,-0.000878443,0.00483321,0.00287033
8,11,-0.0401056,0,0,-0.302524,0.0116878,-0.00031248,0.00563184,-0.00278132
9,11,-0.0387099,0,0,-0.312767,-0.00146715,-0.000273567,0.00616648,0.00245691
10,11,-0.0271699,0,0,-0.305454,-0.0353101,0.00352301,0.00296538,-0.000424968
1,12,0.0148311,0,0,-0.0381604,0.033203,0.000774772,0.000558832,0.000167188
2,12,-0.00537395,0,0,0.0588912,0.0124622,0.001682,0.00283971,-0.000460821
3,12,0.0103243,0,0,0.0206857,-0.0281614,0.00285327,0.00113758,0.00188276
4,12,-0.00854428,0,0,0.102149,-0.00470843,-0.000307726,0.00870424,-0.000378908
5,12,0.00123415,0,0,0.0581688,0.00231171,-0.000100344,-0.00521532,-0.00129143
6,12,-0.0101412,0,0,0.0907612,0.0173774,-0.000182883,-0.000713342,0.00162918
7,12,-0.0136652,0,0,0.0789837,0.00212821,0.00331038,0.00426666,-0.00187939
8,12,0.00761296,0,0,0.00417758,0.0133721,0.00159202,0.00166085,0.00205616
9,12,-0.0109305,0,0,0.115572,-0.0135842,0.00280444,-0.00422574,-0.00303874
10,12,0.013516,0,0,0.00941035,-0.00733744,0.00202087,-0.0109734,-0.00356385
1,13,0.0165664,0,0,0.0833959,-0.0154395,0.00142915,-0.00196385,-0.00045908
2,13,0.00420484,0,0,0.0500069,-0.0173564,0.00161983,-0.000669031,-0.00218487
3,13,0.00743289,0,0,0.0287187,-0.0217983,0.00275417,0.00208597,0.00092896
4,13,-0.00421794,0,0,0.0536593,0.00370618,-0.000492038,-0.00811924,-0.00170888
5,13,-0.00378527,0,0,0.0375914,-0.0227593,0.00071993,-0.00369515,-0.0042377
6,13,0.015294,0,0,0.0306871,-0.00628088,0.00101885,8.92669e-05,0.00144693
7,13,0.0171443,0,0,0.0175474,0.00918663,0.000129518,0.0068682,0.00316276
8,13,0.00674253,0,0,0.0533705,0.0174712,-0.000557911,0.00020198,0.00199698
9,13,0.0103474,0,0,0.0571661,0.0020727,-0.000543635,-0.00103185,0.00169926
10,13,0.0141254,0,0,0.128327,-0.0142039,0.0014487,0.00280495,-0.0026606
1,14,-0.00140823,0,0,-0.053884,0.0112732,3.02035e-05,0.00392421,0.000309704
2,14,-0.0144508,0,0,0.0413634,-0.0101485,0.000406962,0.0068516,-0.000389194
3,14,0.016508,0,0,0.0835793,0.0164665,0.00235502,0.00587593,-0.0030602
4,14,-0.00788946,0,0,-0.0114571,0.00068549,0.000494778,0.00250524,-0.00278447
5,14,0.0201572,0,0,-0.0667235,0.0597639,-0.00113404,-0.00106274,3.30475e-05
6,14,-0.00541504,0,0,0.105866,0.01722,3.47279e-05,-0.00158606,-0.00240155
7,14,-0.00411535,0,0,-0.0357502,0.0321337,-0.00076493,0.000320516,-0.00258478
8,14,0.00961181,0,0,0.0383185,-0.0066974,0.00143819,0.001232,0.00340014
9,14,0.00825309,0,0,0.0522689,0.0124767,0.00107403,-0.00921305,0.00268578
10,14,0.00108597,0,0,0.0235636,-0.00233322,-0.00180985,-0.000681892,0.00532585
1,15,-0.013755,0,0,0.069384,-0.0283637,-0.000960807,0.00593681,-0.00263366
2,15,0.0112527,0,0,-0.0101575,0.00645994,-0.00228154,0.00823354,0.00124325
3,15,0.0129911,0,0,-0.0774592,0.00561021,0.00277949,0.00526128,-0.00113335
4,15,0.0178165,0,0,-0.0419143,-0.048003,0.00253942,-0.00442583,0.00263727
5,15,0.00374588,0,0,-0.0131222,-0.0123175,-0.00187878,-0.00341035,0.000249457
6,15,-0.00188456,0,0,0.0341536,0.0107218,0.000967866,0.00325234,-0.0029598
7,15,0.0120364,0,0,-0.00537469,0.0137136,-0.0011372,0.00546826,-0.000256556
8,15,0.00815569,0,0,0.00256994,-0.00817291,-0.00492833,0.00390358,-0.000535884
9,15,0.00678102,0,0,0.0859678,-0.0144456,0.00106203,0.000739365,-0.000425673
10,15,-0.000383842,0,0,0.0178053,-0.0272044,-0.00137998,0.0013533,-0.00200597
1,16,0.015994,0,0,0.0640732,0.0069484,0.000678697,-0.000130799,0.00284796
2,16,0.0152873,0,0,0.0294396,0.00361196,1.49851e-05,0.00301491,0.00265513
3,16,0.0419319,0,0,0.029027,-0.00058741,-0.00226241,0.00294553,-0.00209765
4,16,-0.00452638,0,0,0.0766169,-0.0518106,0.00255752,-0.00224292,-0.000857387
5,16,0.0103707,0,0,0.0508512,0.0151639,0.000691421,-0.000242711,-0.00142295
6,16,0.00735953,0,0,0.0199727,-0.0332928,-0.00255504,0.00292209,-0.000234532
7,16,-0.00577209,0,0,0.00246925,0.0227537,0.00120429,-0.00264788,0.00306182
8,16,0.00251842,0,0,0.103439,-0.00808418,0.000143529,0.00763458,-0.0012635
9,16,-0.0010794,0,0,0.0839033,0.00496494,-0.000407717,-0.0042025,-0.000256224
10,16,0.000731703,0,0,0.0684075,0.0354522,-0.000126692,0.00803019,0.0003723
1,17,0.0132946,0,0,0.0293755,-0.0130683,-0.00176154,0.00190437,0.000548595
2,17,0.00409892,0,0,-0.0406649,-0.0431549,-0.0013672,-0.00206969,-0.000868223
3,17,0.00821028,0,0,-0.0215917,0.00982185,0.00221813,0.00530938,0.000366024
4,17,0.00546598,0,0,0.0368431,0.0294605,0.000745492,0.00041074,-0.00231679
5,17,0.0282205,0,0,-0.0493506,-0.0118233,0.00134913,0.00326487,-0.00325944
6,17,-0.00495851,0,0,0.072779,0.0236116,0.00227879,-0.00354,1.18669e-05
7,17,0.019832,0,0,-0.0392609,-0.0153669,-5.85999e-06,0.00190363,-0.00347688
8,17,-0.00154821,0,0,0.05429,-0.0115941,-0.00267448,0.0033077,-0.000770568
9,17,0.0318306,0,0,-0.000760442,0.00792512,-0.00086287,-0.00390165,-0.00271507
10,17,0.0162849,0,0,-0.0169086,-0.0160722,0.00155116,-0.00487208,4.4745e-05
1,18,-0.0201176,0,0,0.0103613,-0.00121146,-0.00125251,-0.00264876,-0.000866007
2,18,0.00715435,0,0,-0.0580851,-0.0106245,-0.00193629,-0.00269004,-0.000743278
3,18,0.00376927,0,0,-0.03218,-0.0177418,-0.000622366,-0.000516393,-0.00163283
4,18,0.0072454,0,0,0.0216015,0.026096,0.00293666,0.0008313,0.000676973
5,18,-0.0116979,0,0,-0.0367326,-0.00193517,0.000576682,0.0061765,0.00194548
6,18,-0.00389561,0,0,0.0255999,-0.0107053,-0.00164405,0.0111224,-0.00182082
7,18,-0.000992797,0,0,-0.0691948,-0.00477323,-0.00540758,-0.00596128,0.00120597
8,18,-0.00298464,0,0,0.0899717,0.0107041,-0.00224761,-0.0056343,-0.00211284
9,18,0.00430929,0,0,-0.0187407,-0.0193302,-0.000870239,-0.00534073,-0.000757659
10,18,-0.00208016,0,0,-0.015873,-0.00311016,-0.00167529,0.00416594,0.00551156
1,19,0.000525071,0,0,-0.111665,0.00263658,-0.00091285,-0.00149648,0.00177101
2,19,0.0109606,0,0,-0.120885,0.000453376,0.000668439,-0.00954915,-0.000834389
3,19,-0.00303859,0,0,-0.263472,-0.00507439,0.00161625,-0.000883444,0.00404144
4,19,0.00403782,0,0,-0.160056,0.00712214,-0.00714482,-0.00188117,-8.13362e-05
5,19,0.00741402,0,0,-0.167852,0.00802435,0.000201333,-0.00194606,0.00323573
6,19,0.00435316,0,0,-0.188147,0.0139725,0.00504281,-0.00753389,-0.000962778
7,19,-0.0127995,0,0,-0.15595,-0.00156044,0.000819371,-8.00763e-05,0.0012331
8,19,-0.00289745,0,0,-0.225259,-0.0296685,-0.00160516,-0.0027209,0.000583512
9,19,-0.0228118,0,0,-0.177256,0.000824152,-0.00235704,-1.96408e-05,0.00448014
10,19,0.000871149,0,0,-0.170789,0.0206982,-0.00330531,0.00101399,0.000998701
1,20,-0.0070034,0,0,0.132012,-0.00921977,-0.00135872,0.00171026,-0.00175794
2,20,0.0155815,0,0,0.0716937,0.00819824,0.00128447,-0.00115671,-0.000818526
3,20,0.0136488,0,0,0.0863186,0.00529291,0.000137726,-0.000786169,-0.00150321
4,20,0.0122055,0,0,0.0879811,0.038635,-0.000136902,0.000381812,-0.00387103
5,20,-0.002445,0,0,0.0556179,0.0236577,-0.00131112,0.000393629,-0.00277959
6,20,0.00427064,0,0,0.0630603,-0.0195545,-2.68636e-05,-0.000460196,0.00080506
7,20,0.00247832,0,0,0.0773345,0.0020853,-0.00204925,-0.00472428,0.00160286
8,20,0.0230922,0,0,0.106276,0.0118854,0.000551589,0.0101035,0.00215707
9,20,0.0119233,0,0,0.0942139,-0.00306861,0.000245405,0.00654067,0.000126441
10,20,0.00836544,0,0,0.0742901,-0.0136291,-0.00345824,-0.00274197,0.000176485
1,21,0.000742921,0,0,0.0158969,0.014802,-0.00101238,0.000206432,0.000923194
2,21,-0.00478373,0,0,-0.126887,-0.0199071,-0.00264839,-0.000397711,-0.000104877
3,21,0.00213723,0,0,-0.00863014,0.00657702,-0.00101617,-0.00430361,-0.00311649
4,21,0.00641345,0,0,-0.0122555,-0.00638304,-0.000664926,-0.00640385,0.00216877
5,21,-0.00246106,0,0,0.0500727,0.0200071,0.00249778,0.00281473,0.000938434
6,21,-0.00485988,0,0,0.0486921,0.0209078,0.0061712,-0.0030438,-0.00202376
7,21,-0.00258743,0,0,-0.016586,0.0358001,-0.00239918,-0.00289161,0.000859565
8,21,-0.0028872,0,0,-0.0103952,-0.0291792,0.00187215,0.00113563,-0.000730649
9,21,0.00940741,0,0,-0.0397157,0.0366825,-0.00329283,-0.00633121,0.000631081
10,21,0.00312012,0,0,-0.0914504,0.027859,0.000774778,0.00278623,-0.000714835
1,22,0.0152512,0,0,0.045687,0.00227811,0.000179938,-0.00572551,-0.0049124
2,22,0.00457329,0,0,0.0355347,-0.00160078,0.00216108,-0.00484133,-0.00299465
3,22,0.0133559,0,0,0.0503942,0.00307883,0.00377499,0.000885668,-0.0035517
4,22,0.0206078,0,0,0.0799779,0.00789781,0.000352334,0.00446474,-0.00123644
5,22,0.0293539,0,0,-0.0385978,-0.0277305,-0.00162602,0.00352379,-0.00039022
6,22,-0.0188916,0,0,0.186079,-0.025412,-0.00188813,-0.00247391,0.000578218
7,22,0.0201483,0,0,-0.015236,0.0501813,-0.000264898,0.00316084,-0.00176874
8,22,-0.000609147,0,0,0.0630527,0.00424869,-0.00169903,0.00139216,0.00320881
9,22,-0.0112089,0,0,0.107837,0.00913215,0.00306269,0.00142866,0.00136559
10,22,0.00699522,0,0,0.021601,0.022167,0.000294105,0.00646359,0.00168655
1,23,-0.0416232,0,0,-0.333212,-0.0114798,-2.78895e-05,-0.00443299,-0.001497
2,23,-0.0228348,0,0,-0.34156,-0.0008711,0.000247678,0.000802755,-0.00160752
3,23,-0.0103926,0,0,-0.45338,-0.00121075,0.000116581,0.00729062,-0.00045401
4,23,-0.0275227,0,0,-0.326185,-0.0281832,0.00100365,0.000800838,-0.000427739
5,23,-0.0191923,0,0,-0.331497,0.00367032,0.000534553,0.00417958,-0.000529895
6,23,-0.0365541,0,0,-0.330364,-0.000119927,-0.00240126,-0.00417358,-0.00067757
7,23,-0.0111977,0,0,-0.357234,-0.0465158,-0.000739723,0.00577061,0.000455978
8,23,-0.0330499,0,0,-0.339647,-0.0296778,-0.00210127,0.00529905,-0.000726342
9,23,-0.0353831,0,0,-0.299818,-0.0293787,-0.00288565,-0.00145503,0.000260403
10,23,-0.0204457,0,0,-0.417414,0.00380772,0.000798308,0.00774186,-0.00234525
1,24,0.000982562,0,0,0.0196086,0.00354703,-0.0031222,-4.46894e-05,-0.00289327
2,24,0.00607374,0,0,-0.079852,0.0130864,-0.00153785,0.00209628,0.000807895
3,24,-0.0130856,0,0,-0.0346905,-0.0382146,0.00181447,0.00549602,0.00079175
4,24,-0.00865634,0,0,0.0115188,0.0107901,-0.00247784,0.00797216,-0.00393124
5,24,0.00576647,0,0,-0.0587961,-0.00901732,0.00126431,-0.00176693,0.00203053
6,24,0.00336317,0,0,0.0157043,-0.003751,-0.0024992,0.00399646,-0.00125262
7,24,0.0100971,0,0,-0.0658924,0.0195021,-0.00165505,-0.00213691,0.0014945
8,24,-0.00576862,0,0,0.0590577,0.0125626,0.00030567,0.00457158,-0.00391569
9,24,0.00475227,0,0,-0.0362358,0.00732812,-0.00102342,0.00380688,-0.000838304
10,24,-0.00117686,0,0,-0.0605615,0.0172616,0.00158881,-0.00222747,0.00093369
1,25,-0.0158845,0,0,0.0667164,0.00890837,-0.000342135,-0.00542044,-0.00258832
2,25,0.00831471,0,0,0.0842363,0.00251448,-0.003098,-0.00853621,-0.00287854
3,25,0.000826391,0,0,0.0317604,0.011216,0.00315766,0.000112495,0.00404756
4,25,0.0151327,0,0,-0.0168602,0.0287122,-0.00218259,-0.00720815,-0.00409228
5,25,0.00565929,0,0,0.0652535,0.000589224,0.00440938,-0.00174015,-0.000389905
6,25,0.0132198,0,0,0.0253163,-0.00454923,0.000759286,0.00426104,-0.00396578
7,25,0.0126758,0,0,0.0433937,-0.0289645,0.00422183,0.00517925,0.000110467
8,25,0.00717201,0,0,0.0572189,0.0472636,-0.00245539,-0.00262254,-0.00098658
9,25,0.00798153,0,0,-0.0149578,0.0198764,-0.0018943,-0.00038556,-0.000596974
10,25,0.0223408,0,0,0.0726427,0.023638,0.00138481,0.00117712,-0.0006198
1,26,-0.00586291,0,0,0.0983167,0.0169201,-0.000754733,-0.00126065,2.56987e-05
2,26,0.0221717,0,0,-0.0417713,0.00217938,0.00160255,-0.00557135,-0.00104759
3,26,0.00860342,0,0,0.0524775,-0.0100108,0.00191396,-0.00405819,-0.00097232
4,26,-0.00580956,0,0,0.123496,-0.000142952,0.00563324,-0.0103448,-0.00341081
5,26,0.00397426,0,0,0.118158,0.0239366,0.00206176,-0.00561342,0.000272918
6,26,0.00606929,0,0,-0.00239041,-0.00398286,0.00269386,-0.00094171,0.00302051
7,26,0.0126367,0,0,0.0772234,0.0147783,0.00343794,-0.0011619,-0.00351375
8,26,0.00506582,0,0,0.0701397,-0.0301497,0.00338142,-0.00095727,-0.00045696
9,26,-0.00186349,0,0,0.135198,-0.038296,-0.000269212,-0.00146977,0.0010828
10,26,-0.00321265,0,0,0.0137745,0.00883686,0.00164317,-0.00295357,-0.000147182
1,27,-0.00671412,0,0,0.0383926,-0.0183484,0.0042164,0.0019459,4.8977e-05
2,27,0.00635375,0,0,0.0524188,-0.0270492,-0.00240809,0.00229765,0.00429027
3,27,-0.00117304,0,0,0.0443967,0.00188095,-0.000311173,0.00450074,-0.00496657
4,27,0.00328507,0,0,0.0825869,0.0178203,-0.0019899,0.0034888,-0.00302135
5,27,-0.00101076,0,0,0.128677,0.0113189,0.00120163,0.00217115,-0.000768049
6,27,-0.0106625,0,0,0.0846663,-0.000410652,0.00317889,0.00204522,0.00312692
7,27,0.0188615,0,0,0.00440108,0.016063,0.0019573,-0.00506377,-0.0028149
8,27,-0.0147878,0,0,0.169056,-0.0159652,0.00119693,0.0032463,-0.00124327
9,27,0.00370017,0,0,0.0315371,0.0109396,-0.00203036,0.00228564,0.0013764
10,27,-0.00929483,0,0,0.0715936,-0.0133122,-0.000746368,-0.010012,-0.00125215
1,28,-0.00686622,0,0,-0.13985,-0.016853,0.00130694,0.00398983,-0.00366914
2,28,-0.00928232,0,0,-0.0995082,-0.0191351,0.00342739,-0.00984446,0.00194519
3,28,0.00749705,0,0,-0.218786,-0.0121497,-0.00212739,-0.00274038,0.00357156
4,28,0.00039091,0,0,-0.113304,-0.0323885,-0.000494688,0.00136353,0.00178084
5,28,-0.00352737,0,0,-0.232561,0.00412119,-0.00109598,0.00147641,0.0022109
6,28,-0.0086157,0,0,-0.191433,-0.0223621,-0.00106646,0.00404676,-0.000483852
7,28,-0.00762772,0,0,-0.154432,0.0319867,-0.00250292,-0.00562117,0.00366224
8,28,0.00729618,0,0,-0.150877,-0.0266474,-0.000895096,-0.0080277,0.000346993
9,28,0.00992494,0,0,-0.187531,0.00224955,0.00285252,0.000451049,-0.00264087
10,28,0.0125494,0,0,-0.186566,-0.0156758,-0.00075729,-0.00919528,0.00170332
1,29,0.00695605,0,0,0.127801,-0.0273204,0.000173014,0.00117381,9.7095e-06
2,29,-0.00736191,0,0,0.0497971,-0.00149214,-0.00275495,-0.00594132,-0.00412043
3,29,0.0258659,0,0,0.0304483,0.0245925,0.00308217,0.00292613,-0.00426115
4,29,0.0156921,0,0,0.0752807,0.00294283,0.00159612,0.00858312,-0.00301009
5,29,0.0162846,0,0,0.013415,-0.0172579,0.0030852,0.000979216,-0.00393762
6,29,0.0244294,0,0,-0.0399887,0.0268779,-0.000631944,-0.00349444,0.00197478
7,29,0.000474997,0,0,0.0818781,-0.0132118,0.00109513,0.00599453,0.000667299
8,29,0.0143589,0,0,0.0555008,0.019404,-0.00307909,0.00451423,0.000243979
9,29,-0.0126511,0,0,0.0839723,-0.0154524,0.00255335,-0.00198644,-0.00194971
10,29,0.0226822,0,0,-0.0559684,0.000705295,-0.00162659,0.00777451,-0.00138378
1,30,-0.00439668,0,0,-0.311264,-0.0164022,-0.000754646,-0.00439952,0.00126172
2,30,-0.0153679,0,0,-0.27276,-0.0216931,0.00320398,-0.00722296,-0.000106084
3,30,-0.0114257,0,0,-0.326133,-0.0321558,0.00132647,-0.00205229,0.00341825
4,30,-0.0113066,0,0,-0.3221,-0.0229827,-0.0011414,-0.00386927,0.00335408
5,30,0.0194723,0,0,-0.381607,-0.00480541,0.00247132,-0.000942677,-7.42874e-05
6,30,0.00283713,0,0,-0.227867,-0.020579,0.00604005,-0.00387022,0.00281479
7,30,0.00209534,0,0,-0.287793,-0.0240599,0.00334822,-0.00461806,0.00263251
8,30,-0.0151255,0,0,-0.354722,-0.0153577,0.00310227,0.00116832,-0.000541213
9,30,-0.0196703,0,0,-0.32091,-0.0243543,0.00322203,0.000885708,-0.000491461
10,30,-0.0175824,0,0,-0.311245,-0.0202069,0.00444734,-0.00442182,-0.000544184
1,31,0.00585799,0,0,0.00988256,0.0104165,0.000146166,0.00448661,-0.00334137
2,31,-0.00941373,0,0,-0.0186183,-0.0256168,-0.000505141,-0.00578654,-0.00289214
3,31,-0.0143742,0,0,0.0147331,-0.0170596,0.000633631,-0.00216112,-0.00125825
4,31,-0.00537783,0,0,0.0315906,-0.00219614,0.000258741,-0.00342477,-0.00164869
5,31,-0.00838046,0,0,-0.0220296,-0.00612792,0.00286587,0.00350864,0.00248051
6,31,0.0069418,0,0,-0.0761976,0.0117,0.0041737,-0.00232517,-0.00091032
7,31,-0.0268711,0,0,0.0597666,-0.0319495,-0.000836577,-0.0021359,-0.00304978
8,31,0.000844979,0,0,0.0377237,-0.00743742,0.0026891,0.0021403,-0.000368766
9,31,-0.0076436,0,0,0.011567,0.00748317,0.000968811,-0.00855279,-0.00384609
10,31,-0.0131071,0,0,0.0466914,-0.0129212,-0.00239024,-0.00182954,-0.00103667
1,32,0.00990614,0,0,0.0966971,-0.0149058,0.00182995,0.0045402,-0.000137052
2,32,0.0307615,0,0,0.0297658,0.00263491,0.00162188,-0.00874356,-0.00129051
3,32,-0.0105465,0,0,0.189862,4.08389e-05,0.00169917,0.00365087,-0.00145648
4,32,0.0210801,0,0,0.0711743,-0.00878705,0.00216489,0.00510025,0.000269441
5,32,0.0166344,0,0,0.0465975,-0.0117427,0.00140043,0.001064,-0.00169641
6,32,0.0163323,0,0,0.0701033,-0.00888698,-0.0014101,0.00128418,0.002323
7,32,0.027029,0,0,0.0653753,-0.0125543,0.00286625,0.0037298,0.000928445
8,32,0.0186108,0,0,0.0951777,0.00145781,5.891e-05,0.00444177,0.000306309
9,32,0.0161347,0,0,0.00117725,0.0229471,0.00088215,-0.0046003,0.00349814
10,32,0.0347795,0,0,0.0323444,0.0020808,0.00433227,0.00358816,-0.000284596
1,33,-0.0300543,0,0,0.0826969,-0.00552848,0.00163309,-0.00255707,-0.00310841
2,33,-0.00276416,0,0,0.0110089,-0.0069987,-0.00148393,0.000980012,-0.00276922
3,33,-0.0178052,0,0,-0.0111551,-0.0246421,0.00157087,-0.000246124,0.00155428
4,33,-0.012233,0,0,-0.105234,-0.00464775,0.00122185,0.00366329,0.000797835
5,33,-0.00867381,0,0,-0.0565962,-0.0189399,0.00226812,-0.00179287,-0.00133192
6,33,-0.00126211,0,0,-0.0587921,-0.0143367,-0.000455742,0.00896287,0.0054828
7,33,-0.00189425,0,0,-0.0325367,-0.0245479,-0.00024632,0.00265913,-0.00135224
8,33,-0.0158308,0,0,0.0430199,-0.000666219,0.00274402,-0.00686376,-0.00183523
9,33,-0.00212327,0,0,0.00778059,-0.0160758,0.000290073,0.00343287,0.00109225
10,33,-0.00998213,0,0,-0.0163509,-0.00548646,0.000158964,0.00476011,-0.00344204
1,34,-0.000389476,0,0,-0.180431,0.021568,0.00054639,0.00344889,-0.00121257
2,34,0.00654213,0,0,-0.199243,0.0185331,-0.00485563,0.00400248,0.000804738
3,34,-0.0141159,0,0,-0.204482,-0.00025852,0.000393782,0.0024283,-0.00251458
4,34,-0.00862756,0,0,-0.11246,-0.0302256,-0.000127259,-0.000194039,-0.000688687
5,34,-0.0137661,0,0,-0.109432,0.00101013,0.00200068,0.000977762,-0.000138822
6,34,-0.0120236,0,0,-0.180726,0.0149297,-0.00120045,0.00335318,0.00133725
7,34,-0.01309,0,0,-0.221622,-0.0116457,-0.00173492,-0.00266154,-0.00141578
8,34,-0.0334749,0,0,-0.137636,0.0344125,-0.000251896,-0.00784812,-0.00245023
9,34,-0.0140686,0,0,-0.184168,0.0388898,-0.0002196,0.000899761,-0.0012798
10,34,0.00412825,0,0,-0.222144,0.0221223,-0.00213538,0.00231022,-0.00205679
1,35,0.0127579,0,0,0.0403903,0.0226916,0.00292929,0.00650144,0.00221431
2,35,0.00364463,0,0,0.037186,0.00771664,0.000799642,-0.00511053,-0.00109969
3,35,0.012567,0,0,0.0272911,0.0116978,0.000828769,0.00529279,-0.00107114
4,35,0.0027945,0,0,0.0516496,-0.0068898,0.00381193,-0.00378052,-0.00136797
5,35,0.00600316,0,0,0.0779953,0.00911861,0.000982941,0.00103122,0.000198705
6,35,0.00175711,0,0,0.0527729,0.0175352,-0.00184529,-0.00478194,0.000478666
7,35,0.0121966,0,0,0.0180792,-0.00996664,0.00276284,-0.00168948,-0.0024433
8,35,0.00514685,0,0,0.0167719,0.00705065,-8.03215e-05,-0.00133282,0.00544019
9,35,0.0115774,0,0,0.0482028,0.0035832,0.00134129,-0.0017874,0.00247541
10,35,0.00695271,0,0,0.0764227,-0.00673941,0.00104272,0.00205873,-0.000210709
1,36,0.00105152,0,0,0.054559,-0.00649243,-0.00450037,-0.00154324,-0.000331971
2,36,0.0167045,0,0,-0.0300899,-0.0122621,-8.21322e-05,-0.00235162,-0.00229232
3,36,0.0173041,0,0,-0.0849547,-0.0121498,-0.00263398,0.00643877,0.0011302
4,36,-6.71556e-07,0,0,0.0710895,-0.00654842,-0.0052002,0.000373627,0.00307394
5,36,0.0264031,0,0,0.00149864,-0.00966641,-0.0016392,-0.00554676,0.00325932
6,36,0.0276589,0,0,-0.036652,0.00846915,-0.0014602,0.00126973,0.000406063
7,36,0.0160488,0,0,0.026286,0.007018,-0.0013992,-0.00376332,-0.00207211
8,36,0.0114295,0,0,0.0721201,0.0128385,-0.00102744,-0.00580756,0.00206767
9,36,0.00811308,0,0,0.0254046,0.00952449,-0.00420597,-0.00554163,-0.0010714
10,36,0.0170267,0,0,0.0146197,-0.00885791,-0.000278029,0.000947285,0.00153912
1,37,0.0015646,0,0,0.0288815,-0.0173006,0.00180811,-0.00405875,-0.00376661
2,37,-0.0130279,0,0,0.137454,0.0148951,0.00027886,0.00394592,-0.000647664
3,37,-0.0100988,0,0,0.1253,0.0230956,0.000285301,-0.00444128,-0.00394511
4,37,-0.00259263,0,0,0.0701017,0.0121127,-0.00502475,0.00782863,-0.00250097
5,37,0.00921394,0,0,0.100125,-0.00726956,0.00161684,0.00641134,0.00029654
6,37,-0.000396456,0,0,0.155809,0.00754852,0.00067384,0.00815419,-0.000865685
7,37,0.00262476,0,0,0.11802,-0.00612417,0.000809925,-0.000255613,-0.00102505
8,37,-0.0102187,0,0,0.0875618,0.0440842,0.00226636,-0.00285917,-0.000978727
9,37,0.00682549,0,0,0.102543,0.000518794,0.00273869,-0.00557934,-0.000377105
10,37,-0.00425253,0,0,0.116732,-0.00808813,-0.00354563,0.00300079,0.00122573
1,38,-0.0120551,0,0,0.08503,-0.0143728,-0.00195235,0.00338686,-0.00158956
2,38,-0.00145397,0,0,-0.0402783,0.00449347,-0.00188853,0.00162198,-0.000429476
3,38,0.0185862,0,0,-0.0236966,0.00736826,0.000602867,0.00363655,-0.00259962
4,38,0.00930356,0,0,-0.0334471,0.0209161,0.000369062,-0.000823371,-0.000414105
5,38,0.0154449,0,0,0.0505606,0.045319,-0.00413221,0.00652745,-0.000690039
6,38,0.00488185,0,0,-0.0272188,0.00835193,0.00016008,-0.00273112,-0.000681759
7,38,0.00915437,0,0,-0.00207408,0.0232438,-0.00259856,0.00213017,-0.00376163
8,38,0.0147069,0,0,0.00760859,-0.00844383,0.000863722,-0.00396211,-0.00226688
9,38,0.0260697,0,0,-0.0773195,0.0254323,0.00158,0.000587229,-0.00100362
10,38,0.00983196,0,0,0.00507018,0.0209876,0.00196048,0.00288664,-0.00105531
1,39,0.0139386,0,0,0.0413977,0.0158505,-0.00464997,-0.00774894,0.00126357
2,39,0.0205936,0,0,0.0241235,0.00249634,0.00260452,0.00230811,0.000892225
3,39,0.0209041,0,0,0.0448839,-0.00681454,0.00146893,-0.00206966,-0.0033245
4,39,0.00818675,0,0,0.0197535,-0.000872487,-0.00222086,-0.00390667,5.61509e-05
5,39,0.0160501,0,0,0.120131,-0.0211413,0.00302889,0.00418062,-0.00336609
6,39,0.0146619,0,0,0.0705714,-0.01464,-0.0022563,-0.00326007,-0.00322595
7,39,0.022599,0,0,0.0420198,0.0242476,-0.00143171,-0.00237892,-0.00173743
8,39,0.0232858,0,0,0.0509304,-0.000369081,-0.000376446,-0.0019597,0.00229445
9,39,0.0120406,0,0,0.108339,0.0211241,0.000238279,-0.00383762,0.00226192
10,39,0.0392968,0,0,0.00335656,-0.0145032,0.00205369,0.00383347,0.000898017
1,40,-0.00319803,0,0,-0.301696,-0.00582267,0.00095019,-0.00139334,1.51139e-05
2,40,-0.0201252,0,0,-0.270149,-0.0130621,0.000190648,-0.00721991,-0.00204262
3,40,-0.0131347,0,0,-0.314638,-0.0108192,-0.00131478,0.00132424,0.000984656
4,40,-0.0338495,0,0,-0.232092,-0.0224976,-0.00099117,-0.00140613,0.00257702
5,40,-0.00898856,0,0,-0.267689,-0.0156285,-0.000618138,0.00424086,0.00228371
6,40,-0.0288871,0,0,-0.249271,0.0088842,0.00124506,-0.000653848,-0.00272338
7,40,-0.0304186,0,0,-0.23354,-0.0206301,-0.000845663,-0.0011465,0.00244957
8,40,-0.0270931,0,0,-0.316726,-0.0350936,-0.00211204,0.00462581,0.00214454
9,40,-0.0224358,0,0,-0.256213,-0.000454079,0.00259048,-0.0014261,-0.000111372
10,40,-0.0309706,0,0,-0.198491,-0.0206833,0.00135004,0.00151117,-0.0043054
1,41,-0.0219892,0,0,0.0137026,0.0210547,0.000438949,0.00639573,-0.00139005
2,41,-0.00873659,0,0,-0.0272436,0.0247001,0.00275958,-0.00409655,0.00134425
3,41,-0.0117396,0,0,0.0494829,0.00841577,0.000623326,0.00468555,-0.00119111
4,41,-0.00954698,0,0,-0.00334083,-0.0112504,-0.000730221,0.000182842,0.00106131
5,41,-0.00716671,0,0,-0.0160798,0.0452918,-0.000114497,0.00550856,-0.0033259
6,41,-0.0119256,0,0,0.0446277,0.0249716,0.000369197,0.00218381,-0.00198782
7,41,-0.00797276,0,0,-0.0126451,-0.013804,-0.00155713,-0.00279496,-0.00436934
8,41,-0.0184747,0,0,-0.0324591,-0.00258772,0.00291564,0.00421154,0.00198636
9,41,-0.00291682,0,0,-0.0448713,0.0108845,9.5535e-05,-0.000695744,-0.00272791
10,41,0.00107174,0,0,-0.0685027,0.0305268,-0.000483772,0.00474501,-0.00106519
1,42,-0.0127717,0,0,0.0310839,-0.0267644,0.0006714,-0.0032455,-0.000630785
2,42,-0.00184631,0,0,-0.0837909,0.00205577,-0.00102272,-0.00498867,0.00111903
3,42,-0.00454724,0,0,0.00305601,-0.0146962,-0.00180612,-0.00923637,0.0017259
4,42,0.0051513,0,0,-0.0297835,-0.0283843,0.00234794,-0.000373119,0.00117642
5,42,-0.0188433,0,0,-0.0416475,-0.00190102,-0.00119343,5.63531e-05,0.00190885
6,42,-0.00882252,0,0,-0.0221024,-0.00562147,-0.000535659,-0.00460299,-0.00113337
7,42,0.00332729,0,0,-0.0610688,0.00342938,0.000103187,0.00639279,0.0043844
8,42,-0.00622505,0,0,-0.0855199,-0.00196776,0.00203059,0.00159682,0.00178908
9,42,-0.0134941,0,0,-0.00479732,-0.0246932,-0.000368525,-0.00244578,-0.000310041
10,42,-0.00698372,0,0,-0.00695816,-0.0264189,0.00267881,-0.00410823,-0.00104805
1,43,-0.00270638,0,0,0.0954892,-0.00363379,-0.000709025,0.00884361,0.00179373
2,43,0.00900966,0,0,0.0748072,-0.00828836,0.00348867,0.00253301,-9.79701e-05
3,43,0.00380044,0,0,-0.019033,0.00189366,-0.00180867,0.00182857,-0.00283925
4,43,-0.00634864,0,0,0.0295799,0.027908,-0.000147209,-0.00176623,-0.0023344
5,43,0.00592118,0,0,0.0986073,-0.00791718,-0.00251506,-0.000226007,-0.00166744
6,43,0.00153688,0,0,0.0526356,0.0029944,-0.00148431,0.00903147,0.00343611
7,43,0.0098524,0,0,0.0416524,0.0190135,-0.00336784,-0.000901314,0.00066933
8,43,0.0128691,0,0,-0.0502985,0.00762897,-0.00295365,0.00516889,0.000126949
9,43,0.00229252,0,0,0.00722475,-0.0174012,0.00211682,-0.00455159,-0.00432074
10,43,0.00425473,0,0,0.0669772,0.0120754,-0.0020573,0.00184979,-0.00291194
1,44,-0.00191642,0,0,-0.0141175,-0.0113485,0.00243223,-0.00358501,0.00332008
2,44,0.00500937,0,0,-0.0629861,0.00341527,-0.000549292,-0.00107816,0.00330233
3,44,0.00711115,0,0,-0.0193376,-0.0254041,0.00215799,-0.00478073,0.00164709
4,44,-0.00251897,0,0,-0.0506829,-0.00783641,0.000341538,-0.00787435,0.000389762
5,44,0.00623845,0,0,-0.0997879,0.00512871,-0.00278867,-0.0118511,0.00192787
6,44,0.00294525,0,0,-0.0579783,-0.0153778,0.00127548,-0.00832204,0.00389066
7,44,0.0152986,0,0,-0.00754785,-0.00999768,-0.00091372,-0.00712108,0.0029638
8,44,-0.00477847,0,0,0.032384,-8.29899e-06,0.00275958,-0.012363,0.00205749
9,44,0.00302037,0,0,-0.0474906,-0.0192812,-0.00248885,-0.00256181,0.00358761
10,44,0.0099423,0,0,-0.0661448,-0.0206426,0.00134604,-0.00126964,0.00166195
1,45,-0.00737143,0,0,0.0903725,-0.000613402,-0.000902944,0.00284771,-0.00478434
2,45,-0.007152,0,0,0.00577022,0.000400739,-0.000329844,0.00731502,-0.000502124
3,45,0.0163761,0,0,0.0590949,0.00345495,0.00226877,0.00704462,-0.000892697
4,45,-0.00965001,0,0,0.0408139,-0.0109464,0.00169624,0.00419331,-0.00211021
5,45,0.0123666,0,0,0.0257345,-0.00113076,0.00137014,-0.00239301,-0.00281567
6,45,0.0109505,0,0,0.0133795,0.0102438,-0.00164355,0.00581819,0.000186995
7,45,0.00288369,0,0,0.038571,-0.0173916,-0.000149718,-0.00204166,-0.00198649
8,45,0.0219765,0,0,0.0344863,0.00189562,0.000577063,0.0048839,-0.00435411
9,45,0.000342629,0,0,0.0169854,0.0144217,0.00518995,0.00548656,-0.0046249
10,45,0.00166854,0,0,0.00340032,0.00211598,0.000841806,0.00762066,0.000428505
