rep,id,Cl,V1,Q,V2,S,R0,gamma,MTT
1,1,2.80507,0.39929,2.34107,5.05458,19.9587,983.183,0.436976,85.6088
2,1,2.80209,0.403215,2.34107,5.08073,19.9587,983.183,0.436976,85.0837
3,1,2.80355,0.382129,2.34107,5.06383,19.9587,983.183,0.436976,84.8682
4,1,2.8221,0.408411,2.34107,5.0037,19.9587,983.183,0.436976,85.0625
5,1,2.81318,0.371406,2.34107,5.03857,19.9587,983.183,0.436976,85.1315
6,1,2.80651,0.389721,2.34107,5.01493,19.9587,983.183,0.436976,84.966
7,1,2.82245,0.394328,2.34107,4.97783,19.9587,983.183,0.436976,84.9567
8,1,2.82173,0.404542,2.34107,4.97527,19.9587,983.183,0.436976,84.8422
9,1,2.81395,0.39062,2.34107,5.01376,19.9587,983.183,0.436976,84.992
10,1,2.80404,0.397452,2.34107,4.86137,19.9587,983.183,0.436976,84.8916
1,2,2.79344,0.526117,2.34107,4.99923,19.9587,983.183,0.436976,85.406
2,2,2.81711,0.517696,2.34107,5.0431,19.9587,983.183,0.436976,85.1148
3,2,2.80064,0.544744,2.34107,4.90706,19.9587,983.183,0.436976,85.3917
4,2,2.81348,0.53719,2.34107,4.98124,19.9587,983.183,0.436976,84.9653
5,2,2.82273,0.539069,2.34107,4.95738,19.9587,983.183,0.436976,85.4339
6,2,2.82669,0.518852,2.34107,4.87693,19.9587,983.183,0.436976,85.31
7,2,2.82798,0.528297,2.34107,4.96092,19.9587,983.183,0.436976,85.3644
8,2,2.82612,0.485243,2.34107,4.85964,19.9587,983.183,0.436976,84.9933
9,2,2.81778,0.535705,2.34107,5.06331,19.9587,983.183,0.436976,85.3365
10,2,2.82642,0.551275,2.34107,4.99547,19.9587,983.183,0.436976,85.3095
1,3,2.80385,0.987849,2.34107,5.00937,19.9587,983.183,0.436976,85.2614
2,3,2.81502,0.939194,2.34107,4.87894,19.9587,983.183,0.436976,85.4538
3,3,2.83017,0.981935,2.34107,4.9557,19.9587,983.183,0.436976,85.4549
4,3,2.81909,0.882068,2.34107,4.96173,19.9587,983.183,0.436976,85.2509
5,3,2.81626,0.915697,2.34107,4.86678,19.9587,983.183,0.436976,85.132
6,3,2.82485,1.00335,2.34107,4.95341,19.9587,983.183,0.436976,84.9836
7,3,2.80466,0.973893,2.34107,5.04077,19.9587,983.183,0.436976,85.1963
8,3,2.80121,0.964759,2.34107,4.89706,19.9587,983.183,0.436976,85.1405
9,3,2.81458,0.988298,2.34107,5.00979,19.9587,983.183,0.436976,85.2493
10,3,2.80736,0.949542,2.34107,4.90685,19.9587,983.183,0.436976,84.6775
1,4,2.82072,0.728894,2.34107,5.04175,19.9587,983.183,0.436976,84.741
2,4,2.82406,0.688621,2.34107,4.97908,19.9587,983.183,0.436976,84.9733
3,4,2.8231,0.700229,2.34107,5.04237,19.9587,983.183,0.436976,84.6809
4,4,2.82178,0.691452,2.34107,4.95076,19.9587,983.183,0.436976,85.0846
5,4,2.80997,0.772992,2.34107,4.97593,19.9587,983.183,0.436976,85.6179
6,4,2.80521,0.692674,2.34107,4.97499,19.9587,983.183,0.436976,84.5716
7,4,2.79412,0.707047,2.34107,4.96733,19.9587,983.183,0.436976,84.9551
8,4,2.82106,0.671154,2.34107,5.01421,19.9587,983.183,0.436976,85.2384
9,4,2.80847,0.684308,2.34107,4.92785,19.9587,983.183,0.436976,84.8502
10,4,2.8106,0.665913,2.34107,4.90135,19.9587,983.183,0.436976,85.3229
1,5,2.82261,1.06218,2.34107,4.93838,19.9587,983.183,0.436976,85.0202
2,5,2.80897,1.1494,2.34107,4.89052,19.9587,983.183,0.436976,84.9917
3,5,2.79204,1.20808,2.34107,4.92985,19.9587,983.183,0.436976,85.4736
4,5,2.81536,1.14915,2.34107,4.94424,19.9587,983.183,0.436976,84.7054
5,5,2.79974,1.14734,2.34107,4.84603,19.9587,983.183,0.436976,84.9807
6,5,2.7917,1.12417,2.34107,4.98253,19.9587,983.183,0.436976,85.0752
7,5,2.82053,1.09681,2.34107,4.8805,19.9587,983.183,0.436976,85.344
8,5,2.80625,1.13294,2.34107,4.93975,19.9587,983.183,0.436976,84.9606
9,5,2.8193,1.19514,2.34107,4.8736,19.9587,983.183,0.436976,85.1673
10,5,2.81144,1.10156,2.34107,4.97478,19.9587,983.183,0.436976,85.2386
1,6,2.79479,0.976223,2.34107,5.02839,19.9587,983.183,0.436976,85.4835
2,6,2.8287,1.07169,2.34107,4.8757,19.9587,983.183,0.436976,85.0714
3,6,2.84767,1.07833,2.34107,4.9527,19.9587,983.183,0.436976,85.0694
4,6,2.82985,1.01565,2.34107,5.01571,19.9587,983.183,0.436976,85.3273
5,6,2.82423,1.04877,2.34107,5.00548,19.9587,983.183,0.436976,85.0923
6,6,2.83475,1.04241,2.34107,4.92666,19.9587,983.183,0.436976,84.9351
7,6,2.8169,1.03263,2.34107,4.89391,19.9587,983.183,0.436976,84.9285
8,6,2.83408,1.03022,2.34107,5.04106,19.9587,983.183,0.436976,85.1158
9,6,2.84126,1.02763,2.34107,4.92483,19.9587,983.183,0.436976,85.5975
10,6,2.81455,1.01128,2.34107,4.98252,19.9587,983.183,0.436976,84.6221
1,7,2.83459,0.725699,2.34107,5.06036,19.9587,983.183,0.436976,85.3747
2,7,2.82553,0.817374,2.34107,4.95296,19.9587,983.183,0.436976,84.9853
3,7,2.81378,0.694194,2.34107,4.92583,19.9587,983.183,0.436976,85.0815
4,7,2.80714,0.708412,2.34107,4.93579,19.9587,983.183,0.436976,85.0987
5,7,2.83132,0.759361,2.34107,5.01629,19.9587,983.183,0.436976,85.2145
6,7,2.80715,0.731227,2.34107,5.13347,19.9587,983.183,0.436976,84.6318
7,7,2.83126,0.788538,2.34107,5.13248,19.9587,983.183,0.436976,84.782
8,7,2.82482,0.734223,2.34107,5.05118,19.9587,983.183,0.436976,85.1991
9,7,2.80288,0.701851,2.34107,4.87493,19.9587,983.183,0.436976,85.038
10,7,2.79701,0.723885,2.34107,5.09956,19.9587,983.183,0.436976,85.362
1,8,2.80212,0.990363,2.34107,4.99049,19.9587,983.183,0.436976,84.7225
2,8,2.81539,1.03828,2.34107,5.01018,19.9587,983.183,0.436976,84.7274
3,8,2.81192,1.09806,2.34107,4.99741,19.9587,983.183,0.436976,85.288
4,8,2.82366,1.03401,2.34107,4.92324,19.9587,983.183,0.436976,85.3917
5,8,2.81459,0.995424,2.34107,4.89438,19.9587,983.183,0.436976,85.116
6,8,2.81738,1.05279,2.34107,4.99795,19.9587,983.183,0.436976,85.2557
7,8,2.83071,1.01978,2.34107,4.91387,19.9587,983.183,0.436976,84.8762
8,8,2.82988,1.03091,2.34107,4.92683,19.9587,983.183,0.436976,85.1572
9,8,2.83089,0.981716,2.34107,4.94959,19.9587,983.183,0.436976,84.7018
10,8,2.82153,1.035,2.34107,5.08903,19.9587,983.183,0.436976,85.4588
1,9,2.83025,0.900393,2.34107,4.92206,19.9587,983.183,0.436976,85.4451
2,9,2.81886,0.918064,2.34107,4.99748,19.9587,983.183,0.436976,85.1285
3,9,2.8263,0.842759,2.34107,4.97804,19.9587,983.183,0.436976,84.9638
4,9,2.82093,0.897351,2.34107,4.86737,19.9587,983.183,0.436976,85.1916
5,9,2.82373,0.913446,2.34107,5.00069,19.9587,983.183,0.436976,85.2314
6,9,2.81876,0.884707,2.34107,4.92295,19.9587,983.183,0.436976,84.8358
7,9,2.8192,0.836842,2.34107,4.93215,19.9587,983.183,0.436976,85.1505
8,9,2.8177,0.885231,2.34107,4.99487,19.9587,983.183,0.436976,85.347
9,9,2.82081,0.921865,2.34107,4.89416,19.9587,983.183,0.436976,85.2525
10,9,2.81494,0.927045,2.34107,4.90081,19.9587,983.183,0.436976,84.7979
1,10,2.83304,0.882431,2.34107,4.89086,19.9587,983.183,0.436976,85.5597
2,10,2.78887,0.910974,2.34107,4.91445,19.9587,983.183,0.436976,85.2146
3,10,2.80649,0.933886,2.34107,4.94648,19.9587,983.183,0.436976,85.3324
4,10,2.81294,0.887903,2.34107,4.85797,19.9587,983.183,0.436976,84.8984
5,10,2.81002,0.891038,2.34107,4.98789,19.9587,983.183,0.436976,84.8274
6,10,2.82145,0.934152,2.34107,4.84543,19.9587,983.183,0.436976,85.1164
7,10,2.80546,0.929882,2.34107,4.88523,19.9587,983.183,0.436976,84.9781
8,10,2.82067,0.860991,2.34107,4.9009,19.9587,983.183,0.436976,85.1901
9,10,2.80538,0.930521,2.34107,4.98264,19.9587,983.183,0.436976,84.9575
10,10,2.8338,0.93476,2.34107,4.94365,19.9587,983.183,0.436976,85.1265
1,11,2.83931,1.3811,2.34107,4.99821,19.9587,983.183,0.436976,84.9925
2,11,2.83127,1.34512,2.34107,4.94134,19.9587,983.183,0.436976,85.5879
3,11,2.81769,1.31313,2.34107,4.97021,19.9587,983.183,0.436976,84.924
4,11,2.80317,1.32168,2.34107,4.92855,19.9587,983.183,0.436976,85.1582
5,11,2.81448,1.30978,2.34107,4.9873,19.9587,983.183,0.436976,84.9718
6,11,2.82172,1.33401,2.34107,4.88784,19.9587,983.183,0.436976,85.537
7,11,2.8105,1.20172,2.34107,4.97328,19.9587,983.183,0.436976,85.3572
8,11,2.81444,1.23788,2.34107,4.89224,19.9587,983.183,0.436976,85.1545
9,11,2.83393,1.35165,2.34107,5.02056,19.9587,983.183,0.436976,84.9988
10,11,2.8219,1.36181,2.34107,4.9454,19.9587,983.183,0.436976,85.3703
1,12,2.803,0.554088,2.34107,5.03092,19.9587,983.183,0.436976,85.452
2,12,2.81444,0.560604,2.34107,5.0101,19.9587,983.183,0.436976,85.0588
3,12,2.79969,0.572664,2.34107,4.88221,19.9587,983.183,0.436976,85.2754
4,12,2.81771,0.56391,2.34107,4.87892,19.9587,983.183,0.436976,85.1142
5,12,2.81163,0.59416,2.34107,4.93091,19.9587,983.183,0.436976,84.994
6,12,2.80922,0.585999,2.34107,4.87284,19.9587,983.183,0.436976,85.4296
7,12,2.80476,0.54006,2.34107,4.8881,19.9587,983.183,0.436976,85.4977
8,12,2.82101,0.607645,2.34107,4.92944,19.9587,983.183,0.436976,85.1318
9,12,2.81106,0.560424,2.34107,4.90014,19.9587,983.183,0.436976,84.9307
10,12,2.80689,0.588066,2.34107,4.91913,19.9587,983.183,0.436976,84.6726
1,13,2.82365,0.560944,2.34107,4.96326,19.9587,983.183,0.436976,84.8084
2,13,2.80924,0.582756,2.34107,5.17513,19.9587,983.183,0.436976,85.2437
3,13,2.82044,0.556274,2.34107,4.98552,19.9587,983.183,0.436976,85.1547
4,13,2.81644,0.585268,2.34107,5.0094,19.9587,983.183,0.436976,84.8991
5,13,2.81713,0.560288,2.34107,5.05101,19.9587,983.183,0.436976,85.3348
6,13,2.82337,0.593102,2.34107,4.99465,19.9587,983.183,0.436976,85.4969
7,13,2.81303,0.540385,2.34107,5.03654,19.9587,983.183,0.436976,85.0896
8,13,2.81371,0.545675,2.34107,4.99417,19.9587,983.183,0.436976,84.8439
9,13,2.80997,0.591965,2.34107,5.04391,19.9587,983.183,0.436976,85.6025
10,13,2.79045,0.571501,2.34107,5.08098,19.9587,983.183,0.436976,84.7592
1,14,2.81889,0.682706,2.34107,5.01905,19.9587,983.183,0.436976,85.3365
2,14,2.81527,0.609178,2.34107,4.88008,19.9587,983.183,0.436976,85.4197
3,14,2.82424,0.625771,2.34107,4.97878,19.9587,983.183,0.436976,85.0375
4,14,2.82943,0.637854,2.34107,5.07141,19.9587,983.183,0.436976,84.7887
5,14,2.82425,0.615202,2.34107,5.0373,19.9587,983.183,0.436976,84.8851
6,14,2.79723,0.657293,2.34107,4.90893,19.9587,983.183,0.436976,84.8636
7,14,2.83752,0.660904,2.34107,4.98741,19.9587,983.183,0.436976,84.7617
8,14,2.82082,0.625337,2.34107,4.90366,19.9587,983.183,0.436976,85.4418
9,14,2.80778,0.655555,2.34107,5.0473,19.9587,983.183,0.436976,85.0598
10,14,2.79695,0.63331,2.34107,4.98246,19.9587,983.183,0.436976,85.155
1,15,2.82263,0.641021,2.34107,4.96799,19.9587,983.183,0.436976,85.2589
2,15,2.818,0.641701,2.34107,4.88434,19.9587,983.183,0.436976,85.0372
3,15,2.83505,0.64086,2.34107,4.92972,19.9587,983.183,0.436976,85.0452
4,15,2.79605,0.668041,2.34107,4.84758,19.9587,983.183,0.436976,84.9549
5,15,2.80466,0.622626,2.34107,4.86492,19.9587,983.183,0.436976,84.8173
6,15,2.82934,0.665092,2.34107,5.00182,19.9587,983.183,0.436976,84.8831
7,15,2.81159,0.647357,2.34107,4.92816,19.9587,983.183,0.436976,85.1307
8,15,2.80894,0.683181,2.34107,5.0642,19.9587,983.183,0.436976,84.9964
9,15,2.81047,0.669687,2.34107,4.91097,19.9587,983.183,0.436976,85.0341
10,15,2.80594,0.674838,2.34107,4.99643,19.9587,983.183,0.436976,84.7823
1,16,2.81903,0.640694,2.34107,5.05843,19.9587,983.183,0.436976,85.1335
2,16,2.80958,0.622587,2.34107,4.98451,19.9587,983.183,0.436976,85.0629
3,16,2.81719,0.622786,2.34107,5.0266,19.9587,983.183,0.436976,85.3013
4,16,2.81563,0.619484,2.34107,4.96853,19.9587,983.183,0.436976,85.0629
5,16,2.79615,0.62882,2.34107,4.98529,19.9587,983.183,0.436976,85.1591
6,16,2.82513,0.598961,2.34107,4.97692,19.9587,983.183,0.436976,85.0542
7,16,2.80042,0.569354,2.34107,4.92662,19.9587,983.183,0.436976,84.977
8,16,2.80836,0.638426,2.34107,4.95275,19.9587,983.183,0.436976,85.5497
9,16,2.81037,0.612218,2.34107,4.90558,19.9587,983.183,0.436976,84.9686
10,16,2.80157,0.615306,2.34107,4.97768,19.9587,983.183,0.436976,85.3574
1,17,2.80687,0.51281,2.34107,4.87594,19.9587,983.183,0.436976,85.0207
2,17,2.79756,0.518969,2.34107,4.94244,19.9587,983.183,0.436976,84.9963
3,17,2.80408,0.543687,2.34107,4.88746,19.9587,983.183,0.436976,84.9565
4,17,2.81691,0.470969,2.34107,4.941,19.9587,983.183,0.436976,84.9227
5,17,2.81827,0.503217,2.34107,4.8757,19.9587,983.183,0.436976,85.1016
6,17,2.81269,0.491801,2.34107,4.8934,19.9587,983.183,0.436976,85.2332
7,17,2.80583,0.474008,2.34107,4.9384,19.9587,983.183,0.436976,85.0088
8,17,2.79171,0.513965,2.34107,5.09381,19.9587,983.183,0.436976,85.3103
9,17,2.82183,0.50174,2.34107,4.94138,19.9587,983.183,0.436976,85.2902
10,17,2.80584,0.517506,2.34107,4.92893,19.9587,983.183,0.436976,85.0646
1,18,2.8095,0.623954,2.34107,5.00093,19.9587,983.183,0.436976,85.3208
2,18,2.80691,0.599561,2.34107,5.05057,19.9587,983.183,0.436976,84.9747
3,18,2.80778,0.646471,2.34107,5.081,19.9587,983.183,0.436976,85.0312
4,18,2.81787,0.629643,2.34107,5.00115,19.9587,983.183,0.436976,84.8513
5,18,2.80993,0.623191,2.34107,4.94801,19.9587,983.183,0.436976,85.204
6,18,2.79797,0.616069,2.34107,5.01053,19.9587,983.183,0.436976,85.0085
7,18,2.81207,0.638352,2.34107,4.84439,19.9587,983.183,0.436976,85.1096
8,18,2.81317,0.624675,2.34107,4.99292,19.9587,983.183,0.436976,85.1657
9,18,2.80434,0.610748,2.34107,5.03744,19.9587,983.183,0.436976,84.9903
10,18,2.81849,0.609701,2.34107,4.90886,19.9587,983.183,0.436976,84.8834
1,19,2.82944,0.941085,2.34107,4.76439,19.9587,983.183,0.436976,85.1985
2,19,2.8163,0.983171,2.34107,4.95881,19.9587,983.183,0.436976,84.8741
3,19,2.8139,0.970409,2.34107,5.03581,19.9587,983.183,0.436976,85.186
4,19,2.80706,0.987138,2.34107,4.94598,19.9587,983.183,0.436976,85.0888
5,19,2.83163,0.942066,2.34107,4.96772,19.9587,983.183,0.436976,85.153
6,19,2.81486,0.958064,2.34107,4.96401,19.9587,983.183,0.436976,85.2836
7,19,2.82581,0.955607,2.34107,5.03612,19.9587,983.183,0.436976,85.1082
8,19,2.82648,0.941974,2.34107,4.88231,19.9587,983.183,0.436976,85.1708
9,19,2.82099,0.996412,2.34107,4.94981,19.9587,983.183,0.436976,85.3974
10,19,2.84151,0.991778,2.34107,4.91331,19.9587,983.183,0.436976,85.2511
1,20,2.80538,0.499198,2.34107,5.05123,19.9587,983.183,0.436976,84.8928
2,20,2.78869,0.492878,2.34107,4.99355,19.9587,983.183,0.436976,85.2953
3,20,2.80487,0.464245,2.34107,5.12517,19.9587,983.183,0.436976,85.198
4,20,2.80972,0.502109,2.34107,5.08857,19.9587,983.183,0.436976,84.9504
5,20,2.82676,0.494275,2.34107,4.96291,19.9587,983.183,0.436976,85.0317
6,20,2.81855,0.51195,2.34107,5.06437,19.9587,983.183,0.436976,85.0567
7,20,2.82741,0.472514,2.34107,5.07597,19.9587,983.183,0.436976,85.0409
8,20,2.80177,0.492298,2.34107,5.06269,19.9587,983.183,0.436976,85.3395
9,20,2.79322,0.527084,2.34107,5.11911,19.9587,983.183,0.436976,85.0172
10,20,2.82788,0.520066,2.34107,5.05359,19.9587,983.183,0.436976,85.1249
1,21,2.82135,0.722479,2.34107,4.904,19.9587,983.183,0.436976,85.2655
2,21,2.83514,0.797544,2.34107,4.85548,19.9587,983.183,0.436976,84.7579
3,21,2.82332,0.799391,2.34107,5.06697,19.9587,983.183,0.436976,85.1823
4,21,2.82921,0.749228,2.34107,4.92216,19.9587,983.183,0.436976,85.1616
5,21,2.82901,0.769609,2.34107,5.02527,19.9587,983.183,0.436976,84.9357
6,21,2.81139,0.778283,2.34107,4.92159,19.9587,983.183,0.436976,85.2697
7,21,2.82066,0.771227,2.34107,5.05227,19.9587,983.183,0.436976,85.2065
8,21,2.81322,0.796686,2.34107,5.02776,19.9587,983.183,0.436976,85.4752
9,21,2.81184,0.791549,2.34107,5.01823,19.9587,983.183,0.436976,84.828
10,21,2.81995,0.76459,2.34107,4.88568,19.9587,983.183,0.436976,84.8543
1,22,2.80236,0.463949,2.34107,4.91704,19.9587,983.183,0.436976,85.1418
2,22,2.80948,0.499803,2.34107,5.12673,19.9587,983.183,0.436976,85.0544
3,22,2.81697,0.440698,2.34107,4.99149,19.9587,983.183,0.436976,84.6765
4,22,2.82167,0.46982,2.34107,4.87689,19.9587,983.183,0.436976,85.1061
5,22,2.81616,0.475018,2.34107,4.92564,19.9587,983.183,0.436976,85.1386
6,22,2.82721,0.446869,2.34107,4.96143,19.9587,983.183,0.436976,85.0336
7,22,2.8056,0.449471,2.34107,5.03915,19.9587,983.183,0.436976,85.2953
8,22,2.82021,0.438569,2.34107,5.00438,19.9587,983.183,0.436976,85.0844
9,22,2.82918,0.489963,2.34107,4.93724,19.9587,983.183,0.436976,84.9798
10,22,2.82249,0.447181,2.34107,4.96343,19.9587,983.183,0.436976,85.2302
1,23,2.79342,1.16669,2.34107,4.97781,19.9587,983.183,0.436976,85.3371
2,23,2.81595,1.19197,2.34107,5.01889,19.9587,983.183,0.436976,84.7224
3,23,2.82477,1.21363,2.34107,4.81185,19.9587,983.183,0.436976,85.059
4,23,2.81373,1.12725,2.34107,4.85958,19.9587,983.183,0.436976,85.0341
5,23,2.80578,1.21363,2.34107,4.95926,19.9587,983.183,0.436976,84.4496
6,23,2.80651,1.20201,2.34107,4.97306,19.9587,983.183,0.436976,84.392
7,23,2.81245,1.1599,2.34107,4.87674,19.9587,983.183,0.436976,85.1393
8,23,2.80582,1.17152,2.34107,4.8904,19.9587,983.183,0.436976,85.1505
9,23,2.811,1.17489,2.34107,5.03555,19.9587,983.183,0.436976,84.9818
10,23,2.82328,1.27142,2.34107,4.95417,19.9587,983.183,0.436976,84.6765
1,24,2.80675,0.714547,2.34107,4.95691,19.9587,983.183,0.436976,84.5724
2,24,2.82501,0.707546,2.34107,5.03717,19.9587,983.183,0.436976,84.8589
3,24,2.82752,0.736524,2.34107,4.90162,19.9587,983.183,0.436976,84.837
4,24,2.81426,0.719892,2.34107,4.94896,19.9587,983.183,0.436976,84.9856
5,24,2.82436,0.760181,2.34107,4.96369,19.9587,983.183,0.436976,85.0457
6,24,2.82111,0.738439,2.34107,5.02614,19.9587,983.183,0.436976,85.1173
7,24,2.7881,0.779653,2.34107,5.03471,19.9587,983.183,0.436976,85.0368
8,24,2.8196,0.745194,2.34107,5.08522,19.9587,983.183,0.436976,85.0893
9,24,2.81071,0.766411,2.34107,5.05813,19.9587,983.183,0.436976,84.9682
10,24,2.8175,0.757121,2.34107,4.97575,19.9587,983.183,0.436976,84.9807
1,25,2.81758,0.622098,2.34107,5.08694,19.9587,983.183,0.436976,85.0863
2,25,2.82207,0.645206,2.34107,5.12313,19.9587,983.183,0.436976,84.998
3,25,2.81655,0.595478,2.34107,4.92708,19.9587,983.183,0.436976,85.0908
4,25,2.82943,0.648051,2.34107,5.03976,19.9587,983.183,0.436976,85.2526
5,25,2.81221,0.622191,2.34107,4.97405,19.9587,983.183,0.436976,84.8126
6,25,2.81549,0.649833,2.34107,4.98448,19.9587,983.183,0.436976,84.7876
7,25,2.82193,0.680064,2.34107,4.97758,19.9587,983.183,0.436976,85.4116
8,25,2.81525,0.647834,2.34107,4.98534,19.9587,983.183,0.436976,84.6334
9,25,2.81458,0.635179,2.34107,5.00715,19.9587,983.183,0.436976,85.2521
10,25,2.80694,0.645515,2.34107,5.00303,19.9587,983.183,0.436976,84.7978
1,26,2.8267,0.511976,2.34107,4.95178,19.9587,983.183,0.436976,85.0134
2,26,2.80425,0.536208,2.34107,4.99421,19.9587,983.183,0.436976,85.1171
3,26,2.81971,0.538814,2.34107,5.05112,19.9587,983.183,0.436976,85.3291
4,26,2.81701,0.529094,2.34107,4.98686,19.9587,983.183,0.436976,84.8021
5,26,2.8044,0.515306,2.34107,4.92593,19.9587,983.183,0.436976,85.35
6,26,2.82112,0.585228,2.34107,4.95378,19.9587,983.183,0.436976,84.9739
7,26,2.82998,0.576565,2.34107,5.06318,19.9587,983.183,0.436976,85.5894
8,26,2.8213,0.571484,2.34107,5.03685,19.9587,983.183,0.436976,84.9406
9,26,2.81349,0.516747,2.34107,4.834,19.9587,983.183,0.436976,85.3603
10,26,2.81308,0.546517,2.34107,4.92627,19.9587,983.183,0.436976,85.213
1,27,2.8207,0.614199,2.34107,4.98939,19.9587,983.183,0.436976,85.1007
2,27,2.8254,0.623304,2.34107,4.85387,19.9587,983.183,0.436976,85.1597
3,27,2.8,0.611286,2.34107,4.98638,19.9587,983.183,0.436976,85.5096
4,27,2.81968,0.609723,2.34107,5.07366,19.9587,983.183,0.436976,84.9942
5,27,2.81223,0.603874,2.34107,5.08468,19.9587,983.183,0.436976,84.9524
6,27,2.82805,0.628665,2.34107,4.98371,19.9587,983.183,0.436976,84.7609
7,27,2.829,0.54302,2.34107,4.9511,19.9587,983.183,0.436976,84.8612
8,27,2.8044,0.563483,2.34107,4.99333,19.9587,983.183,0.436976,85.2957
9,27,2.81131,0.602939,2.34107,5.05921,19.9587,983.183,0.436976,85.3479
10,27,2.8026,0.567572,2.34107,4.98018,19.9587,983.183,0.436976,85.0246
1,28,2.82518,0.970669,2.34107,5.04402,19.9587,983.183,0.436976,85.1971
2,28,2.82728,0.942374,2.34107,5.00867,19.9587,983.183,0.436976,85.4989
3,28,2.82201,1.01783,2.34107,4.96048,19.9587,983.183,0.436976,85.5099
4,28,2.83008,0.951842,2.34107,5.08532,19.9587,983.183,0.436976,85.4339
5,28,2.80557,0.967406,2.34107,4.99299,19.9587,983.183,0.436976,85.4039
6,28,2.83218,0.987493,2.34107,5.08404,19.9587,983.183,0.436976,85.5659
7,28,2.81223,0.926241,2.34107,4.97533,19.9587,983.183,0.436976,85.3412
8,28,2.82592,0.971071,2.34107,5.07075,19.9587,983.183,0.436976,85.1198
9,28,2.82156,0.940875,2.34107,4.9504,19.9587,983.183,0.436976,85.1291
10,28,2.80702,0.9774,2.34107,4.9638,19.9587,983.183,0.436976,85.2264
1,29,2.81761,0.640447,2.34107,5.03039,19.9587,983.183,0.436976,85.277
2,29,2.82286,0.693513,2.34107,4.93352,19.9587,983.183,0.436976,84.8474
3,29,2.80829,0.619487,2.34107,4.96875,19.9587,983.183,0.436976,84.9727
4,29,2.8047,0.616533,2.34107,4.86328,19.9587,983.183,0.436976,84.9727
5,29,2.82074,0.624926,2.34107,4.99384,19.9587,983.183,0.436976,84.6327
6,29,2.82041,0.682903,2.34107,5.0596,19.9587,983.183,0.436976,84.8938
7,29,2.82305,0.639437,2.34107,5.06461,19.9587,983.183,0.436976,85.2096
8,29,2.8201,0.62706,2.34107,5.05888,19.9587,983.183,0.436976,84.7559
9,29,2.82604,0.637962,2.34107,5.05586,19.9587,983.183,0.436976,85.2425
10,29,2.84394,0.65086,2.34107,5.01814,19.9587,983.183,0.436976,85.0689
1,30,2.81073,1.10062,2.34107,4.97249,19.9587,983.183,0.436976,85.4026
2,30,2.8155,1.12596,2.34107,5.00033,19.9587,983.183,0.436976,85.0013
3,30,2.81532,1.09395,2.34107,4.88795,19.9587,983.183,0.436976,85.3524
4,30,2.83655,1.16222,2.34107,5.03341,19.9587,983.183,0.436976,85.2426
5,30,2.8186,1.13396,2.34107,4.95857,19.9587,983.183,0.436976,85.4832
6,30,2.81988,1.04657,2.34107,4.93617,19.9587,983.183,0.436976,85.3322
7,30,2.82774,1.14727,2.34107,4.96074,19.9587,983.183,0.436976,85.3885
8,30,2.80931,1.09063,2.34107,4.97977,19.9587,983.183,0.436976,84.9009
9,30,2.82568,1.09406,2.34107,4.8885,19.9587,983.183,0.436976,85.1598
10,30,2.81942,1.07845,2.34107,4.98955,19.9587,983.183,0.436976,85.158
1,31,2.80451,0.827919,2.34107,5.15688,19.9587,983.183,0.436976,84.996
2,31,2.83951,0.85173,2.34107,4.99393,19.9587,983.183,0.436976,84.7712
3,31,2.81228,0.801437,2.34107,4.82604,19.9587,983.183,0.436976,84.7872
4,31,2.79622,0.786603,2.34107,4.94392,19.9587,983.183,0.436976,84.8568
5,31,2.80991,0.816413,2.34107,5.076,19.9587,983.183,0.436976,85.0419
6,31,2.81706,0.843241,2.34107,4.97725,19.9587,983.183,0.436976,84.9247
7,31,2.82451,0.828328,2.34107,4.96456,19.9587,983.183,0.436976,85.1265
8,31,2.82109,0.802739,2.34107,5.01087,19.9587,983.183,0.436976,84.868
9,31,2.8125,0.811511,2.34107,4.96543,19.9587,983.183,0.436976,84.8141
10,31,2.83329,0.781224,2.34107,5.02066,19.9587,983.183,0.436976,85.0577
1,32,2.81525,0.302038,2.34107,4.87101,19.9587,983.183,0.436976,85.0352
2,32,2.80623,0.327393,2.34107,5.02234,19.9587,983.183,0.436976,85.0994
3,32,2.80554,0.339172,2.34107,4.91797,19.9587,983.183,0.436976,85.2963
4,32,2.80521,0.310117,2.34107,5.06428,19.9587,983.183,0.436976,85.3739
5,32,2.80417,0.321335,2.34107,5.01504,19.9587,983.183,0.436976,84.878
6,32,2.8168,0.339314,2.34107,5.08784,19.9587,983.183,0.436976,84.9203
7,32,2.83216,0.331867,2.34107,5.00863,19.9587,983.183,0.436976,85.5244
8,32,2.8003,0.327075,2.34107,4.97115,19.9587,983.183,0.436976,85.5223
9,32,2.80001,0.316142,2.34107,4.84908,19.9587,983.183,0.436976,85.4566
10,32,2.83074,0.318991,2.34107,4.95804,19.9587,983.183,0.436976,84.8035
1,33,2.81513,0.733759,2.34107,5.15873,19.9587,983.183,0.436976,84.7395
2,33,2.79111,0.800858,2.34107,5.10337,19.9587,983.183,0.436976,84.8522
3,33,2.80898,0.736106,2.34107,5.04797,19.9587,983.183,0.436976,84.9603
4,33,2.81869,0.844319,2.34107,4.94137,19.9587,983.183,0.436976,85.1218
5,33,2.81857,0.743096,2.34107,5.022,19.9587,983.183,0.436976,85.1606
6,33,2.80984,0.810333,2.34107,5.01482,19.9587,983.183,0.436976,84.784
7,33,2.8167,0.766721,2.34107,4.96449,19.9587,983.183,0.436976,84.6518
8,33,2.81941,0.751689,2.34107,5.07096,19.9587,983.183,0.436976,84.9532
9,33,2.79838,0.814174,2.34107,5.03739,19.9587,983.183,0.436976,85.1233
10,33,2.81415,0.768503,2.34107,4.96201,19.9587,983.183,0.436976,84.7691
1,34,2.80706,0.917257,2.34107,4.9778,19.9587,983.183,0.436976,84.9641
2,34,2.81385,0.92277,2.34107,5.01835,19.9587,983.183,0.436976,84.8978
3,34,2.81545,0.919772,2.34107,4.96218,19.9587,983.183,0.436976,84.9864
4,34,2.81641,0.919207,2.34107,4.95344,19.9587,983.183,0.436976,85.0436
5,34,2.82036,0.931195,2.34107,4.91488,19.9587,983.183,0.436976,84.6906
6,34,2.80623,0.931428,2.34107,4.81078,19.9587,983.183,0.436976,85.0091
7,34,2.82091,0.946533,2.34107,5.00434,19.9587,983.183,0.436976,84.779
8,34,2.81938,0.983464,2.34107,4.94763,19.9587,983.183,0.436976,85.3892
9,34,2.8323,0.894933,2.34107,4.92277,19.9587,983.183,0.436976,84.9631
10,34,2.81196,0.917709,2.34107,5.00233,19.9587,983.183,0.436976,85.027
1,35,2.81809,0.499547,2.34107,5.00703,19.9587,983.183,0.436976,85.3347
2,35,2.83083,0.493791,2.34107,4.96206,19.9587,983.183,0.436976,84.9946
3,35,2.80941,0.504949,2.34107,5.08082,19.9587,983.183,0.436976,85.2561
4,35,2.81834,0.504995,2.34107,5.01032,19.9587,983.183,0.436976,85.0131
5,35,2.81944,0.502172,2.34107,4.96068,19.9587,983.183,0.436976,85.4737
6,35,2.80657,0.493257,2.34107,4.94303,19.9587,983.183,0.436976,85.3601
7,35,2.80253,0.487375,2.34107,4.91765,19.9587,983.183,0.436976,84.8397
8,35,2.82798,0.483429,2.34107,4.95671,19.9587,983.183,0.436976,85.2419
9,35,2.80828,0.502281,2.34107,4.9582,19.9587,983.183,0.436976,85.2577
10,35,2.80535,0.479971,2.34107,4.93419,19.9587,983.183,0.436976,85.4196
1,36,2.82334,0.404838,2.34107,4.91244,19.9587,983.183,0.436976,85.266
2,36,2.83082,0.415446,2.34107,4.92508,19.9587,983.183,0.436976,85.6261
3,36,2.81782,0.412877,2.34107,4.95178,19.9587,983.183,0.436976,85.2474
4,36,2.8348,0.433407,2.34107,4.9211,19.9587,983.183,0.436976,85.4536
5,36,2.80392,0.426483,2.34107,5.04671,19.9587,983.183,0.436976,85.4943
6,36,2.81855,0.434961,2.34107,4.9524,19.9587,983.183,0.436976,85.1812
7,36,2.80629,0.410845,2.34107,4.95888,19.9587,983.183,0.436976,85.3789
8,36,2.82126,0.401227,2.34107,4.9775,19.9587,983.183,0.436976,85.5184
9,36,2.83151,0.438724,2.34107,4.82025,19.9587,983.183,0.436976,85.5244
10,36,2.82748,0.410377,2.34107,4.88015,19.9587,983.183,0.436976,85.3434
1,37,2.82169,0.58111,2.34107,5.0066,19.9587,983.183,0.436976,85.0858
2,37,2.83113,0.603639,2.34107,5.11964,19.9587,983.183,0.436976,85.0493
3,37,2.82101,0.552691,2.34107,5.06559,19.9587,983.183,0.436976,84.598
4,37,2.79738,0.531618,2.34107,4.89533,19.9587,983.183,0.436976,84.7922
5,37,2.80933,0.546794,2.34107,4.95554,19.9587,983.183,0.436976,85.1717
6,37,2.81403,0.542041,2.34107,4.96314,19.9587,983.183,0.436976,85.0018
7,37,2.81618,0.540349,2.34107,4.99334,19.9587,983.183,0.436976,84.9366
8,37,2.81259,0.556394,2.34107,4.87377,19.9587,983.183,0.436976,85.2259
9,37,2.83342,0.572298,2.34107,4.8875,19.9587,983.183,0.436976,85.0644
10,37,2.80588,0.58465,2.34107,5.02354,19.9587,983.183,0.436976,85.1854
1,38,2.80736,0.580242,2.34107,5.00753,19.9587,983.183,0.436976,84.9594
2,38,2.81184,0.52321,2.34107,4.85198,19.9587,983.183,0.436976,84.7413
3,38,2.80059,0.503544,2.34107,4.79443,19.9587,983.183,0.436976,84.8484
4,38,2.8258,0.509137,2.34107,4.96334,19.9587,983.183,0.436976,85.3487
5,38,2.79641,0.532343,2.34107,4.85847,19.9587,983.183,0.436976,85.3104
6,38,2.80336,0.493477,2.34107,5.0441,19.9587,983.183,0.436976,85.0854
7,38,2.80633,0.554111,2.34107,5.01083,19.9587,983.183,0.436976,84.7005
8,38,2.8077,0.506734,2.34107,5.05538,19.9587,983.183,0.436976,84.7837
9,38,2.80114,0.534593,2.34107,4.92401,19.9587,983.183,0.436976,85.0894
10,38,2.81897,0.529147,2.34107,4.89864,19.9587,983.183,0.436976,84.9561
1,39,2.8288,0.552498,2.34107,4.97747,19.9587,983.183,0.436976,85.2191
2,39,2.82107,0.584109,2.34107,4.88668,19.9587,983.183,0.436976,85.1576
3,39,2.81165,0.543534,2.34107,4.92685,19.9587,983.183,0.436976,85.3101
4,39,2.80126,0.544982,2.34107,4.94909,19.9587,983.183,0.436976,85.3489
5,39,2.82696,0.571518,2.34107,4.91684,19.9587,983.183,0.436976,85.3528
6,39,2.80998,0.620016,2.34107,4.98212,19.9587,983.183,0.436976,85.2891
7,39,2.83247,0.575276,2.34107,4.94763,19.9587,983.183,0.436976,85.2068
8,39,2.81852,0.555804,2.34107,4.98122,19.9587,983.183,0.436976,85.0388
9,39,2.83128,0.624242,2.34107,5.00885,19.9587,983.183,0.436976,85.2795
10,39,2.82241,0.576157,2.34107,4.84822,19.9587,983.183,0.436976,85.1597
1,40,2.80313,1.08037,2.34107,4.90445,19.9587,983.183,0.436976,84.9813
2,40,2.8137,1.11189,2.34107,4.91207,19.9587,983.183,0.436976,84.7424
3,40,2.79617,1.09286,2.34107,4.81392,19.9587,983.183,0.436976,85.3975
4,40,2.80124,1.10508,2.34107,5.09375,19.9587,983.183,0.436976,84.875
5,40,2.80665,1.03314,2.34107,4.91681,19.9587,983.183,0.436976,85.5051
6,40,2.8104,1.01193,2.34107,4.8611,19.9587,983.183,0.436976,85.1326
7,40,2.84106,1.16082,2.34107,5.03579,19.9587,983.183,0.436976,85.1087
8,40,2.82679,1.09109,2.34107,4.98254,19.9587,983.183,0.436976,84.8925
9,40,2.82249,1.08399,2.34107,4.938,19.9587,983.183,0.436976,84.9323
10,40,2.80188,1.09497,2.34107,4.96262,19.9587,983.183,0.436976,84.8898
1,41,2.81133,0.734018,2.34107,4.97293,19.9587,983.183,0.436976,85.1621
2,41,2.80954,0.769979,2.34107,4.9807,19.9587,983.183,0.436976,84.9065
3,41,2.78446,0.702493,2.34107,4.93754,19.9587,983.183,0.436976,85.1518
4,41,2.8086,0.735218,2.34107,4.97027,19.9587,983.183,0.436976,84.8223
5,41,2.80814,0.742009,2.34107,5.02242,19.9587,983.183,0.436976,84.9506
6,41,2.81142,0.711792,2.34107,4.92469,19.9587,983.183,0.436976,85.1591
7,41,2.82724,0.771254,2.34107,4.98722,19.9587,983.183,0.436976,85.3088
8,41,2.79379,0.740466,2.34107,5.04065,19.9587,983.183,0.436976,85.1638
9,41,2.80135,0.767691,2.34107,4.96272,19.9587,983.183,0.436976,85.1797
10,41,2.80888,0.730392,2.34107,4.95179,19.9587,983.183,0.436976,84.9838
1,42,2.80896,0.792693,2.34107,4.87273,19.9587,983.183,0.436976,85.4483
2,42,2.81111,0.724544,2.34107,5.01555,19.9587,983.183,0.436976,85.2427
3,42,2.8174,0.744939,2.34107,4.93638,19.9587,983.183,0.436976,85.2311
4,42,2.82087,0.784677,2.34107,5.03796,19.9587,983.183,0.436976,85.3272
5,42,2.82956,0.808141,2.34107,4.85255,19.9587,983.183,0.436976,85.1428
6,42,2.81007,0.787744,2.34107,5.01497,19.9587,983.183,0.436976,85.3566
7,42,2.83406,0.778789,2.34107,4.94697,19.9587,983.183,0.436976,85.4493
8,42,2.81237,0.749113,2.34107,5.00716,19.9587,983.183,0.436976,85.5211
9,42,2.80851,0.764845,2.34107,4.89175,19.9587,983.183,0.436976,85.4067
10,42,2.81868,0.757892,2.34107,4.80501,19.9587,983.183,0.436976,85.3525
1,43,2.81343,0.5166,2.34107,5.00349,19.9587,983.183,0.436976,84.9251
2,43,2.80208,0.552736,2.34107,4.81328,19.9587,983.183,0.436976,85.0498
3,43,2.81291,0.562573,2.34107,4.9418,19.9587,983.183,0.436976,84.9831
4,43,2.81114,0.552029,2.34107,4.89597,19.9587,983.183,0.436976,84.9396
5,43,2.81481,0.566211,2.34107,4.91301,19.9587,983.183,0.436976,84.8286
6,43,2.81604,0.587496,2.34107,4.95175,19.9587,983.183,0.436976,84.9096
7,43,2.81407,0.534167,2.34107,5.03356,19.9587,983.183,0.436976,85.1335
8,43,2.82576,0.572073,2.34107,4.9394,19.9587,983.183,0.436976,85.0121
9,43,2.80926,0.552991,2.34107,4.98377,19.9587,983.183,0.436976,84.958
10,43,2.81009,0.569834,2.34107,4.94723,19.9587,983.183,0.436976,85.1388
1,44,2.82548,0.760903,2.34107,4.92796,19.9587,983.183,0.436976,85.2812
2,44,2.83331,0.828775,2.34107,4.9369,19.9587,983.183,0.436976,85.3275
3,44,2.83219,0.757741,2.34107,4.84904,19.9587,983.183,0.436976,85.3159
4,44,2.8167,0.778476,2.34107,4.97823,19.9587,983.183,0.436976,85.4755
5,44,2.83233,0.74908,2.34107,4.83559,19.9587,983.183,0.436976,85.3457
6,44,2.8123,0.757635,2.34107,4.92354,19.9587,983.183,0.436976,85.6502
7,44,2.82365,0.801153,2.34107,4.90588,19.9587,983.183,0.436976,85.2
8,44,2.81548,0.798117,2.34107,4.94295,19.9587,983.183,0.436976,85.4902
9,44,2.81289,0.805576,2.34107,4.85847,19.9587,983.183,0.436976,85.8237
10,44,2.8192,0.754624,2.34107,4.93155,19.9587,983.183,0.436976,85.4064
1,45,2.80774,0.453515,2.34107,4.96462,19.9587,983.183,0.436976,85.0195
2,45,2.80267,0.429045,2.34107,4.85554,19.9587,983.183,0.436976,85.0571
3,45,2.82618,0.49176,2.34107,4.96863,19.9587,983.183,0.436976,85.1975
4,45,2.82216,0.46931,2.34107,4.96149,19.9587,983.183,0.436976,84.6921
5,45,2.81917,0.478776,2.34107,4.85371,19.9587,983.183,0.436976,84.7987
6,45,2.80557,0.462061,2.34107,5.03042,19.9587,983.183,0.436976,85.0306
7,45,2.82963,0.492088,2.34107,5.00963,19.9587,983.183,0.436976,84.8389
8,45,2.8026,0.480182,2.34107,5.04545,19.9587,983.183,0.436976,85.0787
9,45,2.82427,0.495195,2.34107,4.96829,19.9587,983.183,0.436976,84.8318
10,45,2.81236,0.476499,2.34107,4.89677,19.9587,983.183,0.436976,85.3215
