rep,id,eta_V,eta_Cl
1,1,-0.165986,0
2,1,-0.164746,0
3,1,-0.166121,0
4,1,-0.147932,0
5,1,-0.151797,0
6,1,-0.171008,0
7,1,-0.177459,0
8,1,-0.161436,0
9,1,-0.178443,0
10,1,-0.153101,0
1,2,-0.336692,0
2,2,-0.327465,0
3,2,-0.336692,0
4,2,-0.339165,0
5,2,-0.336692,0
6,2,-0.320998,0
7,2,-0.356593,0
8,2,-0.32849,0
9,2,-0.350675,0
10,2,-0.333738,0
1,3,0.286411,0
2,3,0.337508,0
3,3,0.287109,0
4,3,0.295666,0
5,3,0.335011,0
6,3,0.275056,0
7,3,0.29459,0
8,3,0.305357,0
9,3,0.294782,0
10,3,0.297019,0
1,4,0.210917,0
2,4,0.192085,0
3,4,0.259495,0
4,4,0.182776,0
5,4,0.252663,0
6,4,0.262359,0
7,4,0.231814,0
8,4,0.266406,0
9,4,0.265537,0
10,4,0.292038,0
1,5,0.304868,0
2,5,0.327301,0
3,5,0.271043,0
4,5,0.331229,0
5,5,0.318077,0
6,5,0.364114,0
7,5,0.291767,0
8,5,0.304153,0
9,5,0.302392,0
10,5,0.307349,0
1,6,-0.313356,0
2,6,-0.314339,0
3,6,-0.290827,0
4,6,-0.290125,0
5,6,-0.3194,0
6,6,-0.307051,0
7,6,-0.322668,0
8,6,-0.318439,0
9,6,-0.289213,0
10,6,-0.289663,0
1,7,0.285389,0
2,7,0.325222,0
3,7,0.323813,0
4,7,0.324185,0
5,7,0.307929,0
6,7,0.288492,0
7,7,0.326075,0
8,7,0.262841,0
9,7,0.298932,0
10,7,0.2811,0
1,8,-0.0258246,0
2,8,0.0023314,0
3,8,0.0360111,0
4,8,-0.0132931,0
5,8,-0.0242312,0
6,8,-0.0201567,0
7,8,0.039972,0
8,8,0.00629854,0
9,8,0.021345,0
10,8,-0.00561055,0
1,9,-0.357149,0
2,9,-0.332613,0
3,9,-0.346757,0
4,9,-0.353023,0
5,9,-0.317067,0
6,9,-0.382141,0
7,9,-0.342138,0
8,9,-0.339086,0
9,9,-0.345647,0
10,9,-0.344204,0
1,10,0.14523,0
2,10,0.125294,0
3,10,0.168492,0
4,10,0.152651,0
5,10,0.162938,0
6,10,0.131911,0
7,10,0.167306,0
8,10,0.14364,0
9,10,0.19001,0
10,10,0.110586,0
1,11,-0.166121,0
2,11,-0.120395,0
3,11,-0.168171,0
4,11,-0.149544,0
5,11,-0.143362,0
6,11,-0.123914,0
7,11,-0.131839,0
8,11,-0.156208,0
9,11,-0.1487,0
10,11,-0.148967,0
1,12,-0.189874,0
2,12,-0.19605,0
3,12,-0.191405,0
4,12,-0.200759,0
5,12,-0.179411,0
6,12,-0.160512,0
7,12,-0.198164,0
8,12,-0.17974,0
9,12,-0.158594,0
10,12,-0.200774,0
1,13,0.415859,0
2,13,0.421308,0
3,13,0.38968,0
4,13,0.437994,0
5,13,0.4176,0
6,13,0.379575,0
7,13,0.400689,0
8,13,0.413213,0
9,13,0.44215,0
10,13,0.382322,0
1,14,-0.263527,0
2,14,-0.260979,0
3,14,-0.249406,0
4,14,-0.256143,0
5,14,-0.260681,0
6,14,-0.264271,0
7,14,-0.274612,0
8,14,-0.26325,0
9,14,-0.257679,0
10,14,-0.276092,0
1,15,0.182907,0
2,15,0.181858,0
3,15,0.196282,0
4,15,0.177041,0
5,15,0.191651,0
6,15,0.17427,0
7,15,0.148111,0
8,15,0.150747,0
9,15,0.179508,0
10,15,0.216574,0
1,16,-0.352493,0
2,16,-0.363553,0
3,16,-0.375358,0
4,16,-0.364783,0
5,16,-0.358678,0
6,16,-0.36287,0
7,16,-0.333709,0
8,16,-0.360243,0
9,16,-0.377409,0
10,16,-0.363817,0
1,17,0.272188,0
2,17,0.318081,0
3,17,0.265598,0
4,17,0.321103,0
5,17,0.294226,0
6,17,0.307127,0
7,17,0.310879,0
8,17,0.276127,0
9,17,0.310987,0
10,17,0.285247,0
1,18,0.202301,0
2,18,0.208789,0
3,18,0.222285,0
4,18,0.221097,0
5,18,0.174886,0
6,18,0.180422,0
7,18,0.190652,0
8,18,0.191429,0
9,18,0.191274,0
10,18,0.184337,0
1,19,0.381001,0
2,19,0.366287,0
3,19,0.335916,0
4,19,0.346593,0
5,19,0.36589,0
6,19,0.360401,0
7,19,0.297079,0
8,19,0.353428,0
9,19,0.30648,0
10,19,0.333352,0
1,20,-0.307658,0
2,20,-0.287739,0
3,20,-0.303235,0
4,20,-0.330319,0
5,20,-0.311443,0
6,20,-0.304089,0
7,20,-0.298909,0
8,20,-0.308213,0
9,20,-0.302195,0
10,20,-0.323078,0
1,21,0.333105,0
2,21,0.308782,0
3,21,0.344817,0
4,21,0.371536,0
5,21,0.275543,0
6,21,0.341404,0
7,21,0.276145,0
8,21,0.269767,0
9,21,0.319831,0
10,21,0.330122,0
1,22,0.0270298,0
2,22,0.0149783,0
3,22,0.0605251,0
4,22,0.0504613,0
5,22,0.0230094,0
6,22,-0.0120104,0
7,22,0.0665573,0
8,22,0.0174642,0
9,22,0.027105,0
10,22,0.0336342,0
1,23,-0.371222,0
2,23,-0.357845,0
3,23,-0.365615,0
4,23,-0.369759,0
5,23,-0.352035,0
6,23,-0.376313,0
7,23,-0.374517,0
8,23,-0.366992,0
9,23,-0.361073,0
10,23,-0.370379,0
1,24,0.146432,0
2,24,0.150198,0
3,24,0.106988,0
4,24,0.116744,0
5,24,0.133085,0
6,24,0.128075,0
7,24,0.152455,0
8,24,0.111671,0
9,24,0.142447,0
10,24,0.106948,0
1,25,-0.196049,0
2,25,-0.139958,0
3,25,-0.177087,0
4,25,-0.181313,0
5,25,-0.197724,0
6,25,-0.192506,0
7,25,-0.156012,0
8,25,-0.16219,0
9,25,-0.169333,0
10,25,-0.163227,0
1,26,-0.173567,0
2,26,-0.169254,0
3,26,-0.176495,0
4,26,-0.176435,0
5,26,-0.178606,0
6,26,-0.186395,0
7,26,-0.188055,0
8,26,-0.153202,0
9,26,-0.174424,0
10,26,-0.178876,0
1,27,0.361725,0
2,27,0.368133,0
3,27,0.420215,0
4,27,0.392272,0
5,27,0.38154,0
6,27,0.40389,0
7,27,0.3774,0
8,27,0.357478,0
9,27,0.375487,0
10,27,0.370452,0
1,28,-0.296908,0
2,28,-0.318673,0
3,28,-0.31076,0
4,28,-0.289978,0
5,28,-0.305921,0
6,28,-0.278675,0
7,28,-0.296908,0
8,28,-0.286694,0
9,28,-0.287792,0
10,28,-0.290609,0
1,29,0.150177,0
2,29,0.119981,0
3,29,0.150256,0
4,29,0.141391,0
5,29,0.119145,0
6,29,0.14047,0
7,29,0.128365,0
8,29,0.161475,0
9,29,0.165575,0
10,29,0.155762,0
1,30,-0.489657,0
2,30,-0.489514,0
3,30,-0.481082,0
4,30,-0.474173,0
5,30,-0.483997,0
6,30,-0.493164,0
7,30,-0.486018,0
8,30,-0.49182,0
9,30,-0.477099,0
10,30,-0.485004,0
1,31,0.254683,0
2,31,0.271741,0
3,31,0.230172,0
4,31,0.27265,0
5,31,0.30839,0
6,31,0.24163,0
7,31,0.200652,0
8,31,0.230105,0
9,31,0.294883,0
10,31,0.264856,0
1,32,0.229126,0
2,32,0.201318,0
3,32,0.206743,0
4,32,0.200612,0
5,32,0.196416,0
6,32,0.188521,0
7,32,0.169843,0
8,32,0.176078,0
9,32,0.187493,0
10,32,0.185484,0
1,33,0.273159,0
2,33,0.283607,0
3,33,0.301441,0
4,33,0.30478,0
5,33,0.294484,0
6,33,0.294317,0
7,33,0.287908,0
8,33,0.348331,0
9,33,0.328212,0
10,33,0.282479,0
1,34,-0.307462,0
2,34,-0.320992,0
3,34,-0.309129,0
4,34,-0.33211,0
5,34,-0.321529,0
6,34,-0.302661,0
7,34,-0.299728,0
8,34,-0.321737,0
9,34,-0.328988,0
10,34,-0.295528,0
1,35,0.308151,0
2,35,0.258387,0
3,35,0.287719,0
4,35,0.288782,0
5,35,0.28004,0
6,35,0.288863,0
7,35,0.316588,0
8,35,0.32233,0
9,35,0.272283,0
10,35,0.294268,0
1,36,0.00957943,0
2,36,0.0376492,0
3,36,0.0490536,0
4,36,0.0168011,0
5,36,0.0429799,0
6,36,0.0491159,0
7,36,0.0357599,0
8,36,0.0429829,0
9,36,0.0335022,0
10,36,-0.00221253,0
1,37,-0.360578,0
2,37,-0.369184,0
3,37,-0.357077,0
4,37,-0.347654,0
5,37,-0.349311,0
6,37,-0.359816,0
7,37,-0.349693,0
8,37,-0.343568,0
9,37,-0.356438,0
10,37,-0.328134,0
1,38,0.119663,0
2,38,0.0978531,0
3,38,0.134036,0
4,38,0.103392,0
5,38,0.123075,0
6,38,0.0736559,0
7,38,0.120703,0
8,38,0.132958,0
9,38,0.0901023,0
10,38,0.133168,0
1,39,-0.164407,0
2,39,-0.15917,0
3,39,-0.172671,0
4,39,-0.170937,0
5,39,-0.171393,0
6,39,-0.158301,0
7,39,-0.167472,0
8,39,-0.179238,0
9,39,-0.150844,0
10,39,-0.14925,0
1,40,-0.161896,0
2,40,-0.139991,0
3,40,-0.114834,0
4,40,-0.153439,0
5,40,-0.139157,0
6,40,-0.139169,0
7,40,-0.131053,0
8,40,-0.153927,0
9,40,-0.148004,0
10,40,-0.157021,0
1,41,0.431872,0
2,41,0.463128,0
3,41,0.465698,0
4,41,0.428135,0
5,41,0.422621,0
6,41,0.399116,0
7,41,0.440521,0
8,41,0.42965,0
9,41,0.471125,0
10,41,0.473704,0
1,42,-0.290297,0
2,42,-0.284441,0
3,42,-0.290297,0
4,42,-0.246826,0
5,42,-0.27929,0
6,42,-0.277325,0
7,42,-0.294103,0
8,42,-0.269784,0
9,42,-0.275319,0
10,42,-0.292214,0
1,43,0.13977,0
2,43,0.143667,0
3,43,0.180178,0
4,43,0.16022,0
5,43,0.129607,0
6,43,0.156238,0
7,43,0.125467,0
8,43,0.171482,0
9,43,0.169739,0
10,43,0.127182,0
1,44,-0.485896,0
2,44,-0.484566,0
3,44,-0.495903,0
4,44,-0.481602,0
5,44,-0.491177,0
6,44,-0.48216,0
7,44,-0.507485,0
8,44,-0.492137,0
9,44,-0.491972,0
10,44,-0.475594,0
1,45,0.177495,0
2,45,0.148801,0
3,45,0.129968,0
4,45,0.159144,0
5,45,0.175965,0
6,45,0.178398,0
7,45,0.144587,0
8,45,0.139457,0
9,45,0.201993,0
10,45,0.177146,0
