Cl_pop,1,0.0505558,nan,-0.21815,-0.0934548,0.164873,0.336314,0.341003,0.259363,0.0181493,0.165932,0.0493212,0.00904648,0.130152,nan,0.0245053,-0.0286708
V1_pop,0.0505558,1,nan,0.0536327,-0.0600301,0.0153352,0.0731203,0.073418,0.0670296,0.00630828,-0.027354,0.0454154,-0.0398216,0.040836,nan,-0.000977913,-0.00472219
Q_pop,nan,nan,nan,nan,nan,nan,nan,nan,nan,nan,nan,nan,nan,nan,nan,nan,nan
V2_pop,-0.21815,0.0536327,nan,1,-0.526064,0.0228445,0.463592,0.462902,0.446529,0.0178429,-0.337748,0.373044,-0.436171,0.282151,nan,0.0454018,-0.0169646
S_pop,-0.0934548,-0.0600301,nan,-0.526064,1,-0.295561,-0.765579,-0.72557,-0.69032,-0.00735815,0.532367,-0.71571,0.644729,-0.531558,nan,-0.0100209,0.0528899
R0_pop,0.164873,0.0153352,nan,0.0228445,-0.295561,1,0.122421,0.114247,0.144465,-0.00681288,-0.27644,0.213326,-0.289346,0.193192,nan,0.0158232,-0.0176616
gamma_pop,0.336314,0.0731203,nan,0.463592,-0.765579,0.122421,1,0.954345,0.810416,0.0275539,-0.168381,0.561911,-0.432958,0.500751,nan,-0.00869471,-0.0655365
MTT_pop,0.341003,0.073418,nan,0.462902,-0.72557,0.114247,0.954345,1,0.845515,0.0302541,-0.162097,0.538002,-0.437313,0.50926,nan,-0.0130266,-0.066056
omega_Cl,0.259363,0.0670296,nan,0.446529,-0.69032,0.144465,0.810416,0.845515,1,0.0327869,-0.285579,0.522135,-0.429718,0.467761,nan,-0.0264067,-0.0579077
omega_V1,0.0181493,0.00630828,nan,0.0178429,-0.00735815,-0.00681288,0.0275539,0.0302541,0.0327869,1,0.0124416,-0.00780822,0.0040638,0.0128757,nan,-0.00392023,-0.00150905
omega_V2,0.165932,-0.027354,nan,-0.337748,0.532367,-0.27644,-0.168381,-0.162097,-0.285579,0.0124416,1,-0.43908,0.555794,-0.35669,nan,-0.0501166,0.0226015
omega_S,0.0493212,0.0454154,nan,0.373044,-0.71571,0.213326,0.561911,0.538002,0.522135,-0.00780822,-0.43908,1,-0.566653,0.346762,nan,-0.00489772,-0.0447562
omega_R0,0.00904648,-0.0398216,nan,-0.436171,0.644729,-0.289346,-0.432958,-0.437313,-0.429718,0.0040638,0.555794,-0.566653,1,-0.295124,nan,-0.0233161,-0.00359891
omega_gamma,0.130152,0.040836,nan,0.282151,-0.531558,0.193192,0.500751,0.50926,0.467761,0.0128757,-0.35669,0.346762,-0.295124,1,nan,0.00858751,-0.0824093
omega_MTT,nan,nan,nan,nan,nan,nan,nan,nan,nan,nan,nan,nan,nan,nan,nan,nan,nan
bPK_central_drug_concentration,0.0245053,-0.000977913,nan,0.0454018,-0.0100209,0.0158232,-0.00869471,-0.0130266,-0.0264067,-0.00392023,-0.0501166,-0.00489772,-0.0233161,0.00858751,nan,1,0.0010619
acirculating_R,-0.0286708,-0.00472219,nan,-0.0169646,0.0528899,-0.0176616,-0.0655365,-0.066056,-0.0579077,-0.00150905,0.0226015,-0.0447562,-0.00359891,-0.0824093,nan,0.0010619,1
