rep,id,V,Cl
1,1,5.73976,2.79482
2,1,5.97142,2.80753
3,1,5.78309,2.79491
4,1,5.90482,2.77088
5,1,5.94857,2.82673
6,1,5.56191,2.77577
7,1,6.07274,2.80311
8,1,5.83446,2.79942
9,1,6.18289,2.79995
10,1,5.7062,2.75533
1,2,6.04965,2.78844
2,2,6.67395,2.84122
3,2,6.48022,2.79242
4,2,6.38229,2.81781
5,2,6.25358,2.81719
6,2,6.2139,2.78677
7,2,6.31342,2.81112
8,2,6.59008,2.80198
9,2,6.72732,2.81223
10,2,6.49659,2.81778
1,3,8.06041,2.81594
2,3,8.23422,2.78586
3,3,8.81163,2.80968
4,3,8.45564,2.7934
5,3,8.31843,2.80226
6,3,8.28561,2.77737
7,3,8.70393,2.77405
8,3,8.32896,2.78307
9,3,8.18868,2.76333
10,3,8.54297,2.78423
1,4,4.8315,2.78676
2,4,5.07395,2.79939
3,4,5.04305,2.78962
4,4,5.03347,2.8185
5,4,4.92303,2.79101
6,4,4.95133,2.81407
7,4,5.08206,2.84647
8,4,4.75759,2.776
9,4,5.01418,2.81809
10,4,4.97629,2.79516
1,5,4.00529,2.79829
2,5,4.02763,2.79736
3,5,4.03142,2.81171
4,5,4.04033,2.81985
5,5,4.02414,2.78854
6,5,4.02414,2.7849
7,5,4.07372,2.80874
8,5,4.05369,2.80921
9,5,4.03736,2.79407
10,5,4.05437,2.81378
1,6,5.70056,2.81559
2,6,5.82375,2.79171
3,6,5.57232,2.79156
4,6,5.81775,2.82573
5,6,5.88882,2.82843
6,6,5.74217,2.79066
7,6,5.81448,2.80466
8,6,5.88072,2.79901
9,6,5.78984,2.81703
10,6,5.71705,2.81079
1,7,6.80148,2.80143
2,7,6.5923,2.79167
3,7,6.84828,2.84787
4,7,6.88849,2.83663
5,7,6.83681,2.79826
6,7,6.91239,2.7908
7,7,6.65838,2.78904
8,7,6.78001,2.80975
9,7,6.77512,2.81334
10,7,7.06794,2.8073
1,8,8.9553,2.8026
2,8,9.49964,2.78247
3,8,9.27251,2.77944
4,8,9.37181,2.77898
5,8,9.09946,2.79489
6,8,9.64548,2.76723
7,8,9.09966,2.7822
8,8,9.5038,2.80163
9,8,8.71471,2.80837
10,8,9.31249,2.78249
1,9,3.58734,2.80675
2,9,3.53739,2.79895
3,9,3.51088,2.78452
4,9,3.61181,2.81488
5,9,3.55452,2.79902
6,9,3.50378,2.80338
7,9,3.61768,2.82197
8,9,3.64057,2.8209
9,9,3.65578,2.85958
10,9,3.59339,2.81802
1,10,5.82308,2.789
2,10,6.03375,2.83118
3,10,5.90711,2.82744
4,10,5.89938,2.80774
5,10,5.8242,2.80416
6,10,5.9159,2.79013
7,10,5.73426,2.81539
8,10,5.70988,2.77813
9,10,5.8658,2.80154
10,10,5.80508,2.81489
1,11,4.59463,2.81845
2,11,4.53308,2.82458
3,11,4.42656,2.77297
4,11,4.50193,2.8023
5,11,4.36947,2.79058
6,11,4.35665,2.77693
7,11,4.38669,2.8174
8,11,4.44051,2.81773
9,11,4.37451,2.78243
10,11,4.48367,2.7906
1,12,9.09768,2.76494
2,12,9.00307,2.79853
3,12,9.03718,2.81226
4,12,9.23716,2.79154
5,12,9.02594,2.79602
6,12,9.01416,2.81764
7,12,9.30012,2.78984
8,12,9.06521,2.81061
9,12,8.70874,2.80681
10,12,8.52959,2.81207
1,13,7.84613,2.79804
2,13,7.65588,2.80828
3,13,7.69525,2.8285
4,13,8.05641,2.79646
5,13,7.74995,2.8219
6,13,7.5069,2.79081
7,13,7.71485,2.79198
8,13,7.31352,2.76589
9,13,8.15114,2.80041
10,13,7.79308,2.77288
1,14,6.17807,2.78651
2,14,6.36941,2.79644
3,14,6.31079,2.80443
4,14,6.46188,2.81363
5,14,6.69595,2.79842
6,14,6.59125,2.79168
7,14,6.43202,2.80543
8,14,6.21054,2.80746
9,14,6.64684,2.80714
10,14,6.4163,2.80064
1,15,4.82418,2.80397
2,15,4.88798,2.77995
3,15,4.88115,2.80877
4,15,4.72808,2.78635
5,15,4.97683,2.77517
6,15,4.82249,2.79633
7,15,4.80605,2.77061
8,15,4.91946,2.80508
9,15,4.85044,2.80338
10,15,4.92227,2.79703
1,16,6.40958,2.80796
2,16,6.4535,2.82432
3,16,6.53261,2.81776
4,16,6.24767,2.79356
5,16,6.41411,2.80319
6,16,6.62757,2.8216
7,16,6.36982,2.82106
8,16,6.23852,2.79336
9,16,6.1338,2.78263
10,16,6.21624,2.80822
1,17,8.22889,2.76696
2,17,8.60045,2.79219
3,17,8.65436,2.82854
4,17,8.40053,2.77976
5,17,8.72347,2.79427
6,17,8.5993,2.80434
7,17,8.42049,2.82693
8,17,8.49311,2.7883
9,17,8.12899,2.80084
10,17,8.30719,2.79644
1,18,4.76834,2.76123
2,18,5.10325,2.81326
3,18,4.85322,2.77926
4,18,4.88823,2.78827
5,18,4.94773,2.79707
6,18,5.05465,2.80154
7,18,4.9822,2.806
8,18,4.87192,2.79917
9,18,5.01263,2.80025
10,18,4.84256,2.78785
1,19,3.81226,2.76402
2,19,3.87161,2.78838
3,19,3.92427,2.82069
4,19,3.9542,2.78599
5,19,3.87873,2.80583
6,19,3.86768,2.78486
7,19,4.0102,2.81157
8,19,3.93674,2.81987
9,19,4.01803,2.81159
10,19,3.8782,2.79308
1,20,5.77648,2.80701
2,20,5.54295,2.81046
3,20,5.82686,2.77074
4,20,5.65978,2.81251
5,20,5.8098,2.82313
6,20,5.8112,2.81163
7,20,5.59185,2.79438
8,20,5.51035,2.78562
9,20,5.51549,2.78221
10,20,5.67103,2.78487
1,21,7.08504,2.79068
2,21,7.04789,2.8013
3,21,7.24168,2.79947
4,21,6.83579,2.77283
5,21,6.90392,2.78746
6,21,6.97721,2.79524
7,21,7.35469,2.82028
8,21,6.88731,2.81058
9,21,6.90149,2.81197
10,21,7.08418,2.79838
1,22,8.73124,2.80328
2,22,9.1963,2.82649
3,22,9.42004,2.80611
4,22,9.00729,2.80078
5,22,8.95214,2.79017
6,22,9.22342,2.83623
7,22,8.93804,2.79593
8,22,9.45863,2.81022
9,22,9.22014,2.82124
10,22,9.33421,2.78623
1,23,3.70963,2.82898
2,23,3.59952,2.80455
3,23,3.65778,2.80498
4,23,3.63891,2.83163
5,23,3.64151,2.79019
6,23,3.57901,2.78847
7,23,3.63664,2.81213
8,23,3.70426,2.82245
9,23,3.65002,2.80436
10,23,3.65292,2.79688
1,24,5.6239,2.79101
2,24,5.5392,2.79267
3,24,5.54741,2.78424
4,24,5.75605,2.8246
5,24,5.38197,2.79205
6,24,5.61427,2.79395
7,24,5.47768,2.79531
8,24,5.65891,2.81043
9,24,5.40962,2.77969
10,24,5.60077,2.7721
1,25,4.31839,2.79246
2,25,4.31148,2.79409
3,25,4.33959,2.80864
4,25,4.37561,2.79268
5,25,4.28296,2.80597
6,25,4.36518,2.79909
7,25,4.37339,2.80522
8,25,4.34733,2.79541
9,25,4.39495,2.82378
10,25,4.37619,2.80303
1,26,8.61192,2.79111
2,26,8.76972,2.80186
3,26,8.37285,2.82222
4,26,8.00361,2.81352
5,26,8.17786,2.79692
6,26,8.41038,2.78285
7,26,8.33428,2.78943
8,26,8.42293,2.78363
9,26,8.04264,2.80804
10,26,8.5166,2.80574
1,27,7.71209,2.81736
2,27,7.77492,2.81382
3,27,7.58495,2.81711
4,27,7.55308,2.81656
5,27,7.94551,2.81527
6,27,8.18238,2.80463
7,27,7.95481,2.81021
8,27,8.05134,2.81443
9,27,7.7254,2.80513
10,27,7.81278,2.81622
1,28,6.46777,2.79478
2,28,6.55498,2.80512
3,28,6.35461,2.7795
4,28,6.50544,2.78965
5,28,6.48923,2.79839
6,28,6.36548,2.79736
7,28,6.71363,2.80223
8,28,6.40595,2.79827
9,28,6.28537,2.79228
10,28,6.52072,2.80846
1,29,4.84545,2.79112
2,29,5.01426,2.81126
3,29,4.91758,2.79183
4,29,5.02002,2.80955
5,29,4.84834,2.76032
6,29,5.00594,2.80385
7,29,4.96658,2.79235
8,29,5.04251,2.79321
9,29,4.9045,2.77639
10,29,5.09885,2.82487
1,30,7.23872,2.81352
2,30,7.24353,2.79018
3,30,7.4163,2.81736
4,30,7.32654,2.80675
5,30,7.42435,2.8265
6,30,7.11063,2.83732
7,30,7.33118,2.79973
8,30,7.16388,2.80379
9,30,7.34851,2.83306
10,30,7.10696,2.81144
1,31,8.69593,2.79478
2,31,8.87754,2.80329
3,31,8.58839,2.80486
4,31,8.07401,2.81078
5,31,8.2247,2.81794
6,31,8.53405,2.79122
7,31,8.46431,2.81633
8,31,8.39067,2.81835
9,31,8.51998,2.81978
10,31,7.88365,2.78024
1,32,4.82012,2.79762
2,32,4.64723,2.79781
3,32,4.76328,2.79822
4,32,4.77728,2.80008
5,32,4.8255,2.80047
6,32,4.74683,2.79889
7,32,4.77151,2.81072
8,32,4.71141,2.7885
9,32,4.78921,2.81451
10,32,4.71761,2.77513
1,33,3.9351,2.7973
2,33,3.88646,2.78792
3,33,3.91968,2.82427
4,33,3.95921,2.80823
5,33,3.84095,2.80577
6,33,3.94454,2.81423
7,33,4.04617,2.83644
8,33,3.96079,2.81548
9,33,3.94411,2.81732
10,33,3.83117,2.79882
1,34,5.76215,2.84762
2,34,5.85764,2.82884
3,34,5.69518,2.79836
4,34,5.68474,2.82117
5,34,5.76424,2.79879
6,34,5.67584,2.80953
7,34,5.70297,2.80281
8,34,5.76868,2.80973
9,34,5.68391,2.79521
10,34,5.70536,2.815
1,35,6.97414,2.79698
2,35,6.99094,2.81241
3,35,6.79005,2.80557
4,35,6.91849,2.78979
5,35,6.92175,2.81248
6,35,6.95897,2.80651
7,35,6.66225,2.7828
8,35,6.99566,2.81713
9,35,6.88466,2.80249
10,35,6.89396,2.79839
1,36,9.1709,2.80797
2,36,9.23868,2.79566
3,36,9.01826,2.78677
4,36,8.97627,2.78863
5,36,9.21885,2.77998
6,36,9.10137,2.81266
7,36,9.37411,2.79122
8,36,9.1014,2.80026
9,36,8.97011,2.79519
10,36,9.05556,2.7922
1,37,3.59806,2.80055
2,37,3.60991,2.80894
3,37,3.57883,2.79972
4,37,3.57576,2.79951
5,37,3.58277,2.80419
6,37,3.56342,2.79279
7,37,3.56561,2.79751
8,37,3.58208,2.81591
9,37,3.60238,2.79979
10,37,3.65785,2.83324
1,38,5.48933,2.80964
2,38,5.49868,2.80096
3,38,5.61917,2.82563
4,38,5.44596,2.80321
5,38,5.6127,2.82198
6,38,5.44717,2.80002
7,38,5.32786,2.80056
8,38,5.43264,2.7702
9,38,5.54781,2.80681
10,38,5.56714,2.81783
1,39,4.21246,2.7736
2,39,4.37564,2.79234
3,39,4.25387,2.80238
4,39,4.22462,2.77969
5,39,4.30066,2.7951
6,39,4.3763,2.8101
7,39,4.29895,2.79748
8,39,4.17531,2.75802
9,39,4.24669,2.76634
10,39,4.27264,2.76716
1,40,9.00733,2.81673
2,40,9.21952,2.8171
3,40,9.04204,2.79627
4,40,9.02223,2.77935
5,40,9.04214,2.80919
6,40,8.76981,2.79539
7,40,8.5272,2.82309
8,40,8.87199,2.81151
9,40,8.7271,2.79604
10,40,9.1699,2.77924
1,41,7.15173,2.80942
2,41,7.54853,2.81289
3,41,7.47517,2.80027
4,41,7.40922,2.82343
5,41,7.26848,2.79915
6,41,7.2942,2.79088
7,41,7.53754,2.81513
8,41,7.23026,2.82471
9,41,7.43026,2.80304
10,41,7.05652,2.79607
1,42,6.40366,2.81679
2,42,6.48566,2.77829
3,42,6.44126,2.82444
4,42,6.51543,2.7845
5,42,6.38647,2.81946
6,42,6.56086,2.78992
7,42,6.39476,2.7694
8,42,6.57576,2.79566
9,42,6.77718,2.80845
10,42,6.62111,2.80948
1,43,4.8864,2.78167
2,43,4.96925,2.76935
3,43,4.97208,2.80236
4,43,5.0149,2.78263
5,43,5.05343,2.82194
6,43,4.92585,2.79579
7,43,4.94795,2.78897
8,43,5.08015,2.84867
9,43,5.08591,2.82084
10,43,4.95369,2.80304
1,44,6.73445,2.79693
2,44,7.23532,2.80794
3,44,7.31532,2.80411
4,44,7.00352,2.78253
5,44,7.50803,2.78636
6,44,6.95475,2.76313
7,44,7.09726,2.78838
8,44,7.36832,2.80201
9,44,7.09854,2.77402
10,44,7.24646,2.8042
1,45,4.79758,2.78393
2,45,4.76665,2.77828
3,45,4.93253,2.77438
4,45,4.83305,2.79553
5,45,4.75132,2.78176
6,45,4.85582,2.79677
7,45,4.83026,2.80251
8,45,4.90156,2.81255
9,45,4.76223,2.78245
10,45,4.9016,2.80977
