rep,id,Cl,V1,Q,V2,S,R0,gamma,MTT
1,1,2.87297,0.41554,2.50761,5.29634,20.6016,982.523,0.437296,85.0245
2,1,2.87628,0.447479,2.50761,5.20907,20.7321,984.558,0.440498,84.9433
3,1,2.88124,0.423466,2.50761,5.29977,20.4243,983.451,0.438497,84.9227
4,1,2.86722,0.423114,2.50761,5.28297,20.5166,984.881,0.439577,84.7646
5,1,2.8613,0.41363,2.50761,5.31449,20.2878,984.844,0.433563,85.0303
6,1,2.86419,0.424769,2.50761,5.23863,20.7724,983.664,0.434503,85.0012
7,1,2.85462,0.428406,2.50761,5.20457,20.4074,979.478,0.435697,84.9206
8,1,2.8894,0.420983,2.50761,5.18389,20.635,984.898,0.438776,85.1365
9,1,2.87258,0.408264,2.50761,5.22249,20.704,985.76,0.43573,84.9424
10,1,2.88211,0.425074,2.50761,5.26559,20.5138,981.29,0.429036,84.9906
1,2,2.88157,0.563236,2.50761,5.22302,20.7595,983.666,0.430585,84.8425
2,2,2.87851,0.541026,2.50761,5.25496,20.5648,981.876,0.432464,85.0879
3,2,2.87635,0.571897,2.50761,5.32646,20.2425,985.524,0.43391,85.134
4,2,2.87547,0.548319,2.50761,5.19572,20.1326,983.397,0.429756,84.919
5,2,2.88738,0.613922,2.50761,5.24686,20.303,982.523,0.439103,85.0293
6,2,2.87317,0.534263,2.50761,5.22805,20.3276,983.393,0.431511,85.1712
7,2,2.87728,0.569176,2.50761,5.24311,20.4689,982.061,0.432631,85.0709
8,2,2.88562,0.603873,2.50761,5.29867,20.5439,985.748,0.432731,85.0135
9,2,2.88224,0.553029,2.50761,5.28033,20.2116,983.054,0.433116,84.9393
10,2,2.87292,0.592804,2.50761,5.20016,20.2422,980.699,0.433458,85.0351
1,3,2.87095,1.02115,2.50761,5.2511,20.1425,984.64,0.430103,85.0856
2,3,2.87782,1.05452,2.50761,5.31406,20.5142,983.516,0.431076,85.0505
3,3,2.8849,1.11882,2.50761,5.2336,20.1097,980.745,0.436153,84.9682
4,3,2.87331,1.00269,2.50761,5.28861,20.2917,979.427,0.436971,84.8993
5,3,2.88967,0.995032,2.50761,5.24395,20.7827,982.728,0.439768,85.065
6,3,2.89801,1.01033,2.50761,5.24135,20.1138,981.697,0.433024,84.9022
7,3,2.89601,0.996087,2.50761,5.22415,20.7459,982.46,0.437691,85.2388
8,3,2.88526,1.00992,2.50761,5.18781,20.1458,981.568,0.435489,84.9968
9,3,2.89141,1.05619,2.50761,5.33349,20.0785,984.194,0.431144,84.9737
10,3,2.89014,1.09887,2.50761,5.20518,20.5369,986.479,0.435958,85.0222
1,4,2.90059,0.804951,2.50761,5.25737,20.3258,982.419,0.440743,84.996
2,4,2.89499,0.782273,2.50761,5.31001,20.4446,985.899,0.431653,84.9397
3,4,2.87525,0.749235,2.50761,5.25786,20.4641,985.747,0.43574,84.9543
4,4,2.86807,0.736305,2.50761,5.10081,20.3138,984.392,0.433749,84.9213
5,4,2.87524,0.75325,2.50761,5.16881,20.8117,983.361,0.435245,85.1151
6,4,2.88625,0.744041,2.50761,5.32429,20.4513,982.516,0.44085,85.0176
7,4,2.86803,0.711416,2.50761,5.21873,20.3201,984.999,0.434194,85.1061
8,4,2.87312,0.744895,2.50761,5.20711,20.7162,983.906,0.436006,84.9987
9,4,2.88135,0.767611,2.50761,5.18656,20.4702,981.081,0.435979,85.0601
10,4,2.87662,0.761276,2.50761,5.17973,20.7005,982.187,0.43065,84.7454
1,5,2.89118,1.28817,2.50761,5.25795,20.4335,983.218,0.440085,85.0742
2,5,2.86848,1.21849,2.50761,5.21931,20.4481,983.578,0.43235,85.0455
3,5,2.86797,1.18963,2.50761,5.23671,20.2623,984.125,0.434617,84.8791
4,5,2.87552,1.27963,2.50761,5.22837,20.4414,979.866,0.4349,85.171
5,5,2.87765,1.24634,2.50761,5.22465,20.7385,983.204,0.433012,85.0623
6,5,2.87139,1.28106,2.50761,5.17631,20.6557,985.924,0.437781,84.9129
7,5,2.8649,1.2879,2.50761,5.18848,20.3679,985.565,0.435238,84.9242
8,5,2.86675,1.181,2.50761,5.11111,20.6111,988.158,0.435699,84.8586
9,5,2.87786,1.21652,2.50761,5.22794,20.8311,982.068,0.43539,85.1668
10,5,2.87122,1.18256,2.50761,5.08758,20.3486,982.943,0.435859,85.0645
1,6,2.88461,1.07354,2.50761,5.22474,20.0752,984.283,0.426173,84.9645
2,6,2.87472,1.0345,2.50761,5.09109,20.3541,983.19,0.435902,85.0467
3,6,2.87865,1.15406,2.50761,5.20612,20.3872,983.456,0.43268,84.9094
4,6,2.86601,1.09526,2.50761,5.15372,20.4013,983.749,0.430307,85.1806
5,6,2.88117,1.05097,2.50761,5.17423,20.2075,982.689,0.433768,84.9708
6,6,2.87614,1.03822,2.50761,5.24521,20.4659,980.061,0.431674,85.1346
7,6,2.89222,1.06614,2.50761,5.19532,20.1284,982.361,0.434458,85.024
8,6,2.87258,1.09461,2.50761,5.19658,20.0285,983.573,0.433459,84.9305
9,6,2.86606,1.03315,2.50761,5.27221,20.5131,982.728,0.431761,84.8729
10,6,2.90938,1.09626,2.50761,5.26006,20.3113,979.117,0.434101,84.8365
1,7,2.8881,0.744952,2.50761,5.27263,20.6907,980.443,0.431251,85.0178
2,7,2.87993,0.821599,2.50761,5.20951,20.0025,981.146,0.440302,84.8804
3,7,2.87032,0.767492,2.50761,5.19042,20.2497,986.023,0.43642,85.0532
4,7,2.89365,0.800849,2.50761,5.15717,20.4415,983.063,0.436417,85.0408
5,7,2.90011,0.81065,2.50761,5.23189,20.7966,982.244,0.436601,85.0698
6,7,2.86484,0.748745,2.50761,5.26678,20.1051,981.975,0.43304,85.2304
7,7,2.90402,0.803284,2.50761,5.19118,20.1512,982.484,0.431954,85.0897
8,7,2.89159,0.766269,2.50761,5.20412,20.4882,984.572,0.428997,85.0174
9,7,2.89742,0.791171,2.50761,5.33035,20.6047,983.845,0.429857,84.9946
10,7,2.896,0.788922,2.50761,5.23638,20.16,980.141,0.436519,85.0578
1,8,2.87999,1.05895,2.50761,5.216,20.6507,984.494,0.434914,85.0826
2,8,2.898,1.09728,2.50761,5.14807,20.1048,981.521,0.435805,85.0683
3,8,2.87485,1.05315,2.50761,5.25328,20.1679,985.26,0.429768,85.1066
4,8,2.89602,1.08374,2.50761,5.1862,20.2423,983.746,0.430486,85.1813
5,8,2.91121,1.17344,2.50761,5.20051,20.8349,981.399,0.434701,85.0376
6,8,2.90296,1.14323,2.50761,5.20792,20.788,985.908,0.43645,85.0247
7,8,2.89908,1.11967,2.50761,5.18685,20.4299,984.403,0.438925,85.1491
8,8,2.88335,1.05518,2.50761,5.19699,20.3497,983.162,0.434622,84.9285
9,8,2.88691,1.1182,2.50761,5.17584,20.4387,983.728,0.43371,85.0952
10,8,2.87999,1.10741,2.50761,5.30186,20.459,981.919,0.432513,85.0412
1,9,2.89976,0.917319,2.50761,5.1934,20.5348,981.773,0.432683,85.09
2,9,2.88843,0.965833,2.50761,5.24602,20.6209,981.518,0.438463,85.098
3,9,2.86633,0.936352,2.50761,5.38887,20.3674,986.527,0.436568,84.8828
4,9,2.8738,0.95249,2.50761,5.23757,20.4471,982.487,0.441018,85.076
5,9,2.87744,0.969084,2.50761,5.11399,20.5536,979.061,0.434595,85.1944
6,9,2.90382,0.999158,2.50761,5.19638,20.7209,982.22,0.437157,85.1188
7,9,2.87703,0.9557,2.50761,5.19996,20.6657,985.527,0.433104,85.0493
8,9,2.88446,1.00772,2.50761,5.23913,20.469,982.45,0.436207,85.0964
9,9,2.90247,0.966202,2.50761,5.20371,20.5349,982.127,0.432979,85.1456
10,9,2.89595,0.96316,2.50761,5.22478,20.4162,981.004,0.439278,85.0997
1,10,2.88166,0.909998,2.50761,5.32535,20.4353,983.788,0.428871,85.0407
2,10,2.89824,0.964629,2.50761,5.18662,20.0895,981.508,0.433174,85.0623
3,10,2.89285,0.949944,2.50761,5.21689,20.0751,985.337,0.439954,85.1448
4,10,2.86532,0.996772,2.50761,5.19582,20.805,980.785,0.43475,85.0894
5,10,2.87778,0.953868,2.50761,5.20947,20.4016,981.968,0.43851,85.0941
6,10,2.87505,0.939894,2.50761,5.25239,20.4561,982.468,0.433354,85.0745
7,10,2.89285,1.02982,2.50761,5.21135,20.8429,985.88,0.431362,84.9209
8,10,2.8944,0.963977,2.50761,5.17354,20.641,986.386,0.434232,85.0105
9,10,2.89533,0.949788,2.50761,5.18653,20.4004,982.173,0.435066,85.0627
10,10,2.89566,0.965328,2.50761,5.25473,20.6261,983.095,0.43645,84.9896
1,11,2.8748,1.45145,2.50761,5.16775,20.6632,982.846,0.436631,85.0251
2,11,2.87932,1.41033,2.50761,5.25962,20.4674,986.594,0.433639,85.0267
3,11,2.89575,1.36893,2.50761,5.24777,20.1537,983.998,0.441193,85.0857
4,11,2.88466,1.46185,2.50761,5.31519,20.5679,983.614,0.436776,84.9566
5,11,2.86068,1.40982,2.50761,5.24261,20.5284,982.155,0.435299,85.1027
6,11,2.89589,1.40692,2.50761,5.23338,20.4738,979.179,0.439644,85.1457
7,11,2.87637,1.37242,2.50761,5.1477,20.3439,984.429,0.436825,84.859
8,11,2.8943,1.50096,2.50761,5.23292,19.9547,984.653,0.438457,85.0236
9,11,2.88065,1.4211,2.50761,5.22913,20.1981,983.995,0.430876,85.1009
10,11,2.87444,1.38383,2.50761,5.23186,20.6286,983.685,0.438844,85.0103
1,12,2.88347,0.60814,2.50761,5.19368,20.5425,984.397,0.435519,84.9461
2,12,2.8878,0.648426,2.50761,5.22989,20.557,986.957,0.439002,85.0492
3,12,2.86308,0.588128,2.50761,5.14577,20.5079,984.987,0.435813,85.0802
4,12,2.87353,0.586841,2.50761,5.28007,20.4389,984.828,0.437407,84.9475
5,12,2.88898,0.57355,2.50761,5.24882,20.5294,982.038,0.434658,84.9773
6,12,2.87133,0.597416,2.50761,5.23106,20.2349,986.064,0.430732,85.1675
7,12,2.86305,0.596846,2.50761,5.23807,20.5045,982.209,0.434397,84.9072
8,12,2.8815,0.616811,2.50761,5.24009,20.1739,983.587,0.441489,84.8994
9,12,2.87513,0.597798,2.50761,5.23522,20.8269,984.671,0.437026,84.8129
10,12,2.87911,0.620862,2.50761,5.24999,20.3523,983.165,0.435809,85.179
1,13,2.86688,0.605797,2.50761,5.32305,20.3718,982.997,0.432484,84.9718
2,13,2.88028,0.651714,2.50761,5.21849,20.6696,981.746,0.434107,84.9773
3,13,2.86901,0.608893,2.50761,5.22532,20.0972,986.787,0.435992,84.815
4,13,2.85544,0.616846,2.50761,5.21001,20.5877,981.874,0.436055,85.0757
5,13,2.88129,0.613919,2.50761,5.21455,20.5403,982.798,0.436052,84.9282
6,13,2.89038,0.634157,2.50761,5.27601,20.6024,982.626,0.431292,84.7662
7,13,2.87586,0.599278,2.50761,5.27315,20.4061,980.401,0.43757,85.1705
8,13,2.88615,0.599419,2.50761,5.23001,20.8431,983.928,0.438967,85.2654
9,13,2.87727,0.597338,2.50761,5.31222,20.6827,983.621,0.43691,85.0221
10,13,2.8728,0.607664,2.50761,5.21753,20.385,982.056,0.4385,85.0717
1,14,2.88928,0.6722,2.50761,5.30653,20.8084,982.984,0.432158,85.1427
2,14,2.88578,0.66904,2.50761,5.11413,20.616,984.813,0.434477,85.0029
3,14,2.88677,0.649231,2.50761,5.22458,20.4369,983.563,0.440111,85.1691
4,14,2.86139,0.660714,2.50761,5.19957,20.4851,983.887,0.438593,85.0504
5,14,2.86707,0.664198,2.50761,5.20746,20.8896,983.715,0.437919,85.1664
6,14,2.881,0.698974,2.50761,5.20761,20.2906,983.915,0.436755,84.8983
7,14,2.89253,0.67786,2.50761,5.20053,20.473,982.437,0.433149,85.1087
8,14,2.89145,0.653999,2.50761,5.23068,20.3801,982.568,0.43938,84.9602
9,14,2.87682,0.650319,2.50761,5.21718,20.3493,981.994,0.434834,84.9307
10,14,2.87353,0.667683,2.50761,5.30846,20.7502,983.41,0.438994,84.8967
1,15,2.88235,0.701176,2.50761,5.24465,20.6887,983.047,0.43441,85.1155
2,15,2.88245,0.660934,2.50761,5.17735,20.3247,984.684,0.434314,84.923
3,15,2.88517,0.711554,2.50761,5.31009,20.4948,984.688,0.436156,84.9646
4,15,2.88269,0.709972,2.50761,5.29052,20.5418,980.926,0.43883,84.8744
5,15,2.88837,0.710412,2.50761,5.24852,20.1294,985.106,0.432694,85.0725
6,15,2.87686,0.649784,2.50761,5.25965,20.2577,983.56,0.44343,85.0167
7,15,2.87597,0.686796,2.50761,5.29501,20.546,985.26,0.438893,85.0309
8,15,2.85426,0.638519,2.50761,5.2978,20.2645,982.317,0.442166,84.9335
9,15,2.86427,0.713479,2.50761,5.22146,20.2438,980.447,0.438355,85.0042
10,15,2.85991,0.683745,2.50761,5.27241,20.5367,982.396,0.43761,85.0998
1,16,2.89482,0.630078,2.50761,5.20664,20.4852,982.802,0.43668,85.1015
2,16,2.8833,0.64495,2.50761,5.33943,20.1222,980.89,0.440351,85.2139
3,16,2.90775,0.605791,2.50761,5.16727,20.6024,984.373,0.432764,85.0934
4,16,2.88128,0.622981,2.50761,5.23685,20.4469,983.571,0.43458,84.8767
5,16,2.87883,0.615592,2.50761,5.19516,20.5283,983.593,0.435708,84.8892
6,16,2.86992,0.640822,2.50761,5.23193,20.7806,981.551,0.433307,84.9011
7,16,2.88241,0.643038,2.50761,5.19729,20.2911,984.738,0.436731,84.9936
8,16,2.88017,0.67631,2.50761,5.25538,20.2616,983.176,0.438008,84.9785
9,16,2.88037,0.633822,2.50761,5.24277,20.5251,981.598,0.436538,85.1721
10,16,2.90166,0.655112,2.50761,5.14846,20.051,983.619,0.435796,85.0748
1,17,2.89309,0.534331,2.50761,5.21595,20.3829,981.605,0.432738,85.0059
2,17,2.86093,0.513636,2.50761,5.17483,20.5389,982.023,0.434821,85.0187
3,17,2.89918,0.518838,2.50761,5.26709,20.3934,983.701,0.437156,84.8223
4,17,2.85621,0.507831,2.50761,5.20064,20.9288,984.154,0.436294,84.8279
5,17,2.86674,0.522792,2.50761,5.12404,20.5144,986.703,0.437585,84.9615
6,17,2.88571,0.524955,2.50761,5.15128,20.9509,984.097,0.433678,85.0077
7,17,2.87519,0.499954,2.50761,5.16865,20.7119,985.631,0.429846,84.9646
8,17,2.90021,0.502146,2.50761,5.26706,20.6619,983.455,0.434834,84.9912
9,17,2.87435,0.521718,2.50761,5.26449,20.1666,984.191,0.431772,84.7074
10,17,2.88867,0.523823,2.50761,5.18494,20.303,984.368,0.433106,84.9146
1,18,2.86951,0.671653,2.50761,5.14564,20.1574,982.931,0.434025,84.9516
2,18,2.88692,0.697494,2.50761,5.14323,20.4846,982.181,0.433311,85.0936
3,18,2.87068,0.747735,2.50761,5.29833,20.2719,983.657,0.431173,85.1414
4,18,2.89308,0.679865,2.50761,5.20356,20.4507,978.973,0.442696,85.0723
5,18,2.86853,0.692331,2.50761,5.13261,20.3436,981.35,0.430986,84.8282
6,18,2.88934,0.7106,2.50761,5.23761,20.0008,982.19,0.436626,84.9689
7,18,2.90194,0.688769,2.50761,5.21327,20.4728,982.42,0.435533,85.1393
8,18,2.84828,0.670471,2.50761,5.18016,20.182,982.54,0.436612,85.0257
9,18,2.88295,0.686395,2.50761,5.1506,20.3405,983.086,0.437758,85.1512
10,18,2.87027,0.63309,2.50761,5.14624,20.6324,981.395,0.438974,84.9343
1,19,2.88639,1.08272,2.50761,5.22428,20.5295,982.576,0.430223,84.9379
2,19,2.90693,1.03334,2.50761,5.1837,20.9092,981.355,0.432602,85.1886
3,19,2.89138,1.01039,2.50761,5.21331,20.3316,987.411,0.435486,85.1587
4,19,2.88312,1.07208,2.50761,5.29107,20.3163,982.512,0.431704,85.0184
5,19,2.88962,1.08233,2.50761,5.20719,20.4195,982.721,0.429871,85.0205
6,19,2.87316,0.978245,2.50761,5.23789,20.5157,982.554,0.432406,85.0151
7,19,2.8803,0.975922,2.50761,5.24537,20.5608,985.48,0.431742,85.0101
8,19,2.89007,1.08708,2.50761,5.25909,20.5874,982.76,0.433938,85.1474
9,19,2.8697,0.997073,2.50761,5.25743,20.7072,985.116,0.431522,85.1464
10,19,2.90184,1.00153,2.50761,5.25297,20.6331,983.121,0.429709,84.8841
1,20,2.86629,0.515513,2.50761,5.12487,20.5789,982.495,0.436555,85.1556
2,20,2.88853,0.538648,2.50761,5.19875,20.4522,985.395,0.43589,84.8952
3,20,2.88389,0.487122,2.50761,5.26576,20.1075,984.775,0.43433,84.9485
4,20,2.87393,0.497287,2.50761,5.2911,20.4801,984.866,0.435237,84.9148
5,20,2.87811,0.522114,2.50761,5.21671,20.4452,982.462,0.438023,85.0832
6,20,2.88503,0.503446,2.50761,5.24644,20.653,982.554,0.433335,84.8865
7,20,2.87734,0.531773,2.50761,5.27965,20.7111,983.174,0.436398,85.0187
8,20,2.88072,0.489108,2.50761,5.24047,20.1184,981.966,0.438378,85.1358
9,20,2.86388,0.547132,2.50761,5.1823,20.443,981.483,0.436398,84.8993
10,20,2.87172,0.504434,2.50761,5.24436,20.339,985.876,0.43469,84.9863
1,21,2.87983,0.823739,2.50761,5.31221,20.2887,981.44,0.43414,84.9941
2,21,2.89795,0.839341,2.50761,5.21332,20.415,983.963,0.435122,84.9435
3,21,2.8914,0.80491,2.50761,5.30076,20.3424,982.339,0.433259,85.2237
4,21,2.87632,0.826552,2.50761,5.12255,20.6649,983.313,0.439288,84.9971
5,21,2.88531,0.824283,2.50761,5.24703,20.937,985.224,0.433126,85.045
6,21,2.90313,0.821553,2.50761,5.26627,20.3075,981.352,0.433159,85.0051
7,21,2.88414,0.842882,2.50761,5.26339,20.5008,982.874,0.433656,85.1664
8,21,2.89185,0.786118,2.50761,5.19947,20.0678,982.434,0.438811,84.8909
9,21,2.90398,0.82344,2.50761,5.20667,20.4301,982.888,0.434372,85.2494
10,21,2.87329,0.820317,2.50761,5.18502,20.6201,984.288,0.438093,85.0047
1,22,2.89292,0.51813,2.50761,5.17196,20.1217,985.219,0.4377,84.8949
2,22,2.8626,0.496741,2.50761,5.12723,20.645,985.129,0.435172,85.131
3,22,2.88742,0.498423,2.50761,5.2384,20.7368,985.084,0.428489,84.9142
4,22,2.88548,0.503135,2.50761,5.23379,20.5814,984.152,0.432636,84.9382
5,22,2.89562,0.493602,2.50761,5.20324,20.5208,984.878,0.434697,85.0596
6,22,2.87995,0.495093,2.50761,5.2994,20.3532,983.078,0.435919,84.9201
7,22,2.88354,0.489097,2.50761,5.21784,20.497,984.5,0.439504,84.9216
8,22,2.88365,0.514759,2.50761,5.26313,20.3032,979.866,0.437531,84.8636
9,22,2.88041,0.508646,2.50761,5.22957,20.3027,983.953,0.435846,85.1538
10,22,2.87383,0.489562,2.50761,5.21625,20.225,983.767,0.438124,84.9612
1,23,2.88357,1.34864,2.50761,5.32857,20.1967,980.251,0.441422,85.1307
2,23,2.92115,1.3565,2.50761,5.19331,20.677,981.8,0.43656,84.9016
3,23,2.86382,1.28328,2.50761,5.22571,20.3839,985.286,0.437916,84.7846
4,23,2.89048,1.36334,2.50761,5.15665,20.334,980.782,0.434881,84.9071
5,23,2.90492,1.40761,2.50761,5.34039,20.7643,983.88,0.433401,85.0787
6,23,2.88093,1.3054,2.50761,5.14633,20.4465,985.31,0.438197,85.0471
7,23,2.88658,1.26894,2.50761,5.15704,20.5176,980.758,0.435227,85.0104
8,23,2.8802,1.29462,2.50761,5.15194,20.107,987.043,0.439467,84.9601
9,23,2.8788,1.27549,2.50761,5.17428,20.5953,979.682,0.43771,84.8165
10,23,2.87155,1.30188,2.50761,5.2287,20.531,983.551,0.439779,84.9826
1,24,2.87502,0.802001,2.50761,5.22993,20.3876,981.157,0.436819,84.7947
2,24,2.88383,0.82664,2.50761,5.24197,20.5231,984.788,0.434145,84.8835
3,24,2.89055,0.774883,2.50761,5.20309,20.3296,982.9,0.435853,85.0709
4,24,2.89357,0.774843,2.50761,5.1652,20.3386,982.406,0.437718,84.9577
5,24,2.88308,0.83518,2.50761,5.30479,20.5415,979.589,0.436231,84.9654
6,24,2.87843,0.798575,2.50761,5.24988,20.6177,983.933,0.435373,84.893
7,24,2.90089,0.815709,2.50761,5.22439,20.2393,984.038,0.444069,85.1028
8,24,2.88756,0.805863,2.50761,5.23082,20.4233,988.181,0.434973,84.948
9,24,2.87917,0.781172,2.50761,5.26838,20.6562,983.472,0.435409,85.0196
10,24,2.88507,0.842758,2.50761,5.30137,20.2123,984.221,0.435856,85.0152
1,25,2.88147,0.684979,2.50761,5.18572,20.2925,982.57,0.439464,84.9818
2,25,2.88916,0.677279,2.50761,5.22395,20.5181,980.592,0.432831,84.8972
3,25,2.89211,0.694318,2.50761,5.23705,20.2497,983.46,0.437486,84.9463
4,25,2.89244,0.674278,2.50761,5.17521,20.0731,983.14,0.436976,85.1042
5,25,2.88125,0.716567,2.50761,5.24106,20.5408,984.47,0.44071,84.9455
6,25,2.88768,0.692548,2.50761,5.26929,20.3755,982.23,0.444061,84.9376
7,25,2.88074,0.738852,2.50761,5.2368,20.5839,984.29,0.438583,85.0006
8,25,2.87445,0.707986,2.50761,5.20462,20.4607,982.828,0.435814,84.9887
9,25,2.88901,0.685611,2.50761,5.26898,20.4048,986.018,0.442484,84.9218
10,25,2.90602,0.700002,2.50761,5.14618,20.2124,986.82,0.430846,84.962
1,26,2.89171,0.585366,2.50761,5.21004,20.8329,981.228,0.429551,84.8596
2,26,2.87806,0.579889,2.50761,5.26952,20.2139,984.391,0.432704,84.9601
3,26,2.86621,0.586843,2.50761,5.25078,20.429,987.657,0.429946,84.7689
4,26,2.88399,0.570795,2.50761,5.1618,20.2329,983.379,0.440377,85.1098
5,26,2.88519,0.589599,2.50761,5.26583,20.6248,983.223,0.428048,85.1256
6,26,2.8956,0.53406,2.50761,5.2879,20.2772,984.837,0.430066,84.9065
7,26,2.87307,0.598698,2.50761,5.22539,20.252,985.379,0.430748,85.0243
8,26,2.87887,0.569526,2.50761,5.16199,20.4299,984.938,0.433378,85.0969
9,26,2.87948,0.586382,2.50761,5.22419,20.4558,983.563,0.429629,84.9927
10,26,2.89594,0.537324,2.50761,5.24712,20.354,984.783,0.428114,84.9015
1,27,2.88535,0.639445,2.50761,5.19038,20.7214,980.999,0.431337,85.0436
2,27,2.87831,0.627956,2.50761,5.18958,20.5903,985.129,0.436005,85.1533
3,27,2.87631,0.663486,2.50761,5.27779,20.1692,986.122,0.426444,84.9013
4,27,2.88601,0.60401,2.50761,5.25786,20.5025,983.459,0.430702,85.0029
5,27,2.8803,0.617005,2.50761,5.28753,20.2852,979.577,0.442362,84.9735
6,27,2.89426,0.636444,2.50761,5.30217,20.4638,981.926,0.435363,85.0381
7,27,2.87059,0.605236,2.50761,5.28453,20.263,983.473,0.433374,85.1263
8,27,2.88488,0.634539,2.50761,5.30957,20.7041,982.249,0.430711,85.1854
9,27,2.87672,0.613544,2.50761,5.18107,20.5254,983.002,0.436105,85.0668
10,27,2.88336,0.616503,2.50761,5.23591,20.3953,984.417,0.439349,85.0467
1,28,2.91845,0.979593,2.50761,5.23711,20.5003,983.54,0.432552,84.894
2,28,2.88798,0.998457,2.50761,5.2955,20.4092,984.613,0.434463,84.9723
3,28,2.89085,1.06145,2.50761,5.27015,20.8207,984.653,0.433914,84.8486
4,28,2.91018,1.04911,2.50761,5.31681,20.7715,982.822,0.431933,85.1045
5,28,2.88994,1.07574,2.50761,5.14331,20.535,986.748,0.436812,85.1041
6,28,2.91468,1.04418,2.50761,5.24145,20.5508,984.031,0.434241,85.1738
7,28,2.88313,0.993844,2.50761,5.3643,20.5619,987.004,0.428851,85.0717
8,28,2.91081,1.02159,2.50761,5.29203,20.4594,984.999,0.434227,84.8999
9,28,2.89455,0.97582,2.50761,5.28087,20.4827,981.421,0.432364,84.9977
10,28,2.86271,0.94298,2.50761,5.39367,20.5248,985.046,0.440263,84.9394
1,29,2.89006,0.700207,2.50761,5.25632,20.3278,984.654,0.433811,84.8699
2,29,2.89386,0.698813,2.50761,5.21941,20.948,984.167,0.434318,84.8199
3,29,2.88625,0.673289,2.50761,5.25197,20.0902,985.121,0.43507,85.0919
4,29,2.88624,0.670602,2.50761,5.2379,19.9951,980.612,0.436626,85.0832
5,29,2.8707,0.705161,2.50761,5.27466,20.5448,986.717,0.435257,85.0068
6,29,2.89494,0.693647,2.50761,5.22844,20.3064,982.097,0.436173,84.9428
7,29,2.89581,0.654482,2.50761,5.18885,20.7292,983.157,0.442102,84.8246
8,29,2.87427,0.627402,2.50761,5.2969,20.4086,980.148,0.435429,85.0705
9,29,2.88408,0.648477,2.50761,5.2127,20.3277,986.387,0.434553,85.0402
10,29,2.88552,0.70552,2.50761,5.28656,20.422,983.676,0.437803,85.05
1,30,2.85855,1.17678,2.50761,5.15742,20.4228,980.932,0.433896,84.9644
2,30,2.91212,1.25757,2.50761,5.19041,20.4717,983.247,0.433518,85.2059
3,30,2.90549,1.20744,2.50761,5.24938,20.639,988.033,0.435056,85.0014
4,30,2.89824,1.156,2.50761,5.10869,20.5137,987.597,0.43721,84.9167
5,30,2.90216,1.21754,2.50761,5.24962,20.4875,987.166,0.433114,84.9695
6,30,2.88346,1.23021,2.50761,5.31086,20.3211,985.305,0.433862,84.9413
7,30,2.87561,1.18402,2.50761,5.24128,20.2018,987.451,0.4353,84.9735
8,30,2.85979,1.15415,2.50761,5.25464,20.2046,982.496,0.439791,85.0681
9,30,2.88297,1.19201,2.50761,5.31316,20.4729,987.01,0.438826,84.9467
10,30,2.88987,1.14603,2.50761,5.17704,20.3227,985.781,0.440351,85.1291
1,31,2.87499,0.833071,2.50761,5.32008,20.3502,985.558,0.437961,84.996
2,31,2.87673,0.85716,2.50761,5.28281,20.1544,987.939,0.433018,84.8558
3,31,2.87115,0.836443,2.50761,5.27856,20.4148,983.071,0.436829,85.0039
4,31,2.87635,0.847775,2.50761,5.19384,20.4366,985.069,0.433584,84.7428
5,31,2.88033,0.858526,2.50761,5.24601,20.2602,988.013,0.431971,84.9777
6,31,2.87719,0.84008,2.50761,5.17353,20.648,988.108,0.434792,84.8916
7,31,2.90407,0.87229,2.50761,5.28171,20.502,983.822,0.440928,85.0407
8,31,2.86588,0.825308,2.50761,5.21455,20.2626,985.266,0.438321,84.9582
9,31,2.88131,0.86199,2.50761,5.20996,20.2006,983.009,0.436566,84.984
10,31,2.86657,0.784001,2.50761,5.28572,20.4365,982.911,0.438636,84.9607
1,32,2.874,0.355527,2.50761,5.11799,20.493,985.815,0.433984,84.929
2,32,2.89758,0.354053,2.50761,5.17497,20.4922,982.565,0.439076,85.2262
3,32,2.8793,0.360914,2.50761,5.19128,20.6557,980.305,0.434924,85.1701
4,32,2.89634,0.367629,2.50761,5.22183,20.6082,982.481,0.440176,85.2217
5,32,2.87975,0.358643,2.50761,5.27086,20.5365,984.371,0.436264,85.0051
6,32,2.88316,0.352539,2.50761,5.29386,20.7529,983.82,0.437399,85.016
7,32,2.87418,0.360596,2.50761,5.2812,20.029,982.763,0.438217,85.0302
8,32,2.88891,0.319083,2.50761,5.15729,20.5934,985.349,0.435693,84.8898
9,32,2.89701,0.34567,2.50761,5.25813,20.4927,983.496,0.435745,85.1384
10,32,2.88164,0.362456,2.50761,5.20884,20.3725,984.595,0.43275,85.094
1,33,2.8622,0.831704,2.50761,5.23407,20.256,982.681,0.436478,85.0484
2,33,2.87893,0.874438,2.50761,5.29118,20.4839,982.256,0.438686,84.8212
3,33,2.87933,0.812601,2.50761,5.26481,20.4196,982.979,0.431867,84.8557
4,33,2.88454,0.781923,2.50761,5.18689,20.3878,981.428,0.437297,85.0395
5,33,2.87184,0.803525,2.50761,5.25234,20.311,987.684,0.435199,84.9954
6,33,2.87233,0.829626,2.50761,5.2203,20.1344,986.022,0.433826,84.8941
7,33,2.86551,0.79404,2.50761,5.12986,20.5833,982.225,0.439636,85.0811
8,33,2.89335,0.809876,2.50761,5.17533,20.512,985.87,0.441799,85.2102
9,33,2.88969,0.83083,2.50761,5.20124,20.1405,985.426,0.439624,84.9891
10,33,2.87978,0.841451,2.50761,5.29936,20.7949,982.343,0.436939,84.8823
1,34,2.89999,1.0474,2.50761,5.17676,20.7046,979.904,0.435123,85.1122
2,34,2.89214,1.01345,2.50761,5.3349,20.7331,984.084,0.437468,84.99
3,34,2.8781,0.9806,2.50761,5.26779,20.7782,982.315,0.438857,84.9908
4,34,2.87938,0.993133,2.50761,5.18276,20.701,983.489,0.435392,84.9558
5,34,2.87222,0.98305,2.50761,5.21649,20.9447,982.85,0.437435,85.0736
6,34,2.89899,1.04149,2.50761,5.12927,20.7093,984.807,0.435971,84.8365
7,34,2.90432,1.00581,2.50761,5.22334,20.5642,981.057,0.441588,84.9082
8,34,2.88399,0.95318,2.50761,5.17354,20.5992,981.235,0.437644,84.9665
9,34,2.88577,0.951951,2.50761,5.23698,20.5672,983.413,0.439714,84.8448
10,34,2.88614,1.01412,2.50761,5.16547,20.6027,979.364,0.437818,85.0279
1,35,2.87091,0.4928,2.50761,5.1891,20.6365,982.885,0.436429,84.8389
2,35,2.8745,0.530161,2.50761,5.32518,20.4424,985.251,0.431659,85.1255
3,35,2.87172,0.489722,2.50761,5.14136,20.6235,983.032,0.434435,85.0128
4,35,2.86927,0.546179,2.50761,5.24164,20.3316,984.171,0.436224,84.8845
5,35,2.86566,0.51453,2.50761,5.20067,20.4211,984.065,0.430606,84.925
6,35,2.89787,0.517668,2.50761,5.22756,20.2865,983.882,0.435722,85.0977
7,35,2.8762,0.530075,2.50761,5.20035,20.3761,984.475,0.436071,84.9603
8,35,2.88221,0.52228,2.50761,5.19741,20.6242,980.618,0.431916,85.0572
9,35,2.89344,0.519228,2.50761,5.22126,20.307,982.793,0.433835,85.0598
10,35,2.88133,0.490004,2.50761,5.20363,20.3157,984.328,0.433452,85.0887
1,36,2.87129,0.458053,2.50761,5.19059,20.342,982.609,0.434009,84.9331
2,36,2.87287,0.446975,2.50761,5.28318,20.4911,979.802,0.431873,84.9139
3,36,2.88244,0.422597,2.50761,5.15278,20.3964,981.09,0.435422,85.0522
4,36,2.8744,0.444497,2.50761,5.23085,20.3807,981.184,0.432611,85.1924
5,36,2.88672,0.451793,2.50761,5.24739,20.5326,981.559,0.430285,84.981
6,36,2.87745,0.447164,2.50761,5.18145,20.4083,981.448,0.434978,85.0954
7,36,2.90409,0.458197,2.50761,5.1317,20.7295,983.525,0.430285,84.8575
8,36,2.87522,0.462375,2.50761,5.17666,20.5323,985.018,0.433903,85.1628
9,36,2.88658,0.439856,2.50761,5.10688,20.4587,983.047,0.43167,85.184
10,36,2.87142,0.454024,2.50761,5.21952,20.5353,979.28,0.431644,85.1891
1,37,2.89342,0.586063,2.50761,5.22434,20.4663,982.558,0.440516,85.1961
2,37,2.87383,0.552108,2.50761,5.22697,20.682,981.786,0.437254,85.007
3,37,2.8857,0.639187,2.50761,5.22362,20.4673,986.532,0.436892,85.1637
4,37,2.89272,0.576325,2.50761,5.19081,20.4278,982.266,0.440222,85.0579
5,37,2.88667,0.603132,2.50761,5.2391,20.8387,982.71,0.436133,84.9849
6,37,2.8912,0.648634,2.50761,5.2377,20.2734,982.488,0.437524,84.9173
7,37,2.889,0.602685,2.50761,5.19037,20.5655,982.777,0.436754,84.921
8,37,2.88621,0.640728,2.50761,5.2002,20.5151,985.801,0.437915,84.8279
9,37,2.87361,0.591778,2.50761,5.28823,20.1802,983.17,0.442558,84.9631
10,37,2.86591,0.577448,2.50761,5.21247,20.3546,985.697,0.436568,84.9904
1,38,2.86721,0.579356,2.50761,5.28923,20.3261,979.213,0.436795,85.0219
2,38,2.86554,0.536694,2.50761,5.22562,20.2559,981.865,0.437137,84.9534
3,38,2.86507,0.513653,2.50761,5.22057,20.3768,979.544,0.437939,84.7956
4,38,2.87161,0.563608,2.50761,5.22299,20.6831,980.605,0.443188,84.9814
5,38,2.87884,0.514086,2.50761,5.19326,20.4866,982.161,0.439685,84.9553
6,38,2.86894,0.544662,2.50761,5.21536,20.1025,982.162,0.43413,84.9446
7,38,2.88183,0.550064,2.50761,5.14202,20.3438,982.7,0.442823,84.9943
8,38,2.87859,0.586005,2.50761,5.08379,20.677,981.695,0.437127,85.0431
9,38,2.88079,0.562243,2.50761,5.24571,20.3314,980.915,0.437143,85.1153
10,38,2.88389,0.552126,2.50761,5.2272,20.8562,981.865,0.433203,84.8279
1,39,2.89146,0.620397,2.50761,5.2421,20.3589,984.777,0.441761,84.9201
2,39,2.88974,0.657033,2.50761,5.23616,21.0122,980.678,0.436608,84.9929
3,39,2.90499,0.614895,2.50761,5.15258,20.199,982.429,0.436319,84.8402
4,39,2.90245,0.641098,2.50761,5.24678,20.5062,982.178,0.436975,85.3918
5,39,2.88647,0.596479,2.50761,5.18109,20.0026,986.391,0.436269,85.0182
6,39,2.89804,0.592854,2.50761,5.28433,20.7512,986.393,0.431548,85.027
7,39,2.89376,0.627179,2.50761,5.15059,20.5375,980.307,0.435998,84.9492
8,39,2.87668,0.647468,2.50761,5.26494,20.3327,984.166,0.438492,85.0423
9,39,2.88315,0.653794,2.50761,5.37065,20.6966,982.108,0.432505,85.037
10,39,2.88735,0.620116,2.50761,5.23152,20.2671,982.191,0.435815,84.9577
1,40,2.88058,1.16371,2.50761,5.17052,20.2503,983.136,0.429488,84.866
2,40,2.87713,1.06395,2.50761,5.23347,20.3904,981.245,0.432592,84.7075
3,40,2.88461,1.15757,2.50761,5.23607,20.4121,983.4,0.430408,84.9312
4,40,2.87867,1.14961,2.50761,5.24692,20.6123,982.6,0.434958,84.8975
5,40,2.87591,1.08721,2.50761,5.20936,20.6887,983.012,0.436065,85.0363
6,40,2.86808,1.15796,2.50761,5.26856,20.142,985.086,0.43648,84.8877
7,40,2.89005,1.15743,2.50761,5.20451,20.3713,985.71,0.431206,85.0295
8,40,2.87942,1.16276,2.50761,5.23612,20.4765,982.331,0.435179,84.8451
9,40,2.87544,1.16257,2.50761,5.28283,20.2808,984.109,0.442251,85.145
10,40,2.88252,1.13911,2.50761,5.2851,20.5833,984.291,0.439928,84.8773
1,41,2.86162,0.763318,2.50761,5.21316,20.6584,984.211,0.435575,85.064
2,41,2.87562,0.823924,2.50761,5.24203,20.8238,982.446,0.439056,85.1087
3,41,2.85867,0.776804,2.50761,5.23092,20.401,982.264,0.43128,84.9135
4,41,2.87605,0.814281,2.50761,5.20875,20.7225,983.446,0.434671,84.9524
5,41,2.88067,0.786266,2.50761,5.28532,20.9522,983.733,0.435764,85.0581
6,41,2.89383,0.77263,2.50761,5.20823,20.3493,985.145,0.433768,85.0073
7,41,2.86558,0.757312,2.50761,5.25121,20.6898,982.747,0.433069,84.98
8,41,2.86585,0.846773,2.50761,5.21345,20.8197,983.407,0.442457,85.1526
9,41,2.86821,0.755104,2.50761,5.24344,20.4358,985.439,0.436429,85.2043
10,41,2.87727,0.73067,2.50761,5.23584,20.731,983.391,0.441869,85.112
1,42,2.88858,0.80572,2.50761,5.1252,20.1214,982.04,0.430879,85.1554
2,42,2.88271,0.780804,2.50761,5.15591,20.2858,981.461,0.430162,85.0383
3,42,2.89407,0.814395,2.50761,5.2012,20.7272,982.465,0.43295,84.8704
4,42,2.89157,0.798873,2.50761,5.2153,20.3915,982.214,0.433294,85.0606
5,42,2.86847,0.827368,2.50761,5.19302,20.4167,984.406,0.437637,85.1469
6,42,2.90182,0.845993,2.50761,5.17095,20.4536,987.499,0.434939,85.1744
7,42,2.88535,0.793314,2.50761,5.20047,20.3396,986.303,0.435424,85.0398
8,42,2.87566,0.795313,2.50761,5.22665,21.0198,983.116,0.436098,85.0396
9,42,2.90046,0.806173,2.50761,5.1915,20.3362,986.591,0.437756,85.0439
10,42,2.86332,0.810741,2.50761,5.17268,20.5514,987.051,0.433731,85.1277
1,43,2.86125,0.560571,2.50761,5.32086,20.4279,982.449,0.434748,84.7759
2,43,2.88298,0.58423,2.50761,5.20189,20.4528,982.289,0.438695,84.8134
3,43,2.89269,0.571315,2.50761,5.27326,20.4836,983.893,0.440068,85.1322
4,43,2.88393,0.586545,2.50761,5.23496,20.3594,983.803,0.438519,84.8783
5,43,2.89391,0.613182,2.50761,5.16528,20.3241,982.683,0.444511,85.0311
6,43,2.89873,0.633117,2.50761,5.20059,20.5085,982.804,0.434131,84.8862
7,43,2.87857,0.597007,2.50761,5.27762,20.6244,982.53,0.438248,84.9493
8,43,2.87043,0.583394,2.50761,5.33468,20.5515,983.533,0.431337,84.9156
9,43,2.86217,0.602372,2.50761,5.22311,20.5873,985.275,0.433937,84.9198
10,43,2.86995,0.561215,2.50761,5.1945,20.3883,980.587,0.437325,85.056
1,44,2.89324,0.810094,2.50761,5.19547,20.3702,985.02,0.430695,85.0045
2,44,2.87295,0.827339,2.50761,5.26425,20.2884,982.61,0.43682,85.1368
3,44,2.89783,0.863521,2.50761,5.21927,20.2941,984.789,0.433245,85.0947
4,44,2.89795,0.834923,2.50761,5.15277,20.3498,983.609,0.433483,85.1328
5,44,2.8914,0.888279,2.50761,5.17995,20.4437,983.768,0.432939,85.1428
6,44,2.90907,0.823963,2.50761,5.19035,20.3353,984.494,0.431533,85.1837
7,44,2.8677,0.801243,2.50761,5.24298,20.1773,981.894,0.432343,85.1367
8,44,2.88415,0.834222,2.50761,5.27379,20.1106,982.185,0.432723,85.0949
9,44,2.88658,0.810418,2.50761,5.16164,20.2687,987.373,0.430835,84.9498
10,44,2.86479,0.820073,2.50761,5.26751,20.4209,983.349,0.431904,85.0384
1,45,2.84968,0.476392,2.50761,5.19804,20.2966,983.897,0.437292,84.9687
2,45,2.87831,0.53374,2.50761,5.05993,20.4483,983.639,0.439147,85.0192
3,45,2.8701,0.50936,2.50761,5.29528,20.6283,983.652,0.438613,84.9851
4,45,2.85582,0.494204,2.50761,5.21684,20.7173,983.148,0.434495,85.1023
5,45,2.8677,0.496694,2.50761,5.14171,20.7963,982.991,0.437,84.9282
6,45,2.88354,0.525009,2.50761,5.19576,20.4843,986.017,0.437478,84.9599
7,45,2.88253,0.511938,2.50761,5.26018,20.5233,983.101,0.438279,85.0873
8,45,2.88558,0.519766,2.50761,5.13622,20.3356,984.715,0.437861,84.9857
9,45,2.87051,0.516469,2.50761,5.28166,20.7204,981.179,0.432979,85.0171
10,45,2.84441,0.493325,2.50761,5.13467,20.6473,980.45,0.439179,84.9928
