rep,id,eta_Cl,eta_V1,eta_Q,eta_V2,eta_S,eta_R0,eta_gamma,eta_MTT
1,1,-0.00305748,-0.572211,0,0.013772,0.00719153,-0.000797481,0.00430026,0.000133893
2,1,-0.00190521,-0.49816,0,-0.00284352,0.0135063,0.00127182,0.0115973,-0.00082228
3,1,-0.000183262,-0.553317,0,0.014419,-0.00145226,0.000147106,0.00704339,-0.00106391
4,1,-0.00505986,-0.554148,0,0.0112445,0.00305754,0.00159964,0.00950336,-0.00292814
5,1,-0.0071275,-0.576819,0,0.0171927,-0.0081579,0.00156272,-0.00427274,0.000201482
6,1,-0.0061172,-0.550245,0,0.00281634,0.0154492,0.000363256,-0.0021073,-0.00014046
7,1,-0.00946577,-0.541719,0,-0.00370706,-0.00227905,-0.00390147,0.000638766,-0.00108897
8,1,0.00264448,-0.559197,0,-0.00768746,0.00881037,0.00161732,0.00767947,0.00145004
9,1,-0.00319141,-0.589876,0,-0.000270441,0.0121489,0.00249259,0.000714675,-0.000832658
10,1,0.000118773,-0.549527,0,0.00794989,0.00292019,-0.00205274,-0.0147671,-0.000265467
1,2,-6.83227e-05,-0.268091,0,-0.000167851,0.0148291,0.000365998,-0.0111635,-0.0020089
2,2,-0.00112871,-0.308323,0,0.00592838,0.0054047,-0.00145549,-0.00680991,0.000879345
3,2,-0.0018817,-0.252831,0,0.0194434,-0.0103903,0.00225226,-0.00347284,0.00142033
4,2,-0.00218552,-0.294933,0,-0.00540828,-0.0158342,9.21734e-05,-0.0130917,-0.0011074
5,2,0.00194509,-0.181921,0,0.00438497,-0.00740807,-0.000797237,0.00842499,0.000190154
6,2,-0.00298638,-0.320901,0,0.000793388,-0.00619777,8.77955e-05,-0.0090164,0.00185759
7,2,-0.00155851,-0.257601,0,0.00367044,0.000731312,-0.001267,-0.00642473,0.000679101
8,2,0.00133848,-0.198426,0,0.0142111,0.00438782,0.00248005,-0.00619313,4.30617e-06
9,2,0.000166039,-0.28638,0,0.0107453,-0.0119213,-0.000257034,-0.00530398,-0.000868224
10,2,-0.00307365,-0.216926,0,-0.00455454,-0.0104062,-0.00265569,-0.0045143,0.000258131
1,3,-0.00375828,0.326891,0,0.00519284,-0.0153434,0.00135554,-0.0122853,0.000852538
2,3,-0.00136833,0.359049,0,0.0171111,0.00294192,0.000212772,-0.0100249,0.000439467
3,3,0.00108619,0.418241,0,0.00185468,-0.0169725,-0.00260799,0.00168487,-0.000528724
4,3,-0.00293675,0.308649,0,0.0123114,-0.00796517,-0.00395335,0.00355832,-0.00133999
5,3,0.00273895,0.300985,0,0.0038314,0.0159461,-0.000588342,0.00993858,0.00061039
6,3,0.00562087,0.316245,0,0.00333558,-0.0167713,-0.00163836,-0.00551531,-0.00130531
7,3,0.00492987,0.302045,0,4.79563e-05,0.0141712,-0.000861003,0.0052033,0.00265146
8,3,0.00121148,0.315832,0,-0.00693301,-0.0151811,-0.00176958,0.000160475,-0.000191587
9,3,0.00333964,0.36063,0,0.0207617,-0.0185281,0.000902281,-0.00986723,-0.000464096
10,3,0.0029015,0.40025,0,-0.0035905,0.00404685,0.00322115,0.0012365,0.000106848
1,4,0.00651113,0.0889921,0,0.00638618,-0.00628595,-0.000902975,0.0121527,-0.000201346
2,4,0.00457764,0.0604145,0,0.0163505,-0.000455731,0.00263292,-0.00868638,-0.000863684
3,4,-0.00226238,0.0172633,0,0.0064804,0.000495681,0.00247841,0.000737162,-0.000692166
4,4,-0.00476513,-0.000145575,0,-0.0238452,-0.00687509,0.00110344,-0.00384308,-0.00108017
5,4,-0.00226643,0.0226076,0,-0.0106007,0.0173408,5.5044e-05,-0.000400514,0.00119856
6,4,0.0015539,0.0103061,0,0.0190351,-0.000128049,-0.000804471,0.0123957,5.21622e-05
7,4,-0.00477733,-0.0345319,0,-0.000989899,-0.00656594,0.00171981,-0.00281725,0.00109298
8,4,-0.00300309,0.0114533,0,-0.00321853,0.0127415,0.000609986,0.00134717,-0.000169862
9,4,-0.000145269,0.0414934,0,-0.00717366,0.0007939,-0.0022657,0.00128442,0.00055269
10,4,-0.00178653,0.033206,0,-0.0084915,0.0119835,-0.00113889,-0.0110145,-0.00315383
1,5,0.00326316,0.559185,0,0.00649703,-0.00100198,-9.0214e-05,0.010658,0.000717773
2,5,-0.0046207,0.503576,0,-0.00087938,-0.000284396,0.000275821,-0.00707425,0.000381142
3,5,-0.00479881,0.479605,0,0.00244922,-0.00941592,0.000831728,-0.00184408,-0.00157733
4,5,-0.00216926,0.552536,0,0.00085565,-0.000615807,-0.0035049,-0.00119217,0.00185499
5,5,-0.00142942,0.526175,0,0.000143716,0.0138152,-0.00010394,-0.00554373,0.000578636
6,5,-0.00360806,0.553656,0,-0.00915097,0.00981327,0.00265867,0.0054093,-0.00117943
7,5,-0.00586892,0.55898,0,-0.00680307,-0.00421586,0.00229447,-0.000416993,-0.00104619
8,5,-0.00522507,0.472331,0,-0.021828,0.00765251,0.00492201,0.000642102,-0.00181981
9,5,-0.00135688,0.501962,0,0.000772599,0.0182694,-0.00126035,-6.73685e-05,0.00180552
10,5,-0.00366544,0.473645,0,-0.0264423,-0.00516224,-0.000369513,0.00100948,0.000604455
1,6,0.000986624,0.376925,0,0.00016045,-0.0186932,0.000992184,-0.0214626,-0.000572745
2,6,-0.00244592,0.339884,0,-0.0257524,-0.00489572,-0.000118213,0.00110767,0.000394886
3,6,-0.00108106,0.449252,0,-0.00340971,-0.00326722,0.000152171,-0.00631037,-0.0012211
4,6,-0.00548174,0.396954,0,-0.013526,-0.00257667,0.00044973,-0.0118094,0.00196817
5,6,-0.000205135,0.35568,0,-0.00955323,-0.012123,-0.00062815,-0.00379969,-0.000498198
6,6,-0.00195353,0.343476,0,0.00407063,0.000582336,-0.00330571,-0.00863757,0.00142759
7,6,0.00362025,0.370011,0,-0.00548582,-0.016045,-0.000962316,-0.0022102,0.000128221
8,6,-0.00319124,0.396367,0,-0.00524316,-0.02102,0.000270763,-0.00451102,-0.000972238
9,6,-0.00546462,0.338578,0,0.0092064,0.00288732,-0.000588888,-0.00843662,-0.00165028
10,6,0.0095381,0.397873,0,0.00689889,-0.00700078,-0.00426987,-0.0030328,-0.00207933
1,7,0.00219508,0.0115304,0,0.00928502,0.011509,-0.00291652,-0.00961856,5.44157e-05
2,7,-0.000638415,0.109462,0,-0.00275903,-0.0223211,-0.00219916,0.0111517,-0.00156196
3,7,-0.00398093,0.0413379,0,-0.00642959,-0.0100377,0.00275874,0.00229667,0.000471737
4,7,0.00411724,0.0838823,0,-0.0128565,-0.000606557,-0.000247281,0.00228893,0.000325011
5,7,0.0063459,0.0960466,0,0.00152863,0.0166129,-0.00108116,0.00271033,0.000665934
6,7,-0.00589089,0.0166088,0,0.00817422,-0.017204,-0.00135545,-0.00547813,0.00255213
7,7,0.00769308,0.086918,0,-0.00628339,-0.0149136,-0.000836403,-0.00798961,0.000900075
8,7,0.00340426,0.0397437,0,-0.00379377,0.0016736,0.00128571,-0.01486,5.07279e-05
9,7,0.00541814,0.0717242,0,0.0201735,0.00734448,0.00054755,-0.0128564,-0.000217795
10,7,0.00492708,0.0688779,0,0.00238676,-0.0144778,-0.00322447,0.00252269,0.000525393
1,8,-0.000616008,0.363245,0,-0.00151311,0.00957338,0.00120674,-0.00116124,0.000816366
2,8,0.00561735,0.398799,0,-0.0146226,-0.0172152,-0.00181709,0.000886634,0.000649323
3,8,-0.00240414,0.357747,0,0.00560768,-0.014082,0.00198492,-0.013064,0.00109864
4,8,0.00493477,0.386381,0,-0.00724269,-0.0104024,0.000447113,-0.0113943,0.00197567
5,8,0.0101668,0.465908,0,-0.00448646,0.0184542,-0.00194202,-0.00165004,0.000287605
6,8,0.00732968,0.439821,0,-0.00306425,0.0162019,0.00264228,0.00236581,0.000136672
7,8,0.00598942,0.418998,0,-0.00711725,-0.00117589,0.00111438,0.00801989,0.00159832
8,8,0.000550074,0.359674,0,-0.0051643,-0.00511206,-0.000146555,-0.00183265,-0.000996171
9,8,0.00178405,0.417684,0,-0.00924287,-0.000744635,0.000428378,-0.00393238,0.000965206
10,8,-0.000615933,0.407992,0,0.0148132,0.000245402,-0.00141246,-0.00669641,0.000330166
1,9,0.00622546,0.219665,0,-0.00585627,0.00394698,-0.00156105,-0.0063032,0.000903678
2,9,0.00231071,0.271201,0,0.00422636,0.00812777,-0.00182061,0.00696671,0.000997708
3,9,-0.00536879,0.240202,0,0.0310911,-0.00424115,0.0032699,0.00263421,-0.001534
4,9,-0.00276934,0.25729,0,0.0026132,-0.000334409,-0.000833775,0.0127757,0.000738721
5,9,-0.00150086,0.274561,0,-0.0212649,0.00486163,-0.0043267,-0.00189431,0.00212953
6,9,0.00762265,0.305123,0,-0.00528246,0.0129679,-0.00110574,0.00398407,0.00124228
7,9,-0.0016433,0.260654,0,-0.00459237,0.010297,0.0022553,-0.00533128,0.000424843
8,9,0.000934961,0.313651,0,0.00291126,0.000737195,-0.000871721,0.00180844,0.000979366
9,9,0.00715851,0.271583,0,-0.00387163,0.00395172,-0.00120069,-0.00562011,0.00155713
10,9,0.00491014,0.26843,0,0.000168192,-0.00184619,-0.00234402,0.00882287,0.00101741
1,10,-3.79039e-05,0.211653,0,0.0192348,-0.000914584,0.000489679,-0.0151535,0.00032426
2,10,0.00570157,0.269954,0,-0.00716218,-0.0179783,-0.00183114,-0.00516876,0.000578576
3,10,0.00383867,0.254613,0,-0.00134231,-0.018696,0.00206301,0.0103619,0.00154754
4,10,-0.0057215,0.302732,0,-0.00538914,0.0170177,-0.00256772,-0.00153901,0.000896939
5,10,-0.00138519,0.258736,0,-0.00276574,-0.00256235,-0.00136228,0.00707446,0.00095256
6,10,-0.00233419,0.243978,0,0.00543822,0.000103445,-0.000853111,-0.00475466,0.000721115
7,10,0.00384084,0.335353,0,-0.00240506,0.0188391,0.0026135,-0.00936152,-0.00108491
8,10,0.00437331,0.269278,0,-0.0096865,0.0091047,0.00312693,-0.00272897,-3.14564e-05
9,10,0.00469573,0.254449,0,-0.00717948,-0.00262004,-0.00115342,-0.000810477,0.000582436
10,10,0.00480933,0.270678,0,0.00588408,0.00838168,-0.000214693,0.00236556,-0.000277003
1,11,-0.00241947,0.678526,0,-0.0108064,0.0101785,-0.00046875,0.00277936,0.000140508
2,11,-0.000849518,0.649787,0,0.00681438,0.000658041,0.00333756,-0.00409737,0.000159292
3,11,0.00484111,0.619991,0,0.00455851,-0.0147895,0.000703029,0.0131743,0.000853493
4,11,0.00100443,0.685669,0,0.0173249,0.0055537,0.000313087,0.00311033,-0.000664708
5,11,-0.00734461,0.649428,0,0.00357493,0.00363482,-0.00117133,-0.000276681,0.00105264
6,11,0.0048893,0.647369,0,0.00181269,0.000968548,-0.0042061,0.00965736,0.00155838
7,11,-0.00187496,0.622545,0,-0.0146949,-0.00539579,0.00114104,0.0032236,-0.00181457
8,11,0.00434206,0.712073,0,0.00172467,-0.0247096,0.00136876,0.00695162,0.000123154
9,11,-0.000386147,0.657399,0,0.00100119,-0.0125864,0.000700006,-0.0104896,0.00103137
10,11,-0.00254559,0.630821,0,0.00152327,0.00850193,0.000384919,0.007836,-3.28982e-05
1,12,0.000590675,-0.191385,0,-0.00580085,0.00431964,0.00110819,0.000228406,-0.000788365
2,12,0.00209055,-0.127242,0,0.00114527,0.00502612,0.00370554,0.00819563,0.000424442
3,12,-0.00650474,-0.224846,0,-0.0150695,0.00263488,0.00170752,0.000905097,0.000788546
4,12,-0.00286275,-0.227035,0,0.0106956,-0.000734082,0.00154668,0.00455453,-0.000772472
5,12,0.00250036,-0.249945,0,0.0047595,0.00368422,-0.00129032,-0.00174923,-0.000421537
6,12,-0.00362785,-0.209175,0,0.00137076,-0.010766,0.0028008,-0.0108229,0.00181392
7,12,-0.00651702,-0.210131,0,0.00270985,0.00246843,-0.00111647,-0.00235088,-0.00124725
8,12,-9.0337e-05,-0.177228,0,0.00309462,-0.0137863,0.000285459,0.013844,-0.0013387
9,12,-0.00230413,-0.208537,0,0.00216539,0.0180672,0.00138711,0.00368336,-0.00235847
10,12,-0.000921267,-0.170681,0,0.00498269,-0.00498225,-0.000143713,0.000895834,0.00194943
1,13,-0.00517806,-0.195245,0,0.018802,-0.0040239,-0.000314739,-0.00676323,-0.000486679
2,13,-0.000516651,-0.122185,0,-0.00103531,0.0104864,-0.00158789,-0.00301864,-0.00042152
3,13,-0.00443702,-0.190147,0,0.000272446,-0.0175956,0.00353379,0.00131448,-0.00233298
4,13,-0.00917728,-0.177171,0,-0.00266205,0.00651588,-0.00145752,0.00145826,0.000735823
5,13,-0.000166003,-0.181927,0,-0.00179147,0.00421249,-0.000516743,0.00145321,-0.000999501
6,13,0.00298651,-0.149494,0,0.00992657,0.007232,-0.000692682,-0.00952313,-0.00290871
7,13,-0.00205108,-0.206064,0,0.00938357,-0.00233996,-0.0029593,0.00492849,0.00184952
8,13,0.00151877,-0.205829,0,0.00116835,0.0188478,0.000631914,0.00811472,0.00296266
9,13,-0.00156116,-0.209306,0,0.0167659,0.0111229,0.000319833,0.00341757,0.000105835
10,13,-0.00311497,-0.192168,0,-0.00122041,-0.00337553,-0.00127223,0.00705182,0.000688862
1,14,0.00260533,-0.0912344,0,0.0156941,0.017179,-0.000328382,-0.00751718,0.00152341
2,14,0.00139204,-0.0959459,0,-0.0212358,0.00789379,0.00153129,-0.00216571,-0.000119737
3,14,0.00173494,-0.126002,0,0.000130675,-0.000834966,0.000260499,0.0107174,0.00183282
4,14,-0.00709634,-0.108469,0,-0.00466802,0.00152239,0.000589767,0.00726343,0.000438011
5,14,-0.00511289,-0.103209,0,-0.00315103,0.021076,0.000415643,0.00572553,0.00180148
6,14,-0.000264887,-0.0521764,0,-0.00312322,-0.00802013,0.000618734,0.00306302,-0.00135201
7,14,0.00372859,-0.0828488,0,-0.00448304,0.000930343,-0.000884735,-0.00522624,0.00112319
8,14,0.0033551,-0.118683,0,0.00129737,-0.00361901,-0.000751125,0.0090552,-0.00062316
9,14,-0.00171857,-0.124326,0,-0.00128676,-0.00512955,-0.00133605,-0.0013449,-0.000969668
10,14,-0.0028614,-0.0979767,0,0.0160585,0.0143785,0.000105435,0.00817754,-0.00137026
1,15,0.000201511,-0.0490315,0,0.00396478,0.0114121,-0.000264163,-0.00231996,0.00120386
2,15,0.000237275,-0.108135,0,-0.00895164,-0.00633804,0.00139982,-0.00254109,-0.00106109
3,15,0.00118254,-0.0343386,0,0.0163644,0.00199512,0.00140399,0.00169206,-0.000571531
4,15,0.000320455,-0.0365645,0,0.0126729,0.00428609,-0.00242393,0.00780248,-0.00163319
5,15,0.00229078,-0.0359448,0,0.0047027,-0.015994,0.00182813,-0.00627779,0.000698271
6,15,-0.00170369,-0.125149,0,0.00682032,-0.00964108,0.000258106,0.0182309,4.24503e-05
7,15,-0.00201267,-0.0697532,0,0.0135211,0.00449182,0.00198488,0.00794604,0.000208902
8,15,-0.00958979,-0.142639,0,0.0140477,-0.00930674,-0.00100715,0.0153773,-0.000936994
9,15,-0.0060903,-0.0316365,0,-0.000466213,-0.0103264,-0.00291235,0.00672048,-0.000104542
10,15,-0.00761452,-0.0742044,0,0.00924255,0.00403694,-0.000926427,0.00502005,0.00101926
1,16,0.00451895,-0.155946,0,-0.00330994,0.00152434,-0.000512658,0.00289179,0.00103925
2,16,0.000532584,-0.132617,0,0.0218751,-0.0163535,-0.00246042,0.0112641,0.00235908
3,16,0.00897684,-0.195254,0,-0.0108998,0.00723021,0.00108448,-0.00611716,0.000943931
4,16,-0.000169681,-0.167273,0,0.00247533,-0.000345206,0.000268638,-0.00192962,-0.00160585
5,16,-0.00102043,-0.179205,0,-0.00551584,0.00363071,0.000291237,0.000662313,-0.00145929
6,16,-0.00411768,-0.139039,0,0.00153571,0.0158421,-0.00178696,-0.00486216,-0.00131815
7,16,0.000222365,-0.135586,0,-0.00510745,-0.00799211,0.00145445,0.00300807,-0.00022988
8,16,-0.000551957,-0.0851389,0,0.00600857,-0.00944729,-0.00013221,0.00592907,-0.000407712
9,16,-0.00048402,-0.150021,0,0.00360495,0.00347152,-0.0017388,0.00256603,0.00186817
10,16,0.00688036,-0.116984,0,-0.0145473,-0.0198989,0.000317976,0.000866291,0.00072462
1,17,0.00392137,-0.320774,0,-0.00152265,-0.00348033,-0.00173181,-0.00617685,-8.44789e-05
2,17,-0.00725692,-0.360275,0,-0.00943835,0.00414298,-0.00130565,-0.00137431,6.54685e-05
3,17,0.0060266,-0.350198,0,0.00823371,-0.00296513,0.000400873,0.0039803,-0.00224676
4,17,-0.00890802,-0.371641,0,-0.00446334,0.0229523,0.000861786,0.0020081,-0.00218078
5,17,-0.00522662,-0.342606,0,-0.019301,0.00295042,0.00344875,0.00496282,-0.000607623
6,17,0.00136772,-0.338477,0,-0.0139996,0.0240074,0.000803384,-0.00400746,-6.43316e-05
7,17,-0.00228373,-0.387275,0,-0.0106321,0.0125319,0.0023613,-0.0128824,-0.000570903
8,17,0.00637976,-0.382899,0,0.00822918,0.0101136,0.000151232,-0.0013441,-0.00025809
9,17,-0.00257674,-0.344662,0,0.00774032,-0.0141504,0.000899118,-0.00841213,-0.00360323
10,17,0.00239283,-0.340635,0,-0.0074855,-0.00740542,0.00107938,-0.00532731,-0.00116004
1,18,-0.00426037,-0.0920476,0,-0.0150935,-0.0146045,-0.000381552,-0.00320777,-0.000723494
2,18,0.00178873,-0.0542954,0,-0.0155628,0.00149955,-0.00114512,-0.00485309,0.000945878
3,18,-0.00385315,0.0152592,0,0.0141472,-0.00893832,0.000356494,-0.00979933,0.00150774
4,18,0.00391758,-0.0798958,0,-0.0039003,-0.000159937,-0.00441674,0.0165735,0.000695791
5,18,-0.00460156,-0.0617254,0,-0.0176291,-0.0054103,-0.00199116,-0.0102329,-0.00217717
6,18,0.00262674,-0.0356802,0,0.00262092,-0.0224021,-0.00113582,0.0027681,-0.000520141
7,18,0.00697496,-0.0668834,0,-0.002036,0.000920589,-0.000901611,0.000261089,0.00148346
8,18,-0.0116878,-0.0938088,0,-0.0084076,-0.0133872,-0.00077942,0.00273555,0.000148193
9,18,0.000412534,-0.070337,0,-0.0141312,-0.0055627,-0.000224449,0.0053579,0.00162266
10,18,-0.00399681,-0.151176,0,-0.0149769,0.00868653,-0.00194579,0.00813113,-0.000928044
1,19,0.00160264,0.385437,0,7.20191e-05,0.00368651,-0.00074291,-0.0120044,-0.000884696
2,19,0.00869341,0.338765,0,-0.00772596,0.022014,-0.00198623,-0.00649071,0.00206225
3,19,0.00333053,0.316299,0,-0.00202897,-0.00600205,0.00416506,0.000154624,0.0017112
4,19,0.000469755,0.375567,0,0.0127763,-0.0067514,-0.000808304,-0.00856781,6.15885e-05
5,19,0.00272359,0.385084,0,-0.00320349,-0.00168725,-0.000595979,-0.0128232,8.68668e-05
6,19,-0.00299019,0.28397,0,0.00267489,0.00301249,-0.000765655,-0.00694441,2.2914e-05
7,19,-0.000510021,0.281592,0,0.0041019,0.00521064,0.00220807,-0.0084813,-3.54584e-05
8,19,0.00287736,0.389457,0,0.00671323,0.00650526,-0.000555653,-0.0034084,0.00157762
9,19,-0.00419689,0.303034,0,0.00639755,0.0123078,0.00183892,-0.00898976,0.0015662
10,19,0.00694094,0.307498,0,0.00554974,0.00872041,-0.000188991,-0.0132009,-0.00151889
1,20,-0.00538394,-0.356628,0,-0.0191395,0.00608979,-0.000825294,0.00260531,0.0016748
2,20,0.00234432,-0.312728,0,-0.00482516,-8.7737e-05,0.00212162,0.00108193,-0.00138846
3,20,0.000736956,-0.413276,0,0.00798138,-0.0170835,0.00149278,-0.00250377,-0.000760816
4,20,-0.00272375,-0.392623,0,0.0127812,0.00127932,0.0015844,-0.000419388,-0.00115699
5,20,-0.00127058,-0.343905,0,-0.00137662,-0.000429356,-0.000858643,0.00596291,0.000824209
6,20,0.0011314,-0.380314,0,0.0043051,0.00968262,-0.000765934,-0.00479848,-0.00149033
7,20,-0.00153528,-0.325573,0,0.0106153,0.0124961,-0.00013448,0.00224675,6.57044e-05
8,20,-0.000361197,-0.409207,0,0.00316635,-0.0165394,-0.00136391,0.0067718,0.00144246
9,20,-0.00622508,-0.2971,0,-0.00799501,-0.00053413,-0.00185576,0.00224493,-0.0013395
10,20,-0.00349154,-0.378353,0,0.00390844,-0.00563493,0.00260945,-0.00167604,-0.000315614
1,21,-0.00067003,0.112064,0,0.0167633,-0.00811436,-0.00189974,-0.00294151,-0.000223703
2,21,0.00560103,0.130828,0,-0.00202627,-0.00190604,0.000667469,-0.00068293,-0.000819629
3,21,0.00333752,0.0889402,0,0.0146064,-0.00547024,-0.000984141,-0.00497284,0.00247416
4,21,-0.00189265,0.115472,0,-0.0195921,0.0102584,6.34664e-06,0.00884639,-0.000188482
5,21,0.00122972,0.112724,0,0.00441819,0.0233426,0.00194775,-0.00528118,0.000374316
6,21,0.00738531,0.109406,0,0.00807754,-0.00718636,-0.00198915,-0.00520311,-9.44674e-05
7,21,0.000822741,0.135037,0,0.00753159,0.00228969,-0.000439574,-0.00405793,0.00180076
8,21,0.00349207,0.0653173,0,-0.00468789,-0.0190585,-0.000887376,0.00775897,-0.00143884
9,21,0.00767964,0.111701,0,-0.00330368,-0.00116838,-0.000425439,-0.00240837,0.00277497
10,21,-0.00294675,0.107901,0,-0.00747063,0.00809207,0.000998131,0.00612327,-9.92018e-05
1,22,0.00386506,-0.351564,0,-0.0099916,-0.016379,0.00194339,0.00522371,-0.0013921
2,22,-0.00667353,-0.393721,0,-0.018678,0.00929831,0.00185203,-0.000566764,0.00138541
3,22,0.00195968,-0.39034,0,0.0027728,0.0137345,0.0018064,-0.0160432,-0.00116431
4,22,0.00128871,-0.380931,0,0.00189205,0.00621015,0.000859192,-0.00641186,-0.000881452
5,22,0.00479581,-0.40006,0,-0.00396299,0.00326332,0.00159727,-0.00166042,0.00054682
6,22,-0.000629278,-0.397044,0,0.0143497,-0.00493823,-0.00023218,0.00114761,-0.00109513
7,22,0.000616628,-0.409229,0,-0.00116091,0.00210273,0.00121297,0.00933783,-0.00107756
8,22,0.000653056,-0.35809,0,0.00748199,-0.00739669,-0.00350507,0.00483794,-0.00176034
9,22,-0.000471388,-0.370038,0,0.00108503,-0.00742181,0.000656833,0.000978925,0.00165336
10,22,-0.00275725,-0.408278,0,-0.00146571,-0.0112584,0.000468208,0.0061923,-0.000611249
1,23,0.000627565,0.605059,0,0.0198392,-0.0126565,-0.00311236,0.013692,0.00138215
2,23,0.0135751,0.610872,0,-0.00587355,0.0108469,-0.00153349,0.0026179,-0.00131297
3,23,-0.00624705,0.555388,0,0.000346527,-0.0034306,0.00201089,0.00571716,-0.00269163
4,23,0.00301893,0.6159,0,-0.0129571,-0.00588322,-0.00257048,-0.00123574,-0.00124751
5,23,0.00800274,0.647857,0,0.0220548,0.0150591,0.000583113,-0.00464561,0.000771032
6,23,-0.000289063,0.572479,0,-0.0149594,-0.000364784,0.00203532,0.00635925,0.000399988
7,23,0.00166922,0.544151,0,-0.0128822,0.00310945,-0.00259522,-0.000441625,-3.22878e-05
8,23,-0.000541841,0.564185,0,-0.0138704,-0.017109,0.00379278,0.00925445,-0.00062345
9,23,-0.00102819,0.549294,0,-0.00954422,0.00688637,-0.00369322,0.00524745,-0.00231546
10,23,-0.003551,0.569774,0,0.000918548,0.00375803,0.000248699,0.00996315,-0.000359613
1,24,-0.00234339,0.0853195,0,0.00115383,-0.00324842,-0.00218816,0.00321088,-0.00257274
2,24,0.000716445,0.115579,0,0.00345379,0.00337534,0.00150529,-0.0029303,-0.00152579
3,24,0.00304314,0.0509218,0,-0.00399064,-0.00609761,-0.000413378,0.000995585,0.000679698
4,24,0.00408758,0.0508708,0,-0.0112998,-0.00565568,-0.000915947,0.0052656,-0.000651702
5,24,0.000455605,0.125858,0,0.0153656,0.00427031,-0.00378759,0.00186364,-0.000562046
6,24,-0.00115886,0.0810388,0,0.00496034,0.00797608,0.000636954,-0.000105258,-0.00141353
7,24,0.0066136,0.102268,0,9.45908e-05,-0.0105493,0.000743231,0.0196704,0.00105438
8,24,0.00200784,0.0901237,0,0.00132322,-0.00150163,0.00494553,-0.00102612,-0.000765896
9,24,-0.00090155,0.0590054,0,0.0084797,0.00984031,0.000168443,-2.29577e-05,7.56153e-05
10,24,0.00114633,0.13489,0,0.0147208,-0.0118864,0.000930043,0.00100217,2.39755e-05
1,25,-0.000102308,-0.0724012,0,-0.0073354,-0.0079234,-0.000749229,0.00924718,-0.000368774
2,25,0.00256183,-0.0837064,0,9.39972e-06,0.00313143,-0.00276473,-0.00596226,-0.00136439
3,25,0.003582,-0.0588599,0,0.00251518,-0.0100342,0.000156324,0.00473629,-0.000786578
4,25,0.00369911,-0.0881473,0,-0.00936468,-0.0187966,-0.000169184,0.00357001,0.00107043
5,25,-0.000177994,-0.027318,0,0.00327928,0.00423529,0.00118301,0.0120775,-0.000795672
6,25,0.00204944,-0.0614126,0,0.00865248,-0.00384376,-0.00109551,0.0196531,-0.000889067
7,25,-0.000355924,0.0033084,0,0.00246746,0.00633528,0.000999901,0.00724051,-0.000147186
8,25,-0.00254002,-0.0393654,0,-0.00369723,0.000328064,-0.000486323,0.000905669,-0.000287946
9,25,0.00251129,-0.0714791,0,0.00859273,-0.00240755,0.00275425,0.0160948,-0.00107448
10,25,0.0083798,-0.0507066,0,-0.0149894,-0.0118785,0.00356715,-0.0105587,-0.000602035
1,26,0.00344467,-0.229553,0,-0.00265666,0.0183573,-0.00211632,-0.0135678,-0.0018071
2,26,-0.00128544,-0.238954,0,0.00869447,-0.0118048,0.00110201,-0.00625581,-0.000624326
3,26,-0.00541391,-0.227032,0,0.00513187,-0.00122041,0.00441494,-0.0126489,-0.0028768
4,26,0.000771072,-0.25476,0,-0.011959,-0.0108641,7.35292e-05,0.0113214,0.00113656
5,26,0.00118891,-0.222347,0,0.00799546,0.00831615,-8.44424e-05,-0.0170725,0.00132168
6,26,0.00478982,-0.321281,0,0.0121773,-0.00868116,0.00155503,-0.0123694,-0.00125452
7,26,-0.00302123,-0.207033,0,0.00028499,-0.00992418,0.00210572,-0.0107853,0.000131671
8,26,-0.00100637,-0.256985,0,-0.0119224,-0.00117577,0.00165808,-0.00469818,0.000985237
9,26,-0.000793252,-0.227818,0,5.63063e-05,9.19529e-05,0.000260529,-0.0133859,-0.000240114
10,26,0.00490516,-0.315188,0,0.00443488,-0.00489868,0.00150002,-0.0169201,-0.00131358
1,27,0.0012438,-0.141189,0,-0.00643807,0.0129922,-0.00234966,-0.00942025,0.000358551
2,27,-0.00120132,-0.159319,0,-0.00659113,0.00664552,0.00185204,0.0013455,0.0016479
3,27,-0.00189303,-0.104282,0,0.0102627,-0.0140185,0.00285958,-0.0208291,-0.00131611
4,27,0.00147179,-0.198198,0,0.00648079,0.00237101,0.000155128,-0.010893,-0.000120738
5,27,-0.000508447,-0.176913,0,0.0121076,-0.00828242,-0.00380022,0.0158194,-0.000466636
6,27,0.00432745,-0.145893,0,0.0148713,0.000481803,-0.00140474,-0.000128186,0.000293406
7,27,-0.00388496,-0.196171,0,0.0115404,-0.00938028,0.000169129,-0.00470767,0.00132979
8,27,0.00108124,-0.148891,0,0.0162671,0.012158,-0.0010758,-0.0108719,0.00202427
9,27,-0.00175345,-0.182538,0,-0.00823269,0.00348668,-0.000309874,0.00157429,0.000630901
10,27,0.000553919,-0.177727,0,0.00229744,-0.00287196,0.00112915,0.00898436,0.00039474
1,28,0.0126511,0.285348,0,0.00252517,0.00226569,0.000237494,-0.00660572,-0.00140284
2,28,0.00215328,0.304421,0,0.0136142,-0.00219156,0.00132827,-0.00219937,-0.000479793
3,28,0.00314723,0.365602,0,0.0088145,0.0177724,0.00136799,-0.00346276,-0.00193742
4,28,0.00981198,0.353912,0,0.0176295,0.0154042,-0.000492419,-0.00803912,0.00107402
5,28,0.00283327,0.378972,0,-0.0155482,0.00395412,0.00349378,0.00319341,0.00106912
6,28,0.0113578,0.349195,0,0.00335406,0.00472446,0.000736841,-0.0027084,0.00188762
7,28,0.000472013,0.29979,0,0.026522,0.00526343,0.00375312,-0.0151997,0.000689142
8,28,0.0100276,0.327329,0,0.0129576,0.000265419,0.00171977,-0.00274231,-0.00133274
9,28,0.0044261,0.281488,0,0.0108463,0.00140404,-0.0019197,-0.00704031,-0.00018206
10,28,-0.00663486,0.247255,0,0.0319818,0.00345714,0.00176723,0.011064,-0.000867691
1,29,0.00287317,-0.0504136,0,0.0061878,-0.00618664,0.00136987,-0.00370114,-0.00168658
2,29,0.00418982,-0.0524062,0,-0.000858884,0.0238669,0.000875003,-0.00253303,-0.00227516
3,29,0.00155356,-0.0896149,0,0.00535833,-0.0179452,0.00184333,-0.000802101,0.000925682
4,29,0.00155031,-0.0936142,0,0.0026775,-0.0226893,-0.00274395,0.00276869,0.000823666
5,29,-0.00384549,-0.0433635,0,0.00966933,0.00443353,0.00346283,-0.000371416,-7.49722e-05
6,29,0.00456182,-0.0598264,0,0.000868808,-0.00723771,-0.00123052,0.00173034,-0.000827878
7,29,0.00486081,-0.117946,0,-0.00673283,0.0133664,-0.000151692,0.0152316,-0.00222018
8,29,-0.00260298,-0.160203,0,0.0138784,-0.00221885,-0.00321729,2.28691e-05,0.000675046
9,29,0.000801337,-0.127163,0,-0.00214618,-0.0061915,0.00312764,-0.00199039,0.000318854
10,29,0.0013029,-0.0428543,0,0.0119237,-0.00156378,0.000375278,0.00545962,0.000433714
1,30,-0.00808813,0.468748,0,-0.0128077,-0.0015234,-0.00241736,-0.00350361,-0.000572936
2,30,0.0104778,0.535147,0,-0.00643119,0.000865643,-6.00199e-05,-0.00437619,0.00226503
3,30,0.00819789,0.494471,0,0.00486529,0.00900608,0.0047957,-0.00083535,-0.000138001
4,30,0.00569995,0.450934,0,-0.0223004,0.0029184,0.00435395,0.00410447,-0.00113487
5,30,0.00705313,0.502796,0,0.00491153,0.00163798,0.00391738,-0.00530913,-0.00051386
6,30,0.000586915,0.513151,0,0.0165088,-0.00651429,0.00203037,-0.00358248,-0.00084504
7,30,-0.00213867,0.474879,0,0.00332149,-0.0124032,0.00420605,-0.000274114,-0.000466133
8,30,-0.00765504,0.449329,0,0.00586773,-0.012265,-0.000824117,0.00999007,0.000646766
9,30,0.000416933,0.481608,0,0.0169419,0.000927376,0.00375927,0.00779383,-0.000781106
10,30,0.00280795,0.442265,0,-0.00901041,-0.00643591,0.00251365,0.0112623,0.00136266
1,31,-0.002352,0.123329,0,0.0182443,-0.00508665,0.00228747,0.00582004,-0.000201682
2,31,-0.00174922,0.151835,0,0.0112132,-0.0147523,0.00470049,-0.00552938,-0.00185213
3,31,-0.00368963,0.127369,0,0.0104096,-0.00191493,-0.00023952,0.00323291,-0.000108547
4,31,-0.00188088,0.140826,0,-0.00577162,-0.000847714,0.00179041,-0.00422282,-0.00318479
5,31,-0.000497105,0.153427,0,0.00422448,-0.00951689,0.00477511,-0.00795159,-0.000417309
6,31,-0.00158993,0.131708,0,-0.00968799,0.0094418,0.00487089,-0.0014404,-0.0014305
7,31,0.00771067,0.169332,0,0.0110066,0.00234831,0.000524661,0.0125717,0.000323929
8,31,-0.00552669,0.113967,0,-0.00179078,-0.00939855,0.00199058,0.00664359,-0.000645973
9,31,-0.000158822,0.157454,0,-0.00267219,-0.0124639,-0.000302929,0.00263077,-0.000342474
10,31,-0.00528536,0.0626205,0,0.0117641,-0.000852815,-0.000402277,0.00736052,-0.000617278
1,32,-0.00269761,-0.72819,0,-0.0204827,0.00190639,0.00254832,-0.00330132,-0.000990305
2,32,0.00547359,-0.732343,0,-0.00941107,0.0018666,-0.000754436,0.00836315,0.00250294
3,32,-0.000856088,-0.713149,0,-0.00626448,0.00981584,-0.00305667,-0.00113845,0.00184519
4,32,0.00504352,-0.694715,0,-0.000396169,0.00751314,-0.000839395,0.0108652,0.00245047
5,32,-0.000700952,-0.719463,0,0.0089494,0.00403015,0.00108168,0.00193857,-9.39308e-05
6,32,0.000483329,-0.736629,0,0.0133027,0.0145106,0.000522075,0.00453763,3.42252e-05
7,32,-0.00263621,-0.71403,0,0.0109101,-0.0209952,-0.000553103,0.0064057,0.000201372
8,32,0.00247571,-0.836338,0,-0.0128323,0.00679403,0.00207463,0.000629957,-0.00145157
9,32,0.00527743,-0.756306,0,0.00653173,0.00189337,0.000192442,0.00074731,0.00147226
10,32,-4.2519e-05,-0.708886,0,-0.0028866,-0.00398811,0.00130946,-0.00614881,0.000951411
1,33,-0.00681333,0.121687,0,0.00194577,-0.00972722,-0.000636356,0.00242783,0.000415137
2,33,-0.000983643,0.171792,0,0.0127974,0.00146113,-0.00106928,0.00747425,-0.00226061
3,33,-0.000843975,0.09845,0,0.00780045,-0.00167973,-0.000332795,-0.0081924,-0.00185297
4,33,0.000963819,0.0599659,0,-0.00710991,-0.0032407,-0.00191261,0.00430469,0.000309667
5,33,-0.0034496,0.087218,0,0.00542951,-0.00701507,0.00444199,-0.00050537,-0.000208385
6,33,-0.0032795,0.119185,0,-0.000690065,-0.0157482,0.00275735,-0.0036664,-0.00140066
7,33,-0.00565766,0.0753446,0,-0.0181658,0.00630555,-0.00110028,0.00963795,0.00079898
8,33,0.00401195,0.0950919,0,-0.00934157,0.00283164,0.00260362,0.014546,0.0023155
9,33,0.00274598,0.120635,0,-0.00434733,-0.0154438,0.00215312,0.00961116,-0.000282189
10,33,-0.000689187,0.133337,0,0.0143417,0.0165332,-0.000980739,0.00348479,-0.00154035
1,34,0.00630343,0.352272,0,-0.00906463,0.0121804,-0.00346594,-0.000679482,0.0011649
2,34,0.00359313,0.319325,0,0.0210261,0.0135536,0.000790055,0.00469545,-0.000272427
3,34,-0.00127105,0.286375,0,0.00836733,0.0157295,-0.00100898,0.00786424,-0.000262141
4,34,-0.000827347,0.299075,0,-0.00790724,0.012004,0.000185727,-6.19857e-05,-0.000675139
5,34,-0.00331787,0.28887,0,-0.00141914,0.0237079,-0.000464714,0.00461941,0.000711587
6,34,0.00596058,0.346622,0,-0.0182798,0.0124055,0.00152516,0.00126563,-0.00207974
7,34,0.00779593,0.31176,0,-0.000106631,0.00537338,-0.00229052,0.014069,-0.0012353
8,34,0.000772973,0.258013,0,-0.00968771,0.0070761,-0.00210876,0.00509789,-0.000548341
9,34,0.00138824,0.256723,0,0.00250122,0.00552351,0.000108586,0.00981658,-0.00198204
10,34,0.00151577,0.31999,0,-0.0112478,0.00724816,-0.00401785,0.00549365,0.000174041
1,35,-0.00377533,-0.401686,0,-0.0066829,0.00888671,-0.000428286,0.00231701,-0.00205113
2,35,-0.00252388,-0.328609,0,0.0192021,-0.00056576,0.00197608,-0.0086721,0.00132079
3,35,-0.00349303,-0.407952,0,-0.0159266,0.00825486,-0.000278888,-0.00226378,-4.05571e-06
4,35,-0.00434434,-0.298843,0,0.00339109,-0.00600156,0.000878874,0.00184638,-0.00151365
5,35,-0.00560299,-0.358536,0,-0.00445649,-0.00160678,0.000771183,-0.0111151,-0.00103718
6,35,0.0055727,-0.352457,0,0.000700015,-0.00822083,0.000585254,0.000696354,0.000994544
7,35,-0.00193468,-0.328771,0,-0.00451803,-0.00381532,0.00118742,0.00149688,-0.000621281
8,35,0.000154331,-0.343587,0,-0.00508287,0.00828771,-0.002738,-0.00807767,0.000518862
9,35,0.00404294,-0.349446,0,-0.000506028,-0.00720827,-0.000522782,-0.00364382,0.000549091
10,35,-0.000151748,-0.407377,0,-0.00388733,-0.00678308,0.00103813,-0.00452713,0.000888521
1,36,-0.00364306,-0.474805,0,-0.00639604,-0.00548802,-0.00070927,-0.00324347,-0.000941786
2,36,-0.0030902,-0.499287,0,0.0112848,0.0018126,-0.00357047,-0.00817679,-0.00116769
3,36,0.000234082,-0.555371,0,-0.0137086,-0.00281964,-0.0022564,6.37691e-06,0.000459591
4,36,-0.0025577,-0.504846,0,0.00133054,-0.00358731,-0.00216099,-0.00647104,0.00210623
5,36,0.00171834,-0.488565,0,0.00448727,0.00383716,-0.00177843,-0.011862,-0.000378454
6,36,-0.00149755,-0.498864,0,-0.00815844,-0.0022336,-0.00189128,-0.00101471,0.000967109
7,36,0.00771573,-0.474491,0,-0.0178078,0.0133805,0.000222021,-0.0118619,-0.00183191
8,36,-0.00227371,-0.465413,0,-0.0090833,0.00382227,0.00173947,-0.00348703,0.00175865
9,36,0.00166779,-0.515343,0,-0.0226561,0.000232703,-0.00026392,-0.00864874,0.00200754
10,36,-0.00359625,-0.483639,0,-0.000838221,0.00397115,-0.00410352,-0.00870843,0.0020679
1,37,0.00403525,-0.228363,0,8.40404e-05,0.000602673,-0.000761914,0.0116366,0.00214983
2,37,-0.00275749,-0.288046,0,0.000586734,0.0110889,-0.00154754,0.0042052,-7.18715e-05
3,37,0.00136487,-0.141593,0,-5.27385e-05,0.000652585,0.00327501,0.00337683,0.00176921
4,37,0.0037959,-0.245119,0,-0.00635403,-0.00128091,-0.00105898,0.0109691,0.000526224
5,37,0.00170087,-0.199654,0,0.00290562,0.0186364,-0.000607193,0.00163895,-0.000332185
6,37,0.00326967,-0.126921,0,0.00263858,-0.00886766,-0.000833077,0.0048219,-0.00112812
7,37,0.00250879,-0.200395,0,-0.0064383,0.00543669,-0.00053823,0.00306051,-0.00108378
8,37,0.00153967,-0.139185,0,-0.00454689,0.00298652,0.00253327,0.00571473,-0.00218081
9,37,-0.0028326,-0.218657,0,0.0122393,-0.0134744,-0.000138956,0.0162623,-0.000588674
10,37,-0.00551754,-0.243171,0,-0.00218951,-0.00486884,0.00242782,0.00263572,-0.000267757
1,38,-0.00506371,-0.239872,0,0.0124294,-0.00626798,-0.00417146,0.0031555,0.000102629
2,38,-0.00564708,-0.316361,0,0.000329653,-0.00973174,-0.00146657,0.0039383,-0.000702449
3,38,-0.00580888,-0.360241,0,-0.000638098,-0.00377715,-0.00383363,0.00577117,-0.002562
4,38,-0.0035316,-0.26743,0,-0.000173834,0.0111419,-0.00275109,0.0176845,-0.000373171
5,38,-0.00101463,-0.359399,0,-0.00588337,0.00159315,-0.00116542,0.00974896,-0.000680124
6,38,-0.00446103,-0.301624,0,-0.00163552,-0.0173299,-0.0011643,-0.00296511,-0.000806251
7,38,2.31603e-05,-0.291755,0,-0.0157983,-0.00539874,-0.00061711,0.0168613,-0.000221185
8,38,-0.00110372,-0.228462,0,-0.0271874,0.0108449,-0.00164052,0.00391527,0.000352567
9,38,-0.00033753,-0.269856,0,0.00416703,-0.00600877,-0.00243531,0.0039518,0.00120121
10,38,0.000736939,-0.288014,0,0.000630875,0.0194773,-0.00146652,-0.00510304,-0.00218145
1,39,0.00335806,-0.17143,0,0.00347768,-0.00465885,0.00149432,0.0144595,-0.00109477
2,39,0.00276414,-0.114056,0,0.00234499,0.0269282,-0.00267616,0.00272561,-0.000237861
3,39,0.00802834,-0.180338,0,-0.0137471,-0.0125437,-0.000892589,0.00206488,-0.00203594
4,39,0.0071533,-0.138608,0,0.00437133,0.00255367,-0.00114861,0.00356701,0.00444437
5,39,0.00163056,-0.210745,0,-0.0082291,-0.0223162,0.00313198,0.00195063,6.02367e-05
6,39,0.00563077,-0.216842,0,0.0115016,0.0144268,0.00313369,-0.0089299,0.000163273
7,39,0.00415546,-0.160558,0,-0.0141322,0.00407851,-0.00305528,0.00132938,-0.000751892
8,39,-0.00176746,-0.12872,0,0.00782633,-0.00594727,0.000873983,0.007033,0.000342769
9,39,0.000479499,-0.118998,0,0.0277054,0.0117927,-0.00121903,-0.00671489,0.000281005
10,39,0.00193726,-0.171883,0,0.00145757,-0.00917768,-0.00113547,0.000909805,-0.00065256
1,40,-0.000409912,0.457582,0,-0.0102709,-0.0100066,-0.000173216,-0.0137158,-0.00173248
2,40,-0.00160833,0.367956,0,0.00182975,-0.00311182,-0.00209859,-0.00651411,-0.00360209
3,40,0.000985864,0.452285,0,0.0023264,-0.00204637,9.48351e-05,-0.0115763,-0.000963969
4,40,-0.00107519,0.445384,0,0.00439729,0.00771101,-0.000719032,-0.00105871,-0.00136137
5,40,-0.0020321,0.389581,0,-0.00278694,0.0114133,-0.00029957,0.00148234,0.00027298
6,40,-0.00475865,0.452623,0,0.00851216,-0.0153685,0.00180809,0.00243344,-0.00147617
7,40,0.00287141,0.452166,0,-0.00371948,-0.00405128,0.00244172,-0.0097223,0.000193132
8,40,-0.000813426,0.456764,0,0.00233724,0.00110284,-0.000992612,-0.000551893,-0.00197787
9,40,-0.00219677,0.456602,0,0.0112182,-0.00850236,0.000816012,0.0155677,0.00155024
10,40,0.000261797,0.436214,0,0.0116482,0.00630347,0.00100077,0.0103029,-0.00159918
1,41,-0.00701627,0.0358849,0,-0.00205734,0.00994686,0.000918983,0.000359031,0.000598411
2,41,-0.00213538,0.112288,0,0.00346389,0.0179216,-0.000875438,0.00831839,0.0011235
3,41,-0.00804563,0.0533985,0,0.00134222,-0.00259216,-0.00106068,-0.00955125,-0.00117235
4,41,-0.00198672,0.100516,0,-0.00290448,0.0130443,0.000141617,-0.00171914,-0.000714011
5,41,-0.000378975,0.0655052,0,0.0116888,0.0240693,0.000433274,0.000791173,0.00052936
6,41,0.00417722,0.0480101,0,-0.00300499,-0.00512909,0.00186775,-0.00380018,-6.80713e-05
7,41,-0.00563188,0.0279854,0,0.00521356,0.0114629,-0.000569078,-0.00541152,-0.000389357
8,41,-0.00553934,0.139643,0,-0.00200262,0.0177212,0.000102509,0.0160343,0.00163972
9,41,-0.00471539,0.0250653,0,0.00373425,-0.000890109,0.00216608,0.00231561,0.0022467
10,41,-0.00156145,-0.00782733,0,0.00228232,0.0134539,8.57647e-05,0.0147045,0.00116291
1,42,0.00236255,0.0899469,0,-0.0190752,-0.016392,-0.00128853,-0.0104828,0.0016719
2,42,0.000328272,0.0585343,0,-0.0131002,-0.00825464,-0.0018788,-0.0121461,0.000295922
3,42,0.00425948,0.100655,0,-0.00435383,0.0132709,-0.000855732,-0.0056865,-0.00168088
4,42,0.00339627,0.0814122,0,-0.00164798,-0.00305594,-0.00111153,-0.0048924,0.000558625
5,42,-0.00462474,0.11646,0,-0.00592877,-0.00182343,0.00111728,0.00508075,0.00157184
6,42,0.00693638,0.138721,0,-0.010188,-1.60025e-05,0.00425467,-0.00110373,0.00189494
7,42,0.00124199,0.0744299,0,-0.00449509,-0.00560744,0.00304277,1.10923e-05,0.000313844
8,42,-0.00212208,0.0769459,0,0.000526072,0.0272892,-0.000194177,0.00155701,0.000311
9,42,0.00646616,0.0905088,0,-0.00622143,-0.00577108,0.00333452,0.00535214,0.000362256
10,42,-0.00642033,0.0961585,0,-0.00985331,0.00475532,0.00380126,-0.00388493,0.00134623
1,43,-0.00714603,-0.272833,0,0.0183909,-0.00127325,-0.000872057,-0.00154177,-0.00279404
2,43,0.000420398,-0.231495,0,-0.0042215,-5.54072e-05,-0.00103521,0.00749504,-0.00235209
3,43,0.00378426,-0.253848,0,0.00940538,0.00144803,0.000596428,0.0106199,0.00139974
4,43,0.000749818,-0.22754,0,0.00211556,-0.00463435,0.00050515,0.00709311,-0.00158702
5,43,0.00420484,-0.183127,0,-0.0112841,-0.00636715,-0.000634424,0.0206649,0.000211349
6,43,0.00586992,-0.151134,0,-0.00447131,0.00266098,-0.000511501,-0.00296269,-0.00149435
7,43,-0.00111017,-0.20986,0,0.0102305,0.00829643,-0.000789675,0.00647558,-0.000750617
8,43,-0.00394061,-0.232928,0,0.0209848,0.00475893,0.000230453,-0.00941877,-0.00114752
9,43,-0.00682451,-0.200914,0,-0.000151587,0.00649928,0.00200012,-0.00340975,-0.00109816
10,43,-0.00410808,-0.271685,0,-0.00564426,-0.00321507,-0.00276946,0.00436652,0.000504548
1,44,0.00397259,0.095361,0,-0.00545762,-0.00410338,0.00174076,-0.0109082,-0.000101306
2,44,-0.0030652,0.116424,0,0.00769496,-0.00812576,-0.000708544,0.00321108,0.0014539
3,44,0.00555928,0.159228,0,-0.000887072,-0.00784434,0.00150695,-0.00500556,0.000959537
4,44,0.00560075,0.12555,0,-0.013709,-0.00510317,0.000307213,-0.00445622,0.0014069
5,44,0.00333655,0.187496,0,-0.00844793,-0.000500416,0.000469698,-0.00571191,0.00152427
6,44,0.00942996,0.112336,0,-0.00644257,-0.00581668,0.00120659,-0.00896491,0.00200454
7,44,-0.00489125,0.0843746,0,0.00364622,-0.0136184,-0.00143759,-0.00708937,0.00145238
8,44,0.000827273,0.12471,0,0.0095044,-0.0169272,-0.00114116,-0.00621078,0.000961295
9,44,0.00166882,0.0957598,0,-0.0119907,-0.00909836,0.00412723,-0.0105849,-0.000744639
10,44,-0.00590892,0.107604,0,0.008313,-0.00161669,4.30292e-05,-0.0081048,0.000297485
1,45,-0.0111967,-0.435549,0,-0.00496246,-0.00772201,0.000600728,0.00429153,-0.000522152
2,45,-0.00120038,-0.321881,0,-0.0318909,-0.000277968,0.000337658,0.00852619,7.13336e-05
3,45,-0.00405443,-0.368634,0,0.0135722,0.0084863,0.000350948,0.007309,-0.000329868
4,45,-0.0090439,-0.398842,0,-0.00135284,0.0127938,-0.000161286,-0.00212416,0.00104868
5,45,-0.00489265,-0.393816,0,-0.0158591,0.0166008,-0.000320425,0.00362411,-0.000999244
6,45,0.000617299,-0.338374,0,-0.00540055,0.00148148,0.00275286,0.00471826,-0.000626006
7,45,0.000264763,-0.363585,0,0.00692088,0.00338493,-0.000209276,0.00654763,0.000871871
8,45,0.00132211,-0.348411,0,-0.0169265,-0.00580536,0.00143097,0.00559275,-0.000322364
9,45,-0.0039137,-0.354774,0,0.0109965,0.0129408,-0.00216604,-0.00562014,4.72154e-05
10,45,-0.0130478,-0.400621,0,-0.017229,0.00940617,-0.00290943,0.00859813,-0.000238791
