rep,id,eta_V,eta_Cl
1,1,0.266974,0.168357
2,1,0.199739,0.143512
3,1,0.2305,0.171348
4,1,0.23709,0.165886
5,1,0.233156,0.149006
6,1,0.210355,0.166262
7,1,0.18473,0.1548
8,1,0.242441,0.146861
9,1,0.261386,0.167524
10,1,0.228452,0.157055
1,2,0.219206,0.39814
2,2,0.25392,0.423692
3,2,0.221548,0.42283
4,2,0.234856,0.402761
5,2,0.24249,0.426068
6,2,0.247538,0.427293
7,2,0.256568,0.435212
8,2,0.245547,0.432547
9,2,0.236177,0.418397
10,2,0.267108,0.423526
1,3,0.200371,-0.667751
2,3,0.216221,-0.704801
3,3,0.11923,-0.634295
4,3,0.241878,-0.714704
5,3,0.174623,-0.653431
6,3,0.190545,-0.687393
7,3,0.163821,-0.676743
8,3,0.179963,-0.657217
9,3,0.19856,-0.683297
10,3,0.196001,-0.658703
1,4,0.654654,-0.238322
2,4,0.655711,-0.253871
3,4,0.653558,-0.225808
4,4,0.691792,-0.261623
5,4,0.650947,-0.249959
6,4,0.64888,-0.251022
7,4,0.682473,-0.205357
8,4,0.669684,-0.254208
9,4,0.710032,-0.249312
10,4,0.710171,-0.26423
1,5,-0.21679,0.449018
2,5,-0.170659,0.481538
3,5,-0.223876,0.442659
4,5,-0.192295,0.468306
5,5,-0.229633,0.4431
6,5,-0.174067,0.475971
7,5,-0.256692,0.426719
8,5,-0.19862,0.464931
9,5,-0.244862,0.428987
10,5,-0.221259,0.449583
1,6,0.191834,-0.289467
2,6,0.241105,-0.277657
3,6,0.203352,-0.267282
4,6,0.227419,-0.316068
5,6,0.199568,-0.284619
6,6,0.219408,-0.29704
7,6,0.201255,-0.295172
8,6,0.17576,-0.289656
9,6,0.213228,-0.299978
10,6,0.144698,-0.309079
1,7,0.259505,-0.00385742
2,7,0.266107,0.00676213
3,7,0.271945,0.00543051
4,7,0.265825,0.00766896
5,7,0.313162,0.0318995
6,7,0.295072,0.0219717
7,7,0.238178,-0.00223846
8,7,0.251039,0.00775443
9,7,0.268821,0.0164954
10,7,0.263775,0.0121123
1,8,0.329749,0.0732941
2,8,0.364497,0.0735194
3,8,0.335511,0.0741659
4,8,0.346562,0.08179
5,8,0.377465,0.0899565
6,8,0.341081,0.073823
7,8,0.364921,0.0866907
8,8,0.334423,0.0712096
9,8,0.348199,0.0809455
10,8,0.351981,0.089777
1,9,-0.768777,0.218348
2,9,-0.789921,0.204561
3,9,-0.720604,0.263358
4,9,-0.785117,0.210891
5,9,-0.760299,0.232559
6,9,-0.782536,0.208379
7,9,-0.758435,0.231547
8,9,-0.799504,0.199861
9,9,-0.772237,0.220443
10,9,-0.783888,0.215144
1,10,-0.165754,0.156618
2,10,-0.156225,0.166988
3,10,-0.119767,0.186479
4,10,-0.161986,0.167642
5,10,-0.176642,0.150875
6,10,-0.145039,0.175889
7,10,-0.0917035,0.21853
8,10,-0.095933,0.199123
9,10,-0.149936,0.172659
10,10,-0.123615,0.178809
1,11,-0.510156,0.0304767
2,11,-0.517747,0.0261132
3,11,-0.449542,0.0726286
4,11,-0.47514,0.0597023
5,11,-0.495584,0.0438186
6,11,-0.514826,0.0319809
7,11,-0.481644,0.0596111
8,11,-0.481853,0.048143
9,11,-0.463638,0.0597704
10,11,-0.529779,0.0277132
1,12,-0.10781,-0.00500694
2,12,-0.0936471,0.00161815
3,12,-0.0575217,0.0166333
4,12,-0.0591946,0.00394291
5,12,-0.118862,-0.0272813
6,12,-0.085179,0.00828701
7,12,-0.0790967,0.00683145
8,12,-0.0937197,-0.013448
9,12,-0.136288,-0.0301988
10,12,-0.122586,-0.013375
1,13,-0.0755456,-0.135843
2,13,-0.00356766,-0.131164
3,13,-0.098455,-0.131521
4,13,-0.0951818,-0.12726
5,13,-0.0321202,-0.147641
6,13,-0.00183402,-0.13816
7,13,-0.0124374,-0.125906
8,13,-0.042677,-0.122779
9,13,-0.0303997,-0.128292
10,13,-0.0796439,-0.147674
1,14,-0.132282,-0.495094
2,14,-0.135069,-0.526727
3,14,-0.185086,-0.536356
4,14,-0.152404,-0.519881
5,14,-0.150418,-0.534655
6,14,-0.166348,-0.565714
7,14,-0.196337,-0.53044
8,14,-0.211674,-0.517779
9,14,-0.127075,-0.496648
10,14,-0.158929,-0.52293
1,15,-0.250173,0.420235
2,15,-0.203578,0.446736
3,15,-0.18866,0.46286
4,15,-0.233205,0.426847
5,15,-0.20964,0.445474
6,15,-0.23036,0.429422
7,15,-0.185523,0.461143
8,15,-0.236585,0.42283
9,15,-0.180144,0.469229
10,15,-0.211296,0.444613
1,16,0.196591,0.397612
2,16,0.257381,0.430472
3,16,0.204238,0.402569
4,16,0.24198,0.431084
5,16,0.259381,0.441597
6,16,0.213719,0.407158
7,16,0.259702,0.440231
8,16,0.218224,0.425775
9,16,0.235126,0.420362
10,16,0.221518,0.428858
1,17,0.176885,-0.67516
2,17,0.218448,-0.755575
3,17,0.24684,-0.750794
4,17,0.254632,-0.761589
5,17,0.20176,-0.696217
6,17,0.223261,-0.735582
7,17,0.202663,-0.739275
8,17,0.186698,-0.731711
9,17,0.20853,-0.728636
10,17,0.162569,-0.749149
1,18,0.639508,-0.258531
2,18,0.651776,-0.29457
3,18,0.64457,-0.27466
4,18,0.624224,-0.262298
5,18,0.683772,-0.28473
6,18,0.696624,-0.375688
7,18,0.610543,-0.236648
8,18,0.622014,-0.275468
9,18,0.612269,-0.285515
10,18,0.653001,-0.230915
1,19,-0.170404,0.490887
2,19,-0.113113,0.529797
3,19,-0.108321,0.528644
4,19,-0.162914,0.50116
5,19,-0.112555,0.528191
6,19,-0.183565,0.481096
7,19,-0.177644,0.489013
8,19,-0.145517,0.508388
9,19,-0.175552,0.483512
10,19,-0.161343,0.497501
1,20,0.140563,-0.309241
2,20,0.142182,-0.302131
3,20,0.196831,-0.298553
4,20,0.170853,-0.301455
5,20,0.163214,-0.286661
6,20,0.16885,-0.284018
7,20,0.115914,-0.288712
8,20,0.140352,-0.298246
9,20,0.178541,-0.300316
10,20,0.180106,-0.295019
1,21,0.311762,0.0134873
2,21,0.240592,-0.00222388
3,21,0.278503,0.0168676
4,21,0.263332,0.0105645
5,21,0.269439,0.0219999
6,21,0.254995,-0.00490004
7,21,0.263266,0.0081418
8,21,0.233718,-0.00317538
9,21,0.208085,-0.0167239
10,21,0.244524,-0.00808099
1,22,0.385085,0.0708559
2,22,0.377191,0.0620264
3,22,0.310005,0.0586574
4,22,0.288035,0.0438471
5,22,0.385078,0.0694782
6,22,0.362002,0.0481385
7,22,0.371357,0.0646457
8,22,0.335861,0.0589125
9,22,0.34012,0.0459444
10,22,0.339011,0.0646564
1,23,-0.750182,0.244335
2,23,-0.773789,0.21505
3,23,-0.767622,0.226414
4,23,-0.776772,0.223452
5,23,-0.757226,0.234691
6,23,-0.764161,0.231667
7,23,-0.75632,0.236608
8,23,-0.778018,0.220133
9,23,-0.774994,0.222439
10,23,-0.774719,0.220133
1,24,-0.109366,0.187682
2,24,-0.155368,0.180793
3,24,-0.123178,0.199134
4,24,-0.133576,0.173376
5,24,-0.162682,0.166775
6,24,-0.135425,0.176096
7,24,-0.123598,0.173806
8,24,-0.101568,0.210038
9,24,-0.12084,0.183362
10,24,-0.137946,0.184413
1,25,-0.470833,0.056141
2,25,-0.453463,0.0643655
3,25,-0.446911,0.0683064
4,25,-0.451206,0.0672835
5,25,-0.423356,0.0918487
6,25,-0.450937,0.078829
7,25,-0.432025,0.0821184
8,25,-0.43143,0.0817758
9,25,-0.424405,0.0683843
10,25,-0.436221,0.0674718
1,26,-0.135575,-0.0209695
2,26,-0.106531,-0.0318814
3,26,-0.155031,-0.0411835
4,26,-0.104628,-0.0142457
5,26,-0.0986938,-0.0213603
6,26,-0.131681,-0.0277629
7,26,-0.129572,-0.0259764
8,26,-0.125634,-0.0329223
9,26,-0.0979752,-0.0244529
10,26,-0.148273,-0.0303935
1,27,-0.0537906,-0.140766
2,27,-0.0217749,-0.133756
3,27,-0.0182485,-0.124363
4,27,-0.0319966,-0.128946
5,27,-0.0372442,-0.12579
6,27,-0.00613987,-0.133098
7,27,0.023669,-0.116864
8,27,-0.0124038,-0.127251
9,27,0.0186096,-0.12704
10,27,-0.0164914,-0.11987
1,28,-0.171359,-0.518683
2,28,-0.0895425,-0.513229
3,28,-0.146338,-0.507958
4,28,-0.139688,-0.481433
5,28,-0.111515,-0.486364
6,28,-0.0699993,-0.509144
7,28,-0.122898,-0.49514
8,28,-0.0873083,-0.483927
9,28,-0.105632,-0.484562
10,28,-0.108858,-0.493068
1,29,-0.290552,0.390268
2,29,-0.225082,0.430763
3,29,-0.203857,0.447314
4,29,-0.270817,0.399918
5,29,-0.227465,0.431951
6,29,-0.272706,0.391054
7,29,-0.226873,0.434009
8,29,-0.246399,0.416628
9,29,-0.209096,0.44022
10,29,-0.235771,0.426844
1,30,-0.0340287,0.164795
2,30,-0.0184883,0.182978
3,30,-0.0451507,0.163323
4,30,0.0154821,0.200673
5,30,-0.0163668,0.170864
6,30,-0.0306734,0.155755
7,30,-0.00917719,0.182072
8,30,0.0131348,0.197846
9,30,0.0197818,0.206612
10,30,-0.0129757,0.17592
1,31,0.185143,-0.671062
2,31,0.14744,-0.650175
3,31,0.143841,-0.657371
4,31,0.240916,-0.703886
5,31,0.227655,-0.687218
6,31,0.190635,-0.638454
7,31,0.215564,-0.669248
8,31,0.20361,-0.675773
9,31,0.203285,-0.676155
10,31,0.198891,-0.698267
1,32,0.590468,-0.267179
2,32,0.621261,-0.25555
3,32,0.610096,-0.251403
4,32,0.620688,-0.2759
5,32,0.601388,-0.261519
6,32,0.595648,-0.232019
7,32,0.647906,-0.254569
8,32,0.617089,-0.293419
9,32,0.636895,-0.279917
10,32,0.611447,-0.241737
1,33,-0.110676,0.534068
2,33,-0.163193,0.508678
3,33,-0.19248,0.476983
4,33,-0.123473,0.527573
5,33,-0.187645,0.482354
6,33,-0.156527,0.510165
7,33,-0.130429,0.520496
8,33,-0.113583,0.538265
9,33,-0.126464,0.527981
10,33,-0.155889,0.505727
1,34,0.209395,-0.306791
2,34,0.203851,-0.29287
3,34,0.227083,-0.277208
4,34,0.172493,-0.305644
5,34,0.214993,-0.290906
6,34,0.197488,-0.310482
7,34,0.192095,-0.307719
8,34,0.213794,-0.296582
9,34,0.204092,-0.260209
10,34,0.164344,-0.304621
1,35,0.23077,0.00271159
2,35,0.241181,0.00762698
3,35,0.286644,0.00921484
4,35,0.270879,0.00361517
5,35,0.194338,0.00332186
6,35,0.235414,0.0167084
7,35,0.23682,-0.000557663
8,35,0.205186,0.000120045
9,35,0.259039,0.00407341
10,35,0.255629,0.00646382
1,36,0.356058,0.0465232
2,36,0.364141,0.0416409
3,36,0.276197,0.0184702
4,36,0.308763,0.0362667
5,36,0.38813,0.050429
6,36,0.319679,0.0352916
7,36,0.362117,0.0452505
8,36,0.338474,0.0469803
9,36,0.310762,0.0431896
10,36,0.32683,0.0529286
1,37,-0.847692,0.163474
2,37,-0.80697,0.20459
3,37,-0.845393,0.168214
4,37,-0.821272,0.196749
5,37,-0.839292,0.175226
6,37,-0.881309,0.140694
7,37,-0.842939,0.168926
8,37,-0.853041,0.159226
9,37,-0.870853,0.150619
10,37,-0.836382,0.172268
1,38,-0.16409,0.160052
2,38,-0.118778,0.174827
3,38,-0.167299,0.144668
4,38,-0.190571,0.140273
5,38,-0.155015,0.154362
6,38,-0.165993,0.152648
7,38,-0.16807,0.133433
8,38,-0.173522,0.137154
9,38,-0.1941,0.139363
10,38,-0.190086,0.139474
1,39,-0.43558,0.0689376
2,39,-0.471444,0.0465583
3,39,-0.430948,0.0771614
4,39,-0.502232,0.0329914
5,39,-0.434144,0.0841744
6,39,-0.436769,0.0753266
7,39,-0.444916,0.0658689
8,39,-0.475741,0.0482071
9,39,-0.475331,0.0549284
10,39,-0.435198,0.0750137
1,40,-0.0848331,0.00182587
2,40,-0.119033,-0.0327487
3,40,-0.0499688,0.00664161
4,40,-0.0948343,-0.0181176
5,40,-0.0816166,-0.00648845
6,40,-0.0825191,-0.00929398
7,40,-0.0935326,-0.00716715
8,40,-0.0602382,-0.00121113
9,40,-0.0392227,0.0103892
10,40,-0.0847296,-0.00667696
1,41,-0.0573417,-0.126276
2,41,-0.0937971,-0.147157
3,41,-0.0690628,-0.147681
4,41,-0.091312,-0.143226
5,41,-0.0266632,-0.118203
6,41,-0.025215,-0.101449
7,41,-0.0343209,-0.112439
8,41,-0.0652979,-0.139369
9,41,-0.056047,-0.13873
10,41,-0.0789147,-0.132333
1,42,-0.152592,-0.509883
2,42,-0.129686,-0.530039
3,42,-0.128618,-0.532698
4,42,-0.230503,-0.527217
5,42,-0.145623,-0.5175
6,42,-0.169865,-0.503081
7,42,-0.145965,-0.546833
8,42,-0.144458,-0.510212
9,42,-0.157622,-0.513306
10,42,-0.173517,-0.528676
1,43,-0.161583,0.484822
2,43,-0.210596,0.443779
3,43,-0.234739,0.421918
4,43,-0.202868,0.444808
5,43,-0.215997,0.442275
6,43,-0.211407,0.446911
7,43,-0.203798,0.449909
8,43,-0.149372,0.488519
9,43,-0.210877,0.450459
10,43,-0.171582,0.473453
1,44,-0.00417874,0.177676
2,44,-0.0464214,0.159606
3,44,-0.0371384,0.177645
4,44,-0.0106115,0.177343
5,44,-0.0661515,0.155991
6,44,-0.0438967,0.164289
7,44,-0.0613983,0.164753
8,44,-0.07198,0.148665
9,44,-0.00749295,0.17368
10,44,-0.0136202,0.170896
1,45,0.515745,-0.00521439
2,45,0.52559,-0.00577051
3,45,0.499668,0.00183824
4,45,0.494601,0.0174358
5,45,0.539309,-0.016125
6,45,0.528014,-0.0242509
7,45,0.579986,-0.0217493
8,45,0.579401,0.00804235
9,45,0.528019,0.0137599
10,45,0.520399,-0.0180902
