rep,id,eta_Cl,eta_V1,eta_Q,eta_V2,eta_S,eta_R0,eta_gamma,eta_MTT
1,1,-0.00286829,-0.581119,0,0,0.0130536,0.00283739,-0.00672234,0.00168144
2,1,-0.00612131,-0.596668,0,0,0.0172625,-0.00333958,0.007129,0.000682183
3,1,-0.00269347,-0.525825,0,0,-0.00312997,0.00566055,0.00298634,-0.00457218
4,1,-0.00203693,-0.548572,0,0,-0.00893765,0.000298991,-0.00378802,-0.00150637
5,1,0.00198084,-0.49845,0,0,0.00353122,-0.000341047,0.000296302,0.000251594
6,1,0.000408076,-0.579642,0,0,0.000206609,-0.0033948,0.00424165,-0.000215832
7,1,-0.00375079,-0.53396,0,0,0.000530031,0.00375078,-0.00482028,0.00172702
8,1,0.00188712,-0.519506,0,0,0.00524615,0.00222525,-0.011216,-0.00207202
9,1,0.00083481,-0.59414,0,0,0.00036261,0.000245811,-0.00497889,0.000597581
10,1,0.000551356,-0.536808,0,0,0.00820865,-0.00135024,0.00657787,-0.000513517
1,2,-0.00139566,-0.198968,0,0,-0.0024294,-0.00310348,-0.00790724,-0.00163574
2,2,-0.00686518,-0.315663,0,0,-0.0118898,0.00147469,-0.0115203,0.00309022
3,2,-0.00804417,-0.351783,0,0,-0.0101924,0.00478747,-0.00440178,0.000279566
4,2,-0.00314494,-0.375879,0,0,0.0129239,0.000341953,0.00804875,0.00249835
5,2,-0.00678683,-0.321976,0,0,0.0128576,-0.00027413,-0.00331072,0.000893562
6,2,0.0058898,-0.281101,0,0,0.00119225,-0.000388374,-0.00761465,0.000712301
7,2,0.00129737,-0.286671,0,0,0.00974733,0.00027477,0.00359736,0.000714778
8,2,-0.00365679,-0.253207,0,0,0.00164141,0.00197289,-0.00289052,0.00217293
9,2,-0.0013669,-0.259353,0,0,0.00435237,0.00299775,0.00186744,0.00378346
10,2,0.00187408,-0.259564,0,0,0.00573265,-0.00188094,-0.00726213,-0.00159465
1,3,0.00118252,0.334486,0,0,0.00579036,-0.000850223,-0.00480961,0.000765529
2,3,0.000153938,0.322092,0,0,0.00454214,0.000187244,-0.00232875,0.00113854
3,3,0.00243166,0.305235,0,0,0.00425977,-0.00684627,-0.00838947,0.000301965
4,3,-0.00481314,0.319287,0,0,-0.0013689,-0.00320677,-0.000785859,0.00255822
5,3,-0.0077586,0.282013,0,0,0.00453919,-0.00237737,-0.00175933,-0.00120249
6,3,-0.00121523,0.289993,0,0,0.0027266,-0.000802125,0.00400463,-0.00115161
7,3,-0.000259199,0.31039,0,0,-0.0168658,-0.0011494,-0.00480573,-0.000507529
8,3,0.00678593,0.304677,0,0,-0.00969894,-0.00520162,-0.00837294,0.00115718
9,3,-0.00262417,0.295736,0,0,-0.00134988,-0.00330736,-0.000146879,0.00341727
10,3,-0.00446551,0.333313,0,0,0.00390474,0.00340038,-0.000168443,0.00306018
1,4,-0.00436538,0.036329,0,0,0.00341852,0.00104778,0.00896464,-0.00196327
2,4,-0.005289,-0.0276899,0,0,-0.0162871,9.84795e-05,-0.00706746,-0.00177664
3,4,-0.0046744,-0.00202517,0,0,0.0100094,-0.00268991,-0.00288023,-0.000202014
4,4,-0.000505964,0.0104705,0,0,-0.00180813,0.00477301,0.00611057,-0.00128182
5,4,0.00383008,-0.00526628,0,0,0.00570635,0.00284739,-0.00186761,0.00154614
6,4,0.0107881,-0.019093,0,0,0.00268015,0.00577242,-0.00258777,0.000210981
7,4,-0.00761408,-0.0163435,0,0,0.00649932,0.00095168,-0.00856621,-0.000358003
8,4,9.93496e-05,0.0305865,0,0,0.0109602,0.00594048,-0.00404397,0.00101757
9,4,0.000137285,0.0383158,0,0,0.00338508,0.0043525,0.000843418,0.000508377
10,4,0.00259173,0.0432697,0,0,-0.00391552,0.00260299,0.00162035,-0.000282479
1,5,-0.00295795,0.503271,0,0,0.0046924,0.00468671,0.00369918,0.00132757
2,5,-0.00881133,0.504473,0,0,-0.00303002,-0.00136254,-0.000107501,0.00237288
3,5,-0.000702706,0.528522,0,0,0.00473114,1.502e-05,0.00117212,-0.00227803
4,5,-0.00242914,0.499275,0,0,-0.00115684,-0.000810593,-0.00219886,0.00399391
5,5,0.00088121,0.505559,0,0,-0.0044976,0.00221258,-0.00301439,0.000614263
6,5,-0.00126212,0.513715,0,0,-0.000690649,0.00227793,-0.0023942,0.000965617
7,5,-0.00113564,0.553689,0,0,-0.00941682,0.00946304,0.00758968,-0.000273953
8,5,0.00110928,0.44083,0,0,0.00461758,0.00264581,-0.00922659,-0.00063651
9,5,0.00101197,0.52795,0,0,0.00294181,0.0040396,-0.00331732,-0.000789212
10,5,0.000237952,0.506693,0,0,0.0178452,-0.00106662,-0.00314397,0.00224688
1,6,-0.00260521,0.436606,0,0,-0.00501254,-0.00398924,-0.0114685,-0.00317684
2,6,-0.00331931,0.416656,0,0,-0.00354808,0.000183766,0.00454053,0.00143195
3,6,0.000887627,0.411489,0,0,9.26294e-05,0.0025508,-0.00342453,-0.000958252
4,6,-0.00011424,0.382408,0,0,-0.00617334,-0.000862853,0.00394826,0.00118464
5,6,-0.00244391,0.37885,0,0,0.00241976,-0.000213606,-0.0010795,0.000859894
6,6,0.00596501,0.378847,0,0,-0.00233039,0.000220609,-0.00322299,-0.00184297
7,6,-0.000162679,0.372594,0,0,0.00529448,-0.00312883,0.000834745,-0.0019381
8,6,0.00550103,0.457653,0,0,-0.00278073,0.000309192,0.00618639,-0.000272163
9,6,0.00152315,0.444712,0,0,0.00872831,1.44369e-05,0.00103761,0.000810544
10,6,-0.00333892,0.333405,0,0,0.0018576,0.00136938,0.00192592,0.00276626
1,7,-9.32262e-05,0.0541775,0,0,-0.000299893,-0.00154995,0.00596077,0.00256621
2,7,0.000187071,0.0193606,0,0,0.000466352,-0.0026721,-0.00270027,-0.0018048
3,7,-6.45928e-05,0.0418966,0,0,-0.00329264,-1.93102e-05,-0.00511658,0.00056011
4,7,0.00378245,0.067193,0,0,0.00501019,0.00102068,0.00170477,0.000350106
5,7,8.99895e-05,0.0240743,0,0,-0.00121676,0.00278941,0.00657638,0.00311279
6,7,-0.00166257,0.0975438,0,0,0.00390381,0.000126889,0.00197188,-0.00042092
7,7,-0.00416228,0.0729273,0,0,6.68407e-05,-0.00279931,0.00640937,0.000922414
8,7,-0.00391997,0.0838642,0,0,0.00907772,-0.000877552,0.00214799,-0.00321362
9,7,-0.000503018,0.0311811,0,0,0.0112081,-0.00339025,-0.00218666,-0.000487324
10,7,0.0078972,0.0244487,0,0,0.00742559,-0.00144,-0.0137723,-0.00214068
1,8,0.00166856,0.368298,0,0,-0.0136955,0.000618787,0.00289466,0.00174325
2,8,0.00145267,0.381904,0,0,-0.00393638,0.00501522,-0.0102636,0.00127229
3,8,-0.00352797,0.374229,0,0,0.00885437,-0.00305139,-0.00878019,0.000705728
4,8,0.00487297,0.387314,0,0,0.00988956,-0.00499652,-0.00771096,0.00263829
5,8,-0.000116198,0.422569,0,0,-0.003486,0.000307579,-0.00454846,0.00107073
6,8,-0.000190345,0.362299,0,0,-0.0146691,-0.00114515,0.00255535,0.00168794
7,8,0.00129339,0.401878,0,0,-0.0141442,-6.52553e-05,-0.00661639,0.00233212
8,8,0.00457173,0.391812,0,0,-0.00726037,-0.000625915,0.000553603,-0.0013253
9,8,2.03856e-05,0.394103,0,0,0.0126183,0.00313699,0.00945402,0.000852806
10,8,-0.00271226,0.39869,0,0,0.000316071,-0.00233757,-0.00568786,6.47146e-06
1,9,-0.00149784,0.219322,0,0,0.0184928,0.0011834,0.00516272,-0.00152569
2,9,0.00156994,0.320512,0,0,0.00485407,0.00288408,-0.0110772,-0.00358272
3,9,-0.00100698,0.233776,0,0,0.00868286,-0.00187616,0.00347747,0.00160309
4,9,4.15012e-05,0.240935,0,0,-0.00365205,-0.00299413,-0.00206863,-0.00211658
5,9,-0.00140095,0.247614,0,0,0.00905556,0.00158615,0.00513896,-0.00174287
6,9,0.00774492,0.22433,0,0,-0.000563557,-0.00271766,0.00721414,0.000425593
7,9,0.00120487,0.204634,0,0,-0.00299268,0.00138996,-0.00628771,0.00164489
8,9,-0.00430677,0.240156,0,0,-0.00163793,-0.00425646,0.00152837,0.00231187
9,9,-0.0028848,0.201166,0,0,-0.00453151,-0.000755632,-0.00938703,-0.000414241
10,9,0.00585587,0.168109,0,0,-0.00378847,-0.00425923,-0.00217221,0.00292503
1,10,-0.00240573,0.260923,0,0,0.00149505,-0.00055381,-0.00122302,0.00164668
2,10,-0.000835739,0.269065,0,0,0.00442812,0.00270545,-0.0120108,0.00108002
3,10,0.00555788,0.356751,0,0,-0.0108598,0.00661422,0.00280934,-0.00080436
4,10,0.00129317,0.266888,0,0,-0.00503981,0.00238668,-0.00687789,-0.000174152
5,10,0.00243296,0.316021,0,0,0.00750346,-0.00162209,0.000816029,0.00121223
6,10,0.00154085,0.29324,0,0,-0.00451565,-0.00204145,0.000751367,0.00220036
7,10,-0.00387876,0.272456,0,0,0.00551644,-0.000924843,-0.0100502,-0.00153915
8,10,0.00129664,0.307214,0,0,-0.00930242,0.00372403,-0.00653667,-0.000568024
9,10,-0.00527166,0.227113,0,0,-0.00226396,0.00214016,0.00404219,0.000591812
10,10,-0.00636067,0.202086,0,0,0.0198703,-0.00154235,-0.00404228,0.000882723
1,11,0.00177455,0.631902,0,0,-0.00329953,0.00225465,0.00771887,-0.0032986
2,11,-0.00137982,0.644558,0,0,0.00286859,-0.00468502,0.00222608,-0.000206908
3,11,-0.00942958,0.63224,0,0,-0.00701917,-0.00225878,-0.000399767,0.000265177
4,11,-4.04949e-05,0.671592,0,0,-0.00160835,-0.00341692,-3.35776e-05,0.00129131
5,11,-0.00198597,0.611842,0,0,0.00427739,0.000565446,-0.00825497,-3.09617e-05
6,11,0.00355302,0.655266,0,0,0.00891843,-0.00456237,-0.000268116,0.000647709
7,11,-0.00099577,0.66593,0,0,-0.00769524,-0.0038466,0.00864904,0.00246663
8,11,-0.00128721,0.682257,0,0,0.00697821,0.0035183,-0.00513369,-0.00267731
9,11,0.000668968,0.699996,0,0,0.00244614,-9.69356e-05,0.00838296,0.00173255
10,11,0.00599675,0.729091,0,0,-0.00583639,0.000950843,0.000993267,-0.00290926
1,12,-0.0011671,-0.186631,0,0,-0.00146904,0.00278162,0.00185368,5.00937e-05
2,12,0.000317453,-0.213436,0,0,-0.00504856,0.00269146,-0.00269312,-0.00279982
3,12,5.02458e-05,-0.196253,0,0,0.0166012,0.00282451,0.00442093,0.00168397
4,12,0.00399426,-0.160038,0,0,-0.00120156,0.001611,0.00604329,0.00160755
5,12,0.00305407,-0.168582,0,0,-0.0174415,0.00131526,-0.000873336,0.00101526
6,12,0.00209039,-0.147087,0,0,-0.00261528,0.00406614,0.0114229,0.000197862
7,12,0.00194257,-0.184437,0,0,-0.00160761,0.00179497,-0.00188524,-0.00137867
8,12,-0.00672612,-0.141521,0,0,0.000235924,0.000387421,-0.00704278,-0.000916001
9,12,-0.00609778,-0.187594,0,0,0.0100404,0.00571373,0.00219728,-0.000817634
10,12,0.00184808,-0.189378,0,0,-0.000697611,-0.000161693,0.00291107,-0.000566056
1,13,-0.00395494,-0.197344,0,0,-0.0130849,-6.42569e-05,0.000560129,0.00297748
2,13,0.00468342,-0.15682,0,0,-0.0144631,0.00117355,0.00461651,0.00216351
3,13,3.85551e-05,-0.219457,0,0,-0.0145812,0.00166578,0.00282801,0.000743056
4,13,-0.00157761,-0.217658,0,0,0.000872698,0.00132952,0.00337656,0.000271602
5,13,-0.00132751,-0.175857,0,0,-0.0083552,0.0020997,-0.00263463,0.000888325
6,13,-0.00431937,-0.223816,0,0,-0.00283666,-0.00245837,-0.0116373,-0.00161821
7,13,0.00136612,-0.156067,0,0,0.000467173,-0.00175625,-0.00552149,-0.00201183
8,13,0.000694397,-0.227355,0,0,-0.00096173,-0.000895972,-0.000417288,-0.000205847
9,13,-0.00184551,-0.200637,0,0,-0.00727176,-5.15086e-05,0.00272289,-0.000407309
10,13,0.00338248,-0.223709,0,0,-0.00324521,-0.00167283,-0.00102428,-0.000115731
1,14,-0.00964725,-0.0586562,0,0,0.00327615,-0.00298571,-0.00919936,-0.00102131
2,14,0.00515884,-0.0595704,0,0,0.000536146,-0.00464321,-0.00559831,-0.00403001
3,14,0.0021698,-0.0903963,0,0,-0.000899833,-0.000168465,0.00192021,-0.000112749
4,14,-0.00115056,-0.0885503,0,0,0.0098105,0.00291826,0.00501812,-2.93116e-05
5,14,-0.00127708,-0.102643,0,0,0.00385796,0.00374111,0.00169911,-0.00404584
6,14,-0.00574577,-0.142799,0,0,-0.00520196,-0.000440124,-0.00438713,-0.00263404
7,14,0.00295971,-0.0892962,0,0,0.0181116,-0.00181902,-0.000681335,0.00234595
8,14,-0.00506197,-0.0820287,0,0,0.00568097,0.000550496,0.00270899,-0.00223162
9,14,-0.00889321,-0.139152,0,0,0.0198531,-0.00104493,0.00668483,-0.00150804
10,14,0.00330589,-0.079431,0,0,-0.00968056,0.00115245,-0.00141462,0.00171868
1,15,-0.00265161,-0.0820063,0,0,0.00571159,0.000759592,0.00212993,-0.000663115
2,15,-0.00316711,-0.0453661,0,0,-0.00384101,-0.00110003,-0.00768178,-0.000205532
3,15,-0.00304706,-0.0602951,0,0,-0.0128886,0.00190742,0.00367416,-0.00214577
4,15,-0.00255194,-0.0920238,0,0,0.00485856,-0.00372461,0.00221205,-0.000367348
5,15,-0.0033762,-0.0852009,0,0,-0.00498058,0.00144116,0.00845331,-8.53759e-05
6,15,0.00720001,-0.0644316,0,0,-0.0172063,0.00156134,0.00189425,0.00161612
7,15,0.00101832,-0.0697359,0,0,-0.00316902,-0.00239682,-0.00386596,-1.80081e-05
8,15,-0.00106626,-0.0699903,0,0,0.00462667,-0.000223978,0.00654748,-0.0004999
9,15,0.00435264,-0.0440703,0,0,0.00854274,-0.0025967,0.00227275,-0.000459159
10,15,-0.00245183,-0.10774,0,0,0.00170465,-0.00435331,0.00350964,-0.00134393
1,16,-0.000295216,-0.0850259,0,0,0.0182516,0.00295847,-0.00506654,-0.000364
2,16,0.00164548,-0.0183038,0,0,-0.00314417,-0.000351565,0.00346,0.0018148
3,16,0.00460974,-0.063247,0,0,-0.00235967,-0.00235648,-0.00561019,-7.77312e-06
4,16,-0.000523981,-0.125588,0,0,0.0018837,-0.00441784,-0.00233827,0.00180842
5,16,0.00333128,-0.0813402,0,0,0.00252468,-0.00786433,-0.00468378,0.000997094
6,16,-0.00899194,-0.0799728,0,0,-0.0121443,0.0022163,0.00298901,0.00236505
7,16,-0.000115308,-0.0841475,0,0,-0.00121749,-0.000577909,-0.00351253,-0.00162343
8,16,-0.00320873,-0.0951475,0,0,-0.0120927,-0.0021046,0.0061278,0.00109889
9,16,-0.00920436,-0.105972,0,0,0.0090071,0.00253857,0.00208501,0.000547406
10,16,0.00459329,-0.0850546,0,0,0.00864639,-0.00399966,0.000833535,-0.000834881
1,17,0.000968539,-0.288363,0,0,0.00618094,-0.00440034,-0.00444542,-0.00203845
2,17,-0.00742164,-0.369519,0,0,0.0124419,-0.00410827,0.00508762,0.000739196
3,17,0.00407025,-0.272902,0,0,-0.00594869,-0.0039482,0.00700142,0.00120373
4,17,-0.00107352,-0.380332,0,0,-0.00927919,-0.00488396,0.00577155,-0.000216606
5,17,-0.000770756,-0.264705,0,0,-0.00714934,0.00063404,0.000385067,-0.00225844
6,17,-0.00418453,-0.340119,0,0,-0.000732937,-0.000161953,-0.000261714,-0.00221203
7,17,0.00353085,-0.401131,0,0,-0.00941133,-0.000195932,-0.000699137,-0.00255222
8,17,-0.00566335,-0.312824,0,0,0.00942907,0.00224371,-0.00455774,-0.000539517
9,17,0.00751888,-0.356599,0,0,-0.00950782,-0.00439686,0.00727582,-0.00144862
10,17,-0.0022105,-0.340155,0,0,-0.00460195,-0.000724995,0.00153251,4.95667e-05
1,18,0.00043395,-0.105138,0,0,-0.00296095,-0.00393164,0.0025048,-0.000310682
2,18,0.000758945,0.0316165,0,0,-0.000741518,-0.0020023,-0.00274195,-0.00040619
3,18,-0.000590966,-0.0939635,0,0,-0.00757134,-0.00425787,0.00206719,-0.00206564
4,18,-0.000898295,-0.0870337,0,0,0.00397922,-0.00377939,0.00328096,-0.0016656
5,18,0.0010245,-0.102319,0,0,-0.00263762,-0.00113335,0.0101388,0.00189249
6,18,-0.000408364,-0.0771053,0,0,0.00836469,0.00220573,-0.00163976,-0.00126646
7,18,-0.00242626,-0.108234,0,0,-0.000847151,-0.00364496,0.0020034,0.00125917
8,18,-0.00478821,-0.117346,0,0,-0.0042535,-0.00164381,0.00213678,-0.000719314
9,18,-0.00597402,-0.100152,0,0,0.00451828,-0.00346477,-0.00821578,0.000617967
10,18,-0.00123663,-0.0528501,0,0,0.00179012,-0.00339689,-0.00106473,-0.00141783
1,19,0.00668085,0.36581,0,0,0.00512051,0.000544714,-0.00323696,0.000128995
2,19,0.00482429,0.31703,0,0,-0.00925586,0.00345832,-0.00471205,1.52065e-05
3,19,0.000777853,0.309587,0,0,-0.0018595,-0.00151328,0.000983012,0.00159159
4,19,0.00253424,0.326353,0,0,-0.0028366,0.00241753,-0.00461033,-0.000881632
5,19,0.000340538,0.310039,0,0,-0.00880132,0.00121721,-0.00557667,0.00125431
6,19,0.00767743,0.322869,0,0,-0.000617653,-0.00428016,0.000693271,0.00207117
7,19,0.00150904,0.361033,0,0,-0.00317492,-0.000970538,-0.00288117,0.00110065
8,19,0.00107679,0.345325,0,0,0.000878414,-0.000726097,-0.000487675,0.000804891
9,19,-0.00436385,0.359569,0,0,0.00240365,-0.000426973,-0.00375534,0.00318235
10,19,0.00529985,0.297465,0,0,-0.0132644,0.00181153,-0.00360226,0.00216316
1,20,0.00222585,-0.270548,0,0,0.0136978,-0.0038994,-0.00357577,-0.00297987
2,20,-0.00136381,-0.38035,0,0,0.00955839,-0.00154519,0.00178227,0.000846616
3,20,-0.00188898,-0.264595,0,0,0.00446914,0.00136959,0.000353467,-0.004128
4,20,0.00145754,-0.402688,0,0,0.00585527,0.0017964,-0.00332776,-0.00110844
5,20,-0.00376086,-0.301399,0,0,-0.0100962,0.000388689,0.00483584,0.00101639
6,20,0.00565605,-0.408541,0,0,-0.00304906,1.7286e-05,-0.00228881,-0.000678305
7,20,-0.00481122,-0.316645,0,0,-0.0168092,0.00163203,0.00431931,-0.000472899
8,20,-0.00625002,-0.409079,0,0,-0.000416662,-0.000367965,0.00786948,0.00460038
9,20,-0.0020632,-0.343341,0,0,-0.0095487,-0.00292251,0.00225038,0.000421564
10,20,-0.0065375,-0.297991,0,0,-0.00576085,-0.00436462,0.00418424,0.000693255
1,21,-0.00365175,0.0704746,0,0,-0.00219795,-0.000483076,0.00828086,0.000409822
2,21,0.0053756,0.128734,0,0,0.00503032,0.00183441,0.00663853,-0.000451771
3,21,0.0027523,0.156592,0,0,0.00437795,0.00378352,0.00115928,0.00131478
4,21,-0.00406402,0.113705,0,0,-0.000306478,-0.00199182,-3.43047e-05,0.00311687
5,21,0.00547496,0.124856,0,0,-0.00981274,-0.00435353,-0.00486435,-0.000626772
6,21,0.000682102,0.142572,0,0,-0.00153219,0.00128855,-0.000507004,-0.00063951
7,21,0.00465178,0.133867,0,0,-0.00413231,-0.000751324,-0.00272145,0.000824368
8,21,-0.00500125,0.132558,0,0,-0.0106415,0.00785131,-0.0070061,-0.00291014
9,21,-0.00213897,0.112618,0,0,-0.00360063,-0.00164169,-0.00294936,0.000334366
10,21,0.00183895,0.156539,0,0,0.00645322,0.000925379,-0.00718247,0.000364781
1,22,-0.00123709,-0.443791,0,0,0.0128125,0.00144312,0.00730682,-0.00122043
2,22,-0.00438501,-0.361103,0,0,0.002636,-0.00169557,0.00431118,0.00181149
3,22,-0.00216107,-0.462674,0,0,0.00217307,-0.0009408,-0.00280724,0.000343447
4,22,-0.00721659,-0.45746,0,0,0.00201073,0.00227409,0.00387389,-0.0019911
5,22,0.00263562,-0.347916,0,0,-0.00232392,0.00209938,0.00209705,-0.00170302
6,22,0.00253141,-0.430775,0,0,0.0180941,-0.000455817,0.00337057,-0.0018594
7,22,-0.000401577,-0.424396,0,0,-0.00769799,-0.00265223,0.00168422,-0.00195799
8,22,-0.000995508,-0.400989,0,0,0.00297249,0.0030557,0.0115238,0.000133541
9,22,-0.00482519,-0.392939,0,0,0.00561442,-0.00160988,-0.00394667,-0.00149457
10,22,-0.00303641,-0.446177,0,0,0.00703396,-0.00400717,0.00418216,0.00126969
1,23,0.00352585,0.588097,0,0,0.00258688,0.00291975,-0.0123456,-0.000623379
2,23,-0.0057121,0.497329,0,0,-0.00228014,0.00238326,-0.00743128,-0.00449512
3,23,-0.00159053,0.572834,0,0,-0.000913655,-0.000807612,-0.005144,-0.00165702
4,23,0.00383007,0.538644,0,0,0.0124027,-0.000473975,0.00623479,-0.000824742
5,23,0.00446467,0.584366,0,0,0.00355265,0.00351863,0.00162699,-0.0004967
6,23,0.00360913,0.632454,0,0,-0.00293389,0.00208381,-0.00496388,-0.00160052
7,23,-0.00264433,0.59546,0,0,0.00221685,0.000666946,-0.00276447,0.000453864
8,23,0.00672008,0.588641,0,0,0.00220508,-0.00148225,0.00590283,-0.00276932
9,23,-0.00175507,0.531327,0,0,-0.0118155,-0.00433004,0.00579128,0.000413732
10,23,-0.00214054,0.559437,0,0,0.000159304,-0.00246695,0.00101581,-0.000772614
1,24,-0.00177535,0.100583,0,0,0.000359373,0.00059989,-0.00130928,0.000881735
2,24,-0.00204764,0.0716963,0,0,-0.00659958,0.00188396,0.00435279,0.00101699
3,24,0.000184146,0.0888063,0,0,-0.00365502,-0.00342152,-0.00341966,-0.00188903
4,24,-0.00173334,0.046718,0,0,0.000416435,-0.00614973,0.0058413,-0.00111305
5,24,0.0080655,0.0859518,0,0,-0.00282163,0.000738145,-0.000263033,-0.000753744
6,24,-0.0112604,0.0596091,0,0,-0.0118444,-0.00316587,0.00997514,0.00121718
7,24,0.00891889,0.127104,0,0,0.0113662,0.000419755,-0.00172872,-0.000349579
8,24,-0.0026651,0.109551,0,0,-0.000528877,0.00138909,0.000905214,-0.00105306
9,24,0.00319355,0.0681094,0,0,-0.00169494,-0.00082162,-0.00305696,0.0021383
10,24,0.00432541,0.0924696,0,0,0.00619562,-0.00193341,-0.00184636,-0.00251829
1,25,0.000265696,-0.0912203,0,0,-0.00874409,0.000468158,-0.0132888,-0.00129802
2,25,0.000283677,-0.102882,0,0,0.0058999,-0.00272453,0.00152132,-0.00135218
3,25,-0.00754601,-0.0550095,0,0,-0.00741753,-0.00283493,-0.00731288,-0.00243247
4,25,0.00508146,-0.0741592,0,0,-0.0105218,0.00581488,-0.00236044,-0.00167073
5,25,-0.0042919,-0.102488,0,0,0.00259475,0.00381025,0.00364849,-0.000795051
6,25,0.00523275,-0.0861045,0,0,0.00163171,-0.0017166,0.000179517,-1.12594e-05
7,25,0.00377839,-0.00317233,0,0,-0.00338977,0.00692299,-0.00821191,0.00227328
8,25,0.00583872,-0.0668022,0,0,0.00246297,0.000625243,0.000759172,-0.00272835
9,25,0.00365864,-0.0737802,0,0,-0.00466358,0.00665931,-0.00389151,-0.00200247
10,25,0.000617689,-0.100009,0,0,0.00518482,-0.00352991,0.00253518,-2.29136e-05
1,26,-0.00568066,-0.302817,0,0,-0.00560668,0.00500043,-0.00478499,0.00214081
2,26,-0.00659155,-0.245159,0,0,-0.00443856,0.000341612,-0.00260548,-0.000545232
3,26,-0.00524421,-0.283538,0,0,-0.00115177,0.000416055,-0.0052,0.000237865
4,26,0.0018477,-0.255318,0,0,-0.00759708,0.00130546,0.0011418,0.00241222
5,26,-0.00430365,-0.250709,0,0,-0.00198039,0.0036699,-0.0048775,0.00046463
6,26,0.00201101,-0.26685,0,0,-0.00278541,0.00403552,-0.00776232,0.000370431
7,26,-0.00440828,-0.300529,0,0,0.00711315,0.00150651,-0.0172772,0.00174513
8,26,-0.00466493,-0.249585,0,0,-0.00651726,0.0044592,-0.00578425,0.000975002
9,26,-0.000332778,-0.202862,0,0,-0.00171345,-0.00630284,-0.00944262,-0.00255972
10,26,-0.00161722,-0.214709,0,0,-0.0143764,0.00464702,-0.000883503,-8.90068e-05
1,27,-0.00633335,-0.164441,0,0,0.00175496,0.00118961,-0.00329413,0.000451656
2,27,0.000771007,-0.159855,0,0,-0.00583204,0.0038413,0.00525534,0.00278912
3,27,-0.00149063,-0.194413,0,0,0.00735706,0.00166261,0.00243509,-0.000968338
4,27,0.00164062,-0.134229,0,0,-0.00993366,-0.00329972,0.0021432,0.00307803
5,27,-0.00244605,-0.147028,0,0,-0.0126396,-0.00300738,0.000137931,-0.00418007
6,27,0.00106584,-0.0421643,0,0,0.00579111,-0.0034712,0.00106321,0.000283577
7,27,0.00135037,-0.122182,0,0,0.00182858,0.000531464,-0.00390263,-0.000430242
8,27,-0.00561466,-0.150377,0,0,-0.00980758,0.00484118,0.00422403,0.00190327
9,27,0.00540688,-0.197275,0,0,0.002728,0.00323367,-0.000894814,-0.0021139
10,27,-0.00706355,-0.163671,0,0,-0.018908,-0.00057034,0.00572961,-0.00173749
1,28,0.00745764,0.384389,0,0,0.00241692,2.08804e-05,0.00147504,0.00159915
2,28,0.00513999,0.297289,0,0,0.000426358,0.00575986,0.000721465,0.0025541
3,28,0.00769002,0.352813,0,0,-0.00974141,0.00402202,0.0030625,-0.000850276
4,28,0.0075499,0.327918,0,0,-0.0132218,0.00517722,-0.000165707,-0.00125497
5,28,0.00947313,0.352452,0,0,-0.00523746,-0.00129608,-0.0131079,0.00194875
6,28,0.00503193,0.362383,0,0,-0.00580578,0.00175108,0.00516832,-0.000160869
7,28,0.00383717,0.245629,0,0,0.00494929,0.00312114,-0.00265816,0.000116601
8,28,0.00284831,0.350669,0,0,-0.0128799,0.000128687,-0.000796014,-0.00092404
9,28,0.00351678,0.34932,0,0,0.000757204,-0.000525568,-0.00399863,0.000422098
10,28,0.00799233,0.348574,0,0,-0.0177584,0.00462939,-0.00601303,0.00321748
1,29,0.000691192,-0.118693,0,0,-0.0100776,0.000417838,0.00850937,-0.00160008
2,29,0.0026766,-0.0896869,0,0,0.00448764,0.000831685,0.00854225,-0.000788549
3,29,0.00208957,-0.0825941,0,0,-0.00287555,-9.18204e-05,0.00357939,0.0018136
4,29,0.00292938,-0.0959607,0,0,0.00285421,0.00203638,-0.0022218,-0.000187191
5,29,0.00738713,-0.156342,0,0,0.00225817,0.00234504,-0.00182481,-0.00105722
6,29,0.00241624,-0.108603,0,0,-0.000397384,0.000606181,0.0039976,-0.00180799
7,29,0.000735048,-0.117742,0,0,-0.00328224,-0.00135642,0.00298978,0.00222625
8,29,0.00306517,-0.112952,0,0,-0.00388358,-0.00526393,0.00617328,0.00041203
9,29,0.00547106,-0.163518,0,0,-0.00558886,0.000518323,-0.00332724,0.000433297
10,29,0.00319306,-0.131431,0,0,0.0179399,-0.000700768,0.00273351,-0.00217174
1,30,-0.00820847,0.42094,0,0,-0.00202933,0.00300348,-0.00624825,-0.000357403
2,30,0.00270999,0.51664,0,0,-0.00023288,0.00295331,0.0041261,-0.00179612
3,30,2.39117e-05,0.393912,0,0,-0.00147352,-0.000232011,-0.00692475,0.00117727
4,30,0.000251134,0.470173,0,0,-0.00347246,0.00432504,-0.00552406,0.000541343
5,30,-1.79676e-05,0.435829,0,0,-0.018971,0.00267036,0.00214448,0.000893057
6,30,0.000443036,0.470187,0,0,-0.00639084,0.00180129,-0.00668331,0.00261255
7,30,0.00993157,0.478355,0,0,-0.00601168,0.0057667,0.00436228,0.00149538
8,30,0.00746006,0.542193,0,0,0.00531979,0.00519968,-0.00288763,-5.92553e-07
9,30,0.00572253,0.432224,0,0,-0.0108909,0.00539056,-0.010586,0.00234339
10,30,-0.00146727,0.426615,0,0,-0.00761367,0.00497122,-0.00305654,0.000899593
1,31,0.00338203,0.134283,0,0,0.0030351,0.00307558,0.00157182,0.000743751
2,31,0.00711362,0.115392,0,0,0.00204635,0.00705478,-0.00141041,-0.00247373
3,31,0.00261948,0.129752,0,0,0.0169535,-0.00241478,0.0126674,-0.00107211
4,31,0.0017698,0.161436,0,0,-0.0148886,0.0029774,0.00123397,-0.00225643
5,31,-0.00313087,0.131989,0,0,0.0064191,0.00213542,0.00379805,0.000733434
6,31,-0.000134232,0.146036,0,0,0.0017041,-0.000328127,-0.00677074,-7.98603e-05
7,31,0.000914626,0.18073,0,0,-0.00363969,0.00136095,-0.00227012,0.000711956
8,31,0.00336169,0.116382,0,0,-0.00548246,0.00353497,-0.00178708,0.000365937
9,31,-0.00184113,0.104886,0,0,-0.000848373,-0.000364173,0.00450025,-0.00271106
10,31,0.00586278,0.156098,0,0,0.0096933,0.00306263,0.0047799,-0.000973805
1,32,0.00170308,-0.679288,0,0,-0.0089688,-0.00155526,0.00620148,-0.00258416
2,32,-0.00104802,-0.781248,0,0,0.00239425,-0.0017043,-0.00814226,0.00125132
3,32,-0.00567236,-0.829113,0,0,-0.00799566,0.000412395,0.00223797,-0.000498029
4,32,-0.00391219,-0.774873,0,0,-0.00290825,0.00162058,-0.0102471,-0.000769239
5,32,-0.00793695,-0.720923,0,0,0.00362586,-0.000737083,0.000969577,0.000119307
6,32,0.000690205,-0.778009,0,0,-0.0163886,0.00235348,0.00119971,0.000906608
7,32,0.00277342,-0.771326,0,0,-0.00831491,0.00238179,-0.00200075,0.000840881
8,32,0.00316974,-0.78937,0,0,-0.010398,-0.00201362,0.00582237,0.00148524
9,32,0.00235038,-0.757334,0,0,-0.0081663,0.00269093,-0.0011489,0.00455577
10,32,0.00211136,-0.76095,0,0,0.00784771,-0.00134851,0.00200109,-0.00101405
1,33,-0.00347217,0.131654,0,0,-0.00456092,-0.00206359,0.00322631,-0.000997531
2,33,0.00798541,0.157716,0,0,0.00404439,-0.00508565,0.00795846,-0.000689741
3,33,-0.000409681,0.109062,0,0,-0.000124432,-0.000341835,-0.0019485,-0.00134767
4,33,-0.00184781,0.0984489,0,0,-0.00216569,0.00200709,-0.000887829,-0.00175734
5,33,-0.00291616,0.106075,0,0,0.0038136,0.00101917,0.00782356,0.00078784
6,33,-0.0145733,0.0984648,0,0,8.38171e-05,0.00145996,0.00933263,5.71314e-06
7,33,0.00073722,0.0711689,0,0,-0.00859694,-0.000660805,-0.00227619,-0.00128612
8,33,0.00350429,0.107011,0,0,0.00153215,0.000810646,-0.00269934,8.65864e-05
9,33,-0.00173215,0.127642,0,0,-0.00848631,-0.000919715,0.00225879,-0.00176078
10,33,-0.00214811,0.0564278,0,0,-0.00152295,0.00178339,-0.00474278,-0.00012455
1,34,-0.00720824,0.268308,0,0,-0.00795952,0.00499658,0.00247583,-0.000898612
2,34,0.00564979,0.304573,0,0,-0.00227226,-0.00168913,-0.000399742,0.000388856
3,34,-0.000979559,0.270089,0,0,0.014383,-0.00051548,0.00281208,-0.000275507
4,34,0.00725156,0.319662,0,0,0.00611876,-0.000991227,0.0068613,-0.000182732
5,34,-0.00331742,0.338077,0,0,-0.00947716,0.00123651,-0.00395478,-0.00224953
6,34,0.00416508,0.31571,0,0,0.00358988,0.000911821,0.00478986,3.89909e-05
7,34,-0.000764388,0.306224,0,0,0.0105766,0.00126199,-0.00472899,-0.000465227
8,34,0.00139676,0.299404,0,0,-0.00328669,-0.00072202,0.00474962,-0.000528696
9,34,0.000901756,0.295331,0,0,0.0170642,-0.00494451,-0.00458658,-0.000563792
10,34,-0.000284107,0.296181,0,0,0.0227159,0.00174247,-0.00306018,-0.000811271
1,35,0.00661347,-0.308246,0,0,-0.0013989,2.9679e-05,-0.00233944,-0.00142895
2,35,0.000724297,-0.332727,0,0,-0.00252854,-9.2756e-06,-0.000641453,0.00265736
3,35,-0.000270383,-0.358981,0,0,-0.00353446,-0.000612625,0.00409595,0.00269627
4,35,0.00136273,-0.40987,0,0,0.0103605,0.0011811,-0.0150974,0.000132109
5,35,0.00118972,-0.323364,0,0,0.0122787,0.00271037,-7.48674e-05,-0.00126963
6,35,0.00102556,-0.360108,0,0,0.00249119,0.00235288,0.00549928,-0.000452523
7,35,-0.00686811,-0.353856,0,0,-0.000836871,0.000560263,-0.000432337,0.00119246
8,35,0.002612,-0.372371,0,0,0.00813545,-0.000404919,0.0033364,0.000971282
9,35,-7.94731e-06,-0.346044,0,0,-0.00872421,0.00266251,-0.00824657,-0.00120733
10,35,0.00416319,-0.361125,0,0,-0.00870586,0.000394024,-0.000738588,0.00173958
1,36,0.0032799,-0.496,0,0,-0.00358244,0.0012706,-0.00521983,0.0016471
2,36,-0.00148588,-0.492361,0,0,-0.00387137,-0.00317571,-0.00397229,0.00108816
3,36,-0.00414143,-0.489997,0,0,-4.11798e-05,-0.00389502,0.00344428,0.00075299
4,36,0.0022767,-0.514283,0,0,-0.0113434,-0.00488199,-0.00784747,-0.000275094
5,36,-0.0033509,-0.577432,0,0,0.00451691,-0.00221323,0.000541813,-0.000937358
6,36,-0.00400219,-0.505486,0,0,0.00290439,-0.00721023,0.00284535,0.000235495
7,36,-0.00257467,-0.549148,0,0,-0.00458019,-0.00464623,-0.000555552,0.00243111
8,36,-0.00389765,-0.541066,0,0,-0.00869302,-0.00805975,-0.0033265,-0.000821767
9,36,0.000683112,-0.516541,0,0,-0.000426563,-0.00196518,-0.00777834,-0.000191439
10,36,0.00321754,-0.39881,0,0,0.00347484,-0.0073246,-0.00706465,0.00285521
1,37,0.00902614,-0.16748,0,0,0.00368888,-0.00169065,0.00491132,0.00062713
2,37,0.00170029,-0.234597,0,0,-0.00671805,-0.00148699,-0.00164525,-0.00105948
3,37,-0.00038774,-0.215792,0,0,0.00160001,-0.00180575,-0.00482755,-0.00201533
4,37,-0.00619187,-0.159655,0,0,0.00706205,-0.0035387,0.000673691,0.000366383
5,37,-0.000103944,-0.161421,0,0,-0.00197338,0.00423016,-0.0108622,-0.00257572
6,37,-0.00553214,-0.240276,0,0,0.00249064,-0.00473433,0.00879607,-0.00125168
7,37,0.00410125,-0.174032,0,0,0.00685151,-0.00281868,0.0078934,0.000360532
8,37,0.00190144,-0.176482,0,0,-0.00727208,-0.00317204,0.00923716,-0.000685767
9,37,0.000474422,-0.21143,0,0,-0.0121213,0.00340484,0.00244908,-0.00133234
10,37,0.00136253,-0.176556,0,0,0.00346973,0.00150232,0.000513584,-0.000148338
1,38,-0.000375256,-0.309926,0,0,0.00204187,-0.000565988,0.00520117,-0.000697636
2,38,-0.00637012,-0.269553,0,0,-0.004088,0.000269638,0.00133359,-0.000719898
3,38,-0.00374894,-0.270299,0,0,-0.00942148,-0.00163804,0.0031724,-0.00348714
4,38,-0.00234753,-0.249098,0,0,0.00469701,-0.00265333,0.00220762,-0.00189807
5,38,-0.00192088,-0.328823,0,0,-0.00841995,-0.0039501,0.00310256,-0.0039297
6,38,-0.000926633,-0.312213,0,0,-0.00356689,-0.00062563,-0.00527136,0.00165866
7,38,-0.00195998,-0.313718,0,0,0.0107432,-0.00031504,0.00870158,0.00129158
8,38,-0.00497292,-0.281949,0,0,-0.00341266,-0.00421204,-0.0013409,-0.00111844
9,38,-0.000186966,-0.339835,0,0,0.0066862,-0.00314241,0.00605903,-0.00113444
10,38,0.00028848,-0.314288,0,0,0.00751355,0.000402005,-0.00325681,-0.0020101
1,39,0.00581803,-0.0960493,0,0,-0.00250614,-0.000289309,0.00579547,-0.00277103
2,39,0.00735969,-0.165931,0,0,0.00499052,-0.00242651,-0.00585357,0.00302085
3,39,-0.00112281,-0.200275,0,0,-0.0115328,-0.00599572,-0.00253529,-0.000475011
4,39,-0.00157366,-0.193142,0,0,-0.00914925,0.00342726,0.000251102,0.00034638
5,39,0.00429622,-0.174071,0,0,-0.00638078,0.00366582,-0.00376755,-0.0011924
6,39,0.00159225,-0.184927,0,0,-0.00668695,-0.00553754,-0.00358074,-0.00142314
7,39,0.00255872,-0.109736,0,0,-0.0103565,0.00177462,0.00188895,0.000131263
8,39,0.00206957,-0.148966,0,0,0.00153984,-0.000842565,-0.00900738,-0.00249044
9,39,0.00204182,-0.0972973,0,0,-0.00891232,0.00151959,-0.0036042,-0.00283529
10,39,0.00784712,-0.192709,0,0,-0.0139275,-0.000722155,0.00447606,0.00329248
1,40,0.00157944,0.458712,0,0,-0.00993161,0.00475083,0.00912884,0.00257643
2,40,0.00222977,0.470759,0,0,-0.00300799,0.00306882,0.00213263,-0.000572376
3,40,0.00837202,0.427033,0,0,-0.0101357,0.000768094,-0.00640112,-0.00135175
4,40,0.00178454,0.426392,0,0,0.000730561,-0.000340663,-0.00468501,0.00151192
5,40,0.00860072,0.491857,0,0,-0.00953515,-0.00293636,-0.00725919,-0.00103975
6,40,-0.00423345,0.455342,0,0,-0.00235644,0.00278864,0.00314795,-0.000664525
7,40,0.00920725,0.415537,0,0,0.00482248,0.000792642,0.0110861,0.00180062
8,40,0.00190928,0.413304,0,0,-0.00374766,0.000710809,0.00352033,-0.00116615
9,40,-0.00682114,0.429106,0,0,0.00695086,-0.00394659,-0.00206008,0.00214274
10,40,-0.00323703,0.432056,0,0,0.00162436,-0.00427931,0.00113689,0.00281951
1,41,0.00253544,0.0886607,0,0,0.000739125,-0.00294269,0.00237643,-0.0010155
2,41,-0.00569653,0.0865862,0,0,0.0077895,-0.00306345,-0.000468071,0.00195162
3,41,-0.00368449,0.0346626,0,0,0.0107609,-4.97563e-05,0.0142998,0.000545191
4,41,0.000796666,0.101308,0,0,0.0144796,0.00125473,-0.000531957,-0.00211209
5,41,-0.00195514,0.0872778,0,0,0.00503549,0.000632951,0.00109806,-0.000994231
6,41,-0.0102973,0.0659974,0,0,-0.0119203,0.000746182,0.00680481,-0.000592618
7,41,-0.00378609,0.0271858,0,0,0.00369567,0.00238198,0.00228913,-0.00112055
8,41,-0.00188707,0.0825193,0,0,0.0102134,0.00117462,0.000682398,-0.000746066
9,41,-0.00453183,0.101719,0,0,-0.00987798,0.00249892,0.000842597,-0.00115999
10,41,-0.00641843,0.041781,0,0,0.00160454,0.00201884,0.00554785,-0.000350162
1,42,-0.00066554,0.127393,0,0,-0.000882544,0.00207038,-0.00428471,0.0012641
2,42,-0.00267062,0.136085,0,0,0.0025527,0.00232276,-0.00171052,0.000479289
3,42,-0.00341436,0.0970073,0,0,-0.00215813,0.00195813,-0.000589652,0.000716922
4,42,-0.0034788,0.102099,0,0,0.00397821,-0.000517588,-0.00557661,0.00078508
5,42,-0.00291329,0.0499829,0,0,-0.00844082,-0.00446734,-0.0109645,-0.00052241
6,42,-0.00111903,0.102366,0,0,-0.00320239,0.00471154,-0.00460085,-0.000499381
7,42,-0.00230659,0.100074,0,0,0.00668145,-0.00218616,-0.000451542,4.70954e-05
8,42,-0.000543727,0.137862,0,0,0.00313714,0.000614644,-0.0113474,0.00111599
9,42,-0.00295795,0.0992121,0,0,0.00534958,0.00503347,-0.0030391,0.00089994
10,42,0.00202411,0.108149,0,0,-0.00043138,0.00583148,-0.00197396,-0.00196526
1,43,-0.00457394,-0.220728,0,0,0.00654728,0.00314324,8.39349e-05,0.000103574
2,43,-0.000277289,-0.212446,0,0,0.00701604,-0.00247685,0.00325996,0.0010964
3,43,0.00522209,-0.177545,0,0,-0.00423767,0.00148062,-0.00145116,0.000475489
4,43,0.00266923,-0.171963,0,0,-0.00501859,-0.00194335,0.00287779,-0.00153541
5,43,-0.0028442,-0.241388,0,0,-0.00610451,-0.00104195,-0.000237121,-0.000768299
6,43,-0.00890355,-0.204056,0,0,0.00839637,-0.00141855,-0.00520748,-0.00157547
7,43,-0.000273132,-0.19987,0,0,-0.0100287,-0.00204131,0.00814186,0.000882373
8,43,0.00420205,-0.203743,0,0,0.00590338,-0.00235223,0.00606804,0.000668796
9,43,-0.00325732,-0.256972,0,0,-0.00784457,-0.00163642,-0.00212906,-0.000820922
10,43,-0.000491611,-0.256516,0,0,-0.00822021,-0.00251257,0.00866138,-0.00162619
1,44,0.00107135,0.122789,0,0,0.017769,0.00331051,-0.00114237,0.000543641
2,44,0.00072259,0.151645,0,0,0.00215293,0.00100849,0.00442623,0.00192432
3,44,-0.00138469,0.168877,0,0,0.00485622,0.00258915,-0.00084822,0.00309964
4,44,0.00232171,0.0909619,0,0,0.00621148,0.000459749,-0.00334997,0.00340224
5,44,-0.00112903,0.101868,0,0,-0.00522696,0.00207455,-0.00481651,0.00238638
6,44,-0.00727442,0.107713,0,0,0.014134,0.00627841,-0.00854845,0.000628197
7,44,0.000529822,0.11244,0,0,-0.00634412,-0.00295392,-0.00819536,0.00084349
8,44,-0.00360908,0.17496,0,0,-0.000294506,-0.00178717,-0.0174526,-0.0011938
9,44,-0.00190866,0.136374,0,0,0.00634192,-0.00145012,-0.0110065,0.00171403
10,44,-0.00879113,0.139533,0,0,-0.00499514,0.00398592,0.00097879,0.00293046
1,45,-0.00283159,-0.438748,0,0,0.0115081,-0.0015339,0.00936535,0.00317988
2,45,-0.00126435,-0.317565,0,0,-0.000575464,0.00398808,-0.00186929,-0.0017509
3,45,-0.00495603,-0.390909,0,0,0.000680713,-0.000617325,-0.00770255,-0.00293734
4,45,-0.00947122,-0.372192,0,0,0.000344706,0.00014605,0.00447696,-0.0019042
5,45,0.000867078,-0.316469,0,0,-0.00945819,0.00303978,-0.000683472,0.000388233
6,45,-0.0026,-0.345922,0,0,0.0102436,-0.00353365,0.00685877,-0.000560744
7,45,0.000677586,-0.346291,0,0,-0.0132482,0.000244435,-0.00561546,-0.00123709
8,45,0.000290796,-0.367152,0,0,0.00591419,-0.00280478,0.00970207,-0.000252187
9,45,-0.00874171,-0.426265,0,0,-0.0210006,0.000345331,0.000825179,-0.00128183
10,45,-0.0049354,-0.35093,0,0,0.000190291,-0.00278588,-0.00297131,-0.00310821
