rep,id,V,Cl
1,1,6.1554,2.58025
2,1,5.8471,2.50513
3,1,5.96055,2.53448
4,1,6.32087,2.56516
5,1,5.99483,2.52536
6,1,6.0651,2.58488
7,1,5.94113,2.55187
8,1,6.1667,2.52124
9,1,6.20588,2.5604
10,1,6.03764,2.54826
1,2,5.88018,1.76789
2,2,6.06044,1.79484
3,2,5.79861,1.79048
4,2,5.77685,1.74704
5,2,5.79693,1.79309
6,2,5.96315,1.8007
7,2,5.93797,1.8011
8,2,5.97613,1.74329
9,2,5.62545,1.79132
10,2,5.57643,1.76345
1,3,5.66026,2.84495
2,3,5.75371,2.86866
3,3,5.66307,2.86919
4,3,5.82291,2.87741
5,3,5.5683,2.84036
6,3,5.65952,2.85434
7,3,5.37911,2.82106
8,3,5.57262,2.82792
9,3,5.64503,2.84687
10,3,5.66619,2.85745
1,4,7.22457,3.03017
2,4,6.89592,3.00148
3,4,7.51175,3.12139
4,4,7.28748,3.06291
5,4,7.27841,3.01513
6,4,7.38546,3.04201
7,4,7.24364,3.04255
8,4,7.33147,3.0905
9,4,7.63859,3.12956
10,4,7.35944,3.00506
1,5,4.39461,3.23203
2,5,4.52793,3.28624
3,5,4.3916,3.25651
4,5,4.61219,3.32392
5,5,4.35553,3.26799
6,5,4.62094,3.30964
7,5,4.23926,3.17369
8,5,4.39365,3.21155
9,5,4.48507,3.26215
10,5,4.4194,3.2591
1,6,4.39379,1.81609
2,6,4.43732,1.81743
3,6,4.3367,1.78215
4,6,4.45956,1.77516
5,6,4.36073,1.81585
6,6,4.42008,1.79085
7,6,4.27892,1.79378
8,6,4.16956,1.78739
9,6,4.25494,1.77332
10,6,4.10883,1.7539
1,7,5.70331,3.60191
2,7,5.75702,3.65512
3,7,5.77421,3.61748
4,7,5.78394,3.66685
5,7,5.66878,3.63689
6,7,5.49128,3.57983
7,7,5.83385,3.68733
8,7,5.55157,3.62233
9,7,5.54315,3.5754
10,7,5.895,3.70543
1,8,5.42651,2.6078
2,8,5.66823,2.64016
3,8,5.51564,2.6494
4,8,5.72519,2.64665
5,8,5.6289,2.66615
6,8,5.46588,2.62473
7,8,5.69072,2.63618
8,8,5.48287,2.62167
9,8,5.57281,2.67847
10,8,5.49967,2.65205
1,9,6.9976,4.10816
2,9,6.99628,4.09202
3,9,6.89533,4.01852
4,9,6.83108,4.01833
5,9,6.7715,3.94471
6,9,6.63083,3.95285
7,9,6.74837,3.99307
8,9,6.90335,3.98742
9,9,6.70552,3.97391
10,9,7.18111,4.11674
1,10,4.9285,3.39305
2,10,4.76921,3.31037
3,10,5.30361,3.50912
4,10,4.89696,3.36062
5,10,4.77825,3.30577
6,10,5.11326,3.45459
7,10,5.15728,3.48689
8,10,5.14459,3.44496
9,10,4.98615,3.3878
10,10,5.07689,3.45203
1,11,3.96488,3.26631
2,11,4.11385,3.31608
3,11,4.20244,3.38421
4,11,4.20957,3.40769
5,11,4.04826,3.29941
6,11,3.99065,3.27779
7,11,4.07012,3.35455
8,11,4.16324,3.3631
9,11,4.0893,3.32292
10,11,3.9708,3.2988
1,12,5.76442,3.67404
2,12,5.80059,3.61544
3,12,6.00218,3.73952
4,12,6.08709,3.73004
5,12,5.67826,3.59434
6,12,5.70048,3.64168
7,12,5.81469,3.67783
8,12,5.81501,3.65576
9,12,5.63538,3.59171
10,12,5.63464,3.59597
1,13,4.57168,2.67495
2,13,4.72434,2.64857
3,13,4.37727,2.62862
4,13,4.53879,2.61623
5,13,4.58932,2.60569
6,13,4.7313,2.64339
7,13,4.99805,2.76515
8,13,4.6137,2.6916
9,13,4.60524,2.68639
10,13,4.59931,2.65898
1,14,5.7078,3.1445
2,14,5.62839,3.02383
3,14,5.33,2.98889
4,14,5.45243,3.03122
5,14,5.40249,3.04162
6,14,5.49269,3.04725
7,14,5.55626,3.07997
8,14,5.29953,3.03968
9,14,5.76225,3.1379
10,14,5.69799,3.11438
1,15,4.45875,2.61569
2,15,4.44503,2.61488
3,15,4.72635,2.68712
4,15,4.65293,2.669
5,15,4.69515,2.66683
6,15,4.53172,2.64387
7,15,4.66179,2.68687
8,15,4.83549,2.7042
9,15,4.60487,2.67273
10,15,4.6365,2.66829
1,16,5.97363,1.7886
2,16,5.64452,1.82669
3,16,5.56139,1.79313
4,16,5.76309,1.80118
5,16,5.77135,1.85268
6,16,5.74893,1.79368
7,16,5.69096,1.80901
8,16,5.58384,1.86693
9,16,5.49511,1.76221
10,16,5.87364,1.8647
1,17,5.75797,2.89852
2,17,5.51984,2.80861
3,17,5.87072,2.85225
4,17,5.58431,2.77252
5,17,5.67834,2.84378
6,17,5.68165,2.80007
7,17,5.47584,2.79499
8,17,5.51545,2.80457
9,17,5.5649,2.83782
10,17,5.29777,2.71575
1,18,7.54582,3.12961
2,18,7.32581,3.07725
3,18,7.32518,3.11222
4,18,7.40805,3.12497
5,18,7.5406,3.13602
6,18,7.34778,3.07655
7,18,7.26506,3.17898
8,18,7.20901,3.04864
9,18,7.23113,3.1026
10,18,7.87214,3.26508
1,19,4.57734,3.28091
2,19,4.76564,3.37408
3,19,4.73835,3.35561
4,19,4.57471,3.31388
5,19,4.77996,3.38748
6,19,4.60144,3.31481
7,19,4.49456,3.26447
8,19,4.75967,3.38631
9,19,4.72633,3.35373
10,19,4.58396,3.31421
1,20,4.32102,1.80986
2,20,4.36302,1.80043
3,20,4.57308,1.81843
4,20,4.39166,1.81797
5,20,4.52001,1.81987
6,20,4.46229,1.81712
7,20,4.52575,1.8209
8,20,4.38033,1.80339
9,20,4.29635,1.81395
10,20,4.43717,1.79801
1,21,5.98151,3.73739
2,21,5.8523,3.68074
3,21,6.08055,3.82359
4,21,5.78855,3.72921
5,21,5.56383,3.64738
6,21,5.84001,3.69266
7,21,5.71934,3.68129
8,21,6.0437,3.79604
9,21,5.46697,3.53424
10,21,5.71608,3.66037
1,22,5.8871,2.61952
2,22,5.75139,2.61937
3,22,5.44956,2.53021
4,22,5.42095,2.54215
5,22,5.61092,2.61652
6,22,5.58623,2.55523
7,22,5.7219,2.54959
8,22,5.80282,2.58894
9,22,5.55359,2.56379
10,22,5.59444,2.62098
1,23,6.84259,4.06951
2,23,6.79728,4.00463
3,23,6.92282,4.08446
4,23,6.93567,4.04376
5,23,6.80386,4.03115
6,23,6.67608,4.03152
7,23,6.90616,4.04271
8,23,6.69396,4.01828
9,23,7.05468,4.0526
10,23,6.68803,3.96638
1,24,5.41175,3.51551
2,24,5.12389,3.43897
3,24,5.38147,3.53562
4,24,5.13409,3.37066
5,24,5.03575,3.37984
6,24,5.20228,3.40787
7,24,5.16754,3.36916
8,24,5.42161,3.51262
9,24,5.30998,3.45132
10,24,5.14453,3.38958
1,25,4.09919,3.34522
2,25,4.20964,3.36474
3,25,4.00102,3.26726
4,25,3.93174,3.23673
5,25,4.08457,3.34282
6,25,4.05963,3.33396
7,25,4.06521,3.31889
8,25,3.80488,3.17478
9,25,4.09748,3.30065
10,25,4.03337,3.33315
1,26,5.91432,3.70781
2,26,5.93598,3.6965
3,26,5.76334,3.61807
4,26,6.01186,3.71517
5,26,6.01784,3.65482
6,26,5.91142,3.72667
7,26,5.80352,3.64653
8,26,5.95156,3.69162
9,26,6.0366,3.68485
10,26,5.84533,3.64091
1,27,4.51383,2.63577
2,27,4.36785,2.55251
3,27,4.67613,2.67081
4,27,4.29168,2.55428
5,27,4.59729,2.62726
6,27,4.33768,2.58303
7,27,4.4268,2.60213
8,27,4.46282,2.60223
9,27,4.32583,2.57041
10,27,4.49757,2.61891
1,28,4.98579,2.95115
2,28,5.34264,3.03511
3,28,5.28005,3.02768
4,28,5.19289,2.99569
5,28,5.21287,3.04085
6,28,5.23829,2.98407
7,28,5.29892,3.04022
8,28,5.35414,3.03174
9,28,5.29963,3.0374
10,28,5.09465,2.96812
1,29,4.23612,2.5384
2,29,4.51841,2.64089
3,29,4.58718,2.64694
4,29,4.37122,2.58422
5,29,4.61322,2.64695
6,29,4.3638,2.58258
7,29,4.43743,2.62172
8,29,4.45653,2.59918
9,29,4.48606,2.63998
10,29,4.80485,2.68637
1,30,11.4654,2.45278
2,30,11.3986,2.47652
3,30,10.9059,2.46413
4,30,11.1634,2.43864
5,30,11.4984,2.52724
6,30,11.2136,2.41529
7,30,11.3278,2.45855
8,30,11.4935,2.40659
9,30,11.3672,2.48563
10,30,11.5479,2.47835
1,31,5.81291,2.8495
2,31,5.63462,2.79699
3,31,5.49032,2.82094
4,31,6.1549,2.92148
5,31,5.81978,2.85411
6,31,5.67431,2.80988
7,31,5.93079,2.88543
8,31,6.10467,2.92591
9,31,6.23701,2.9034
10,31,5.63514,2.77696
1,32,7.0593,3.06911
2,32,7.33336,3.11413
3,32,7.42875,3.12126
4,32,7.43535,3.07735
5,32,7.62483,3.12901
6,32,7.54336,3.12141
7,32,7.67047,3.18604
8,32,7.16737,3.06116
9,32,7.73002,3.17001
10,32,7.56334,3.08228
1,33,4.47006,3.28774
2,33,4.2126,3.19981
3,33,4.44041,3.23531
4,33,4.62,3.38631
5,33,4.25329,3.19849
6,33,4.33396,3.25041
7,33,4.47606,3.28877
8,33,4.48741,3.30768
9,33,4.32537,3.20094
10,33,4.52759,3.33078
1,34,4.27825,1.83074
2,34,4.48198,1.85256
3,34,4.46684,1.85645
4,34,4.46156,1.8486
5,34,4.48381,1.85079
6,34,4.32097,1.8389
7,34,4.3296,1.82298
8,34,4.63138,1.87974
9,34,4.45037,1.87453
10,34,4.62222,1.86077
1,35,5.65329,3.67832
2,35,5.66626,3.65448
3,35,5.75885,3.68124
4,35,5.71914,3.66309
5,35,5.43274,3.60344
6,35,5.75838,3.69371
7,35,5.71022,3.65121
8,35,5.8214,3.71383
9,35,5.62276,3.60387
10,35,5.72723,3.66412
1,36,5.56439,2.63286
2,36,5.55574,2.62301
3,36,5.32171,2.62736
4,36,5.30767,2.58323
5,36,5.5685,2.64506
6,36,5.12437,2.54279
7,36,5.45264,2.64596
8,36,5.5429,2.63276
9,36,5.24903,2.58768
10,36,5.30062,2.61038
1,37,6.40588,3.93219
2,37,6.58506,3.98765
3,37,6.58466,3.92334
4,37,6.35912,3.83623
5,37,6.46951,3.88204
6,37,6.06798,3.80316
7,37,6.64587,3.94411
8,37,6.41085,3.86189
9,37,6.22587,3.82101
10,37,6.5,3.96176
1,38,5.24524,3.489
2,38,5.35846,3.51387
3,38,5.30139,3.50573
4,38,4.985,3.37912
5,38,5.42724,3.54177
6,38,5.36473,3.47031
7,38,4.9778,3.32179
8,38,5.32395,3.49359
9,38,5.24416,3.49547
10,38,5.20455,3.47018
1,39,4.31755,3.42497
2,39,4.02388,3.28162
3,39,4.22322,3.37734
4,39,3.98862,3.28625
5,39,4.0866,3.35059
6,39,4.17663,3.36842
7,39,4.23439,3.37785
8,39,4.04413,3.30555
9,39,4.11544,3.34644
10,39,4.26873,3.38759
1,40,5.52927,3.56541
2,40,5.70384,3.56417
3,40,5.79874,3.64386
4,40,5.85408,3.63694
5,40,5.88629,3.64846
6,40,5.90007,3.63749
7,40,5.68076,3.60784
8,40,5.82738,3.59873
9,40,6.03032,3.67501
10,40,5.97679,3.65732
1,41,4.43808,2.60115
2,41,4.34412,2.57803
3,41,4.63907,2.64706
4,41,4.36513,2.56891
5,41,4.62652,2.65104
6,41,4.54497,2.64188
7,41,4.58745,2.6737
8,41,4.46437,2.58352
9,41,4.48969,2.59739
10,41,4.55069,2.6818
1,42,5.50475,3.06724
2,42,5.79265,3.08352
3,42,5.45149,3.01063
4,42,5.04095,2.94542
5,42,5.47464,3.05575
6,42,5.20822,2.98259
7,42,5.45914,3.0088
8,42,5.35241,2.99896
9,42,5.54614,3.07651
10,42,5.1917,2.95019
1,43,4.8393,2.72882
2,43,4.73934,2.6805
3,43,4.59241,2.61083
4,43,4.54464,2.62089
5,43,4.6679,2.70319
6,43,4.49744,2.62905
7,43,4.80329,2.69013
8,43,4.67101,2.67149
9,43,4.69808,2.68802
10,43,4.63413,2.67072
1,44,10.9803,2.53039
2,44,11.1437,2.47568
3,44,11.2745,2.4958
4,44,11.3088,2.49911
5,44,11.4209,2.47925
6,44,11.148,2.4295
7,44,11.471,2.44952
8,44,11.1815,2.51637
9,44,11.4201,2.49319
10,44,11.6377,2.499
1,45,6.58553,3.9498
2,45,6.59963,3.88564
3,45,6.54377,3.92217
4,45,6.45694,3.91407
5,45,6.80505,3.97135
6,45,6.42937,3.8763
7,45,6.66921,3.90864
8,45,6.56066,3.92025
9,45,6.37338,3.8913
10,45,6.46995,3.87784
