rep,id,Cl,V1,Q,V2,S,R0,gamma,MTT
1,1,2.82177,0.407003,2.34107,4.95029,20.2114,983.249,0.434662,84.9758
2,1,2.82177,0.397228,2.34107,4.95029,20.2114,983.249,0.434662,84.9758
3,1,2.82177,0.40015,2.34107,4.95029,20.2114,983.249,0.434662,84.9758
4,1,2.82177,0.364699,2.34107,4.95029,20.2114,983.249,0.434662,84.9758
5,1,2.82177,0.389398,2.34107,4.95029,20.2114,983.249,0.434662,84.9758
6,1,2.82177,0.393197,2.34107,4.95029,20.2114,983.249,0.434662,84.9758
7,1,2.82177,0.391414,2.34107,4.95029,20.2114,983.249,0.434662,84.9758
8,1,2.82177,0.406432,2.34107,4.95029,20.2114,983.249,0.434662,84.9758
9,1,2.82177,0.397646,2.34107,4.95029,20.2114,983.249,0.434662,84.9758
10,1,2.82177,0.373932,2.34107,4.95029,20.2114,983.249,0.434662,84.9758
1,2,2.82177,0.525547,2.34107,4.95029,20.2114,983.249,0.434662,84.9758
2,2,2.82177,0.514213,2.34107,4.95029,20.2114,983.249,0.434662,84.9758
3,2,2.82177,0.494125,2.34107,4.95029,20.2114,983.249,0.434662,84.9758
4,2,2.82177,0.532959,2.34107,4.95029,20.2114,983.249,0.434662,84.9758
5,2,2.82177,0.522094,2.34107,4.95029,20.2114,983.249,0.434662,84.9758
6,2,2.82177,0.539814,2.34107,4.95029,20.2114,983.249,0.434662,84.9758
7,2,2.82177,0.515357,2.34107,4.95029,20.2114,983.249,0.434662,84.9758
8,2,2.82177,0.494439,2.34107,4.95029,20.2114,983.249,0.434662,84.9758
9,2,2.82177,0.523951,2.34107,4.95029,20.2114,983.249,0.434662,84.9758
10,2,2.82177,0.541397,2.34107,4.95029,20.2114,983.249,0.434662,84.9758
1,3,2.82177,0.954476,2.34107,4.95029,20.2114,983.249,0.434662,84.9758
2,3,2.82177,0.96125,2.34107,4.95029,20.2114,983.249,0.434662,84.9758
3,3,2.82177,0.963482,2.34107,4.95029,20.2114,983.249,0.434662,84.9758
4,3,2.82177,0.920854,2.34107,4.95029,20.2114,983.249,0.434662,84.9758
5,3,2.82177,0.944585,2.34107,4.95029,20.2114,983.249,0.434662,84.9758
6,3,2.82177,0.942678,2.34107,4.95029,20.2114,983.249,0.434662,84.9758
7,3,2.82177,0.97543,2.34107,4.95029,20.2114,983.249,0.434662,84.9758
8,3,2.82177,0.985221,2.34107,4.95029,20.2114,983.249,0.434662,84.9758
9,3,2.82177,0.946393,2.34107,4.95029,20.2114,983.249,0.434662,84.9758
10,3,2.82177,0.930828,2.34107,4.95029,20.2114,983.249,0.434662,84.9758
1,4,2.82177,0.731413,2.34107,4.95029,20.2114,983.249,0.434662,84.9758
2,4,2.82177,0.660223,2.34107,4.95029,20.2114,983.249,0.434662,84.9758
3,4,2.82177,0.724524,2.34107,4.95029,20.2114,983.249,0.434662,84.9758
4,4,2.82177,0.703938,2.34107,4.95029,20.2114,983.249,0.434662,84.9758
5,4,2.82177,0.706492,2.34107,4.95029,20.2114,983.249,0.434662,84.9758
6,4,2.82177,0.73416,2.34107,4.95029,20.2114,983.249,0.434662,84.9758
7,4,2.82177,0.747626,2.34107,4.95029,20.2114,983.249,0.434662,84.9758
8,4,2.82177,0.758478,2.34107,4.95029,20.2114,983.249,0.434662,84.9758
9,4,2.82177,0.742711,2.34107,4.95029,20.2114,983.249,0.434662,84.9758
10,4,2.82177,0.707685,2.34107,4.95029,20.2114,983.249,0.434662,84.9758
1,5,2.82177,1.14121,2.34107,4.95029,20.2114,983.249,0.434662,84.9758
2,5,2.82177,1.17565,2.34107,4.95029,20.2114,983.249,0.434662,84.9758
3,5,2.82177,1.19674,2.34107,4.95029,20.2114,983.249,0.434662,84.9758
4,5,2.82177,1.14186,2.34107,4.95029,20.2114,983.249,0.434662,84.9758
5,5,2.82177,1.15016,2.34107,4.95029,20.2114,983.249,0.434662,84.9758
6,5,2.82177,1.10817,2.34107,4.95029,20.2114,983.249,0.434662,84.9758
7,5,2.82177,1.14766,2.34107,4.95029,20.2114,983.249,0.434662,84.9758
8,5,2.82177,1.15877,2.34107,4.95029,20.2114,983.249,0.434662,84.9758
9,5,2.82177,1.14883,2.34107,4.95029,20.2114,983.249,0.434662,84.9758
10,5,2.82177,1.15058,2.34107,4.95029,20.2114,983.249,0.434662,84.9758
1,6,2.82177,1.03338,2.34107,4.95029,20.2114,983.249,0.434662,84.9758
2,6,2.82177,1.05523,2.34107,4.95029,20.2114,983.249,0.434662,84.9758
3,6,2.82177,0.98411,2.34107,4.95029,20.2114,983.249,0.434662,84.9758
4,6,2.82177,1.01721,2.34107,4.95029,20.2114,983.249,0.434662,84.9758
5,6,2.82177,0.992659,2.34107,4.95029,20.2114,983.249,0.434662,84.9758
6,6,2.82177,1.00037,2.34107,4.95029,20.2114,983.249,0.434662,84.9758
7,6,2.82177,1.06641,2.34107,4.95029,20.2114,983.249,0.434662,84.9758
8,6,2.82177,1.04863,2.34107,4.95029,20.2114,983.249,0.434662,84.9758
9,6,2.82177,1.02113,2.34107,4.95029,20.2114,983.249,0.434662,84.9758
10,6,2.82177,1.02073,2.34107,4.95029,20.2114,983.249,0.434662,84.9758
1,7,2.82177,0.721565,2.34107,4.95029,20.2114,983.249,0.434662,84.9758
2,7,2.82177,0.769598,2.34107,4.95029,20.2114,983.249,0.434662,84.9758
3,7,2.82177,0.717779,2.34107,4.95029,20.2114,983.249,0.434662,84.9758
4,7,2.82177,0.718388,2.34107,4.95029,20.2114,983.249,0.434662,84.9758
5,7,2.82177,0.731795,2.34107,4.95029,20.2114,983.249,0.434662,84.9758
6,7,2.82177,0.693869,2.34107,4.95029,20.2114,983.249,0.434662,84.9758
7,7,2.82177,0.76012,2.34107,4.95029,20.2114,983.249,0.434662,84.9758
8,7,2.82177,0.72689,2.34107,4.95029,20.2114,983.249,0.434662,84.9758
9,7,2.82177,0.730272,2.34107,4.95029,20.2114,983.249,0.434662,84.9758
10,7,2.82177,0.722095,2.34107,4.95029,20.2114,983.249,0.434662,84.9758
1,8,2.82177,1.09712,2.34107,4.95029,20.2114,983.249,0.434662,84.9758
2,8,2.82177,0.988461,2.34107,4.95029,20.2114,983.249,0.434662,84.9758
3,8,2.82177,0.985276,2.34107,4.95029,20.2114,983.249,0.434662,84.9758
4,8,2.82177,1.04864,2.34107,4.95029,20.2114,983.249,0.434662,84.9758
5,8,2.82177,1.07806,2.34107,4.95029,20.2114,983.249,0.434662,84.9758
6,8,2.82177,1.04844,2.34107,4.95029,20.2114,983.249,0.434662,84.9758
7,8,2.82177,1.05436,2.34107,4.95029,20.2114,983.249,0.434662,84.9758
8,8,2.82177,0.99557,2.34107,4.95029,20.2114,983.249,0.434662,84.9758
9,8,2.82177,0.99988,2.34107,4.95029,20.2114,983.249,0.434662,84.9758
10,8,2.82177,1.02906,2.34107,4.95029,20.2114,983.249,0.434662,84.9758
1,9,2.82177,0.853149,2.34107,4.95029,20.2114,983.249,0.434662,84.9758
2,9,2.82177,0.871011,2.34107,4.95029,20.2114,983.249,0.434662,84.9758
3,9,2.82177,0.875957,2.34107,4.95029,20.2114,983.249,0.434662,84.9758
4,9,2.82177,0.852153,2.34107,4.95029,20.2114,983.249,0.434662,84.9758
5,9,2.82177,0.832536,2.34107,4.95029,20.2114,983.249,0.434662,84.9758
6,9,2.82177,0.872828,2.34107,4.95029,20.2114,983.249,0.434662,84.9758
7,9,2.82177,0.901606,2.34107,4.95029,20.2114,983.249,0.434662,84.9758
8,9,2.82177,0.902802,2.34107,4.95029,20.2114,983.249,0.434662,84.9758
9,9,2.82177,0.943008,2.34107,4.95029,20.2114,983.249,0.434662,84.9758
10,9,2.82177,0.814525,2.34107,4.95029,20.2114,983.249,0.434662,84.9758
1,10,2.82177,0.93914,2.34107,4.95029,20.2114,983.249,0.434662,84.9758
2,10,2.82177,0.907574,2.34107,4.95029,20.2114,983.249,0.434662,84.9758
3,10,2.82177,0.918327,2.34107,4.95029,20.2114,983.249,0.434662,84.9758
4,10,2.82177,0.950975,2.34107,4.95029,20.2114,983.249,0.434662,84.9758
5,10,2.82177,0.950802,2.34107,4.95029,20.2114,983.249,0.434662,84.9758
6,10,2.82177,0.909032,2.34107,4.95029,20.2114,983.249,0.434662,84.9758
7,10,2.82177,0.970725,2.34107,4.95029,20.2114,983.249,0.434662,84.9758
8,10,2.82177,0.888989,2.34107,4.95029,20.2114,983.249,0.434662,84.9758
9,10,2.82177,0.942732,2.34107,4.95029,20.2114,983.249,0.434662,84.9758
10,10,2.82177,0.943348,2.34107,4.95029,20.2114,983.249,0.434662,84.9758
1,11,2.82177,1.31102,2.34107,4.95029,20.2114,983.249,0.434662,84.9758
2,11,2.82177,1.32225,2.34107,4.95029,20.2114,983.249,0.434662,84.9758
3,11,2.82177,1.33746,2.34107,4.95029,20.2114,983.249,0.434662,84.9758
4,11,2.82177,1.38737,2.34107,4.95029,20.2114,983.249,0.434662,84.9758
5,11,2.82177,1.39794,2.34107,4.95029,20.2114,983.249,0.434662,84.9758
6,11,2.82177,1.32432,2.34107,4.95029,20.2114,983.249,0.434662,84.9758
7,11,2.82177,1.21209,2.34107,4.95029,20.2114,983.249,0.434662,84.9758
8,11,2.82177,1.28931,2.34107,4.95029,20.2114,983.249,0.434662,84.9758
9,11,2.82177,1.27489,2.34107,4.95029,20.2114,983.249,0.434662,84.9758
10,11,2.82177,1.31309,2.34107,4.95029,20.2114,983.249,0.434662,84.9758
1,12,2.82177,0.606647,2.34107,4.95029,20.2114,983.249,0.434662,84.9758
2,12,2.82177,0.575612,2.34107,4.95029,20.2114,983.249,0.434662,84.9758
3,12,2.82177,0.551728,2.34107,4.95029,20.2114,983.249,0.434662,84.9758
4,12,2.82177,0.607718,2.34107,4.95029,20.2114,983.249,0.434662,84.9758
5,12,2.82177,0.600766,2.34107,4.95029,20.2114,983.249,0.434662,84.9758
6,12,2.82177,0.589904,2.34107,4.95029,20.2114,983.249,0.434662,84.9758
7,12,2.82177,0.591991,2.34107,4.95029,20.2114,983.249,0.434662,84.9758
8,12,2.82177,0.580489,2.34107,4.95029,20.2114,983.249,0.434662,84.9758
9,12,2.82177,0.615197,2.34107,4.95029,20.2114,983.249,0.434662,84.9758
10,12,2.82177,0.610971,2.34107,4.95029,20.2114,983.249,0.434662,84.9758
1,13,2.82177,0.583701,2.34107,4.95029,20.2114,983.249,0.434662,84.9758
2,13,2.82177,0.575499,2.34107,4.95029,20.2114,983.249,0.434662,84.9758
3,13,2.82177,0.596762,2.34107,4.95029,20.2114,983.249,0.434662,84.9758
4,13,2.82177,0.558399,2.34107,4.95029,20.2114,983.249,0.434662,84.9758
5,13,2.82177,0.573652,2.34107,4.95029,20.2114,983.249,0.434662,84.9758
6,13,2.82177,0.586024,2.34107,4.95029,20.2114,983.249,0.434662,84.9758
7,13,2.82177,0.581824,2.34107,4.95029,20.2114,983.249,0.434662,84.9758
8,13,2.82177,0.585341,2.34107,4.95029,20.2114,983.249,0.434662,84.9758
9,13,2.82177,0.564528,2.34107,4.95029,20.2114,983.249,0.434662,84.9758
10,13,2.82177,0.540173,2.34107,4.95029,20.2114,983.249,0.434662,84.9758
1,14,2.82177,0.641972,2.34107,4.95029,20.2114,983.249,0.434662,84.9758
2,14,2.82177,0.646859,2.34107,4.95029,20.2114,983.249,0.434662,84.9758
3,14,2.82177,0.614891,2.34107,4.95029,20.2114,983.249,0.434662,84.9758
4,14,2.82177,0.654904,2.34107,4.95029,20.2114,983.249,0.434662,84.9758
5,14,2.82177,0.622857,2.34107,4.95029,20.2114,983.249,0.434662,84.9758
6,14,2.82177,0.683368,2.34107,4.95029,20.2114,983.249,0.434662,84.9758
7,14,2.82177,0.676164,2.34107,4.95029,20.2114,983.249,0.434662,84.9758
8,14,2.82177,0.649509,2.34107,4.95029,20.2114,983.249,0.434662,84.9758
9,14,2.82177,0.684117,2.34107,4.95029,20.2114,983.249,0.434662,84.9758
10,14,2.82177,0.646852,2.34107,4.95029,20.2114,983.249,0.434662,84.9758
1,15,2.82177,0.655188,2.34107,4.95029,20.2114,983.249,0.434662,84.9758
2,15,2.82177,0.638418,2.34107,4.95029,20.2114,983.249,0.434662,84.9758
3,15,2.82177,0.6449,2.34107,4.95029,20.2114,983.249,0.434662,84.9758
4,15,2.82177,0.628558,2.34107,4.95029,20.2114,983.249,0.434662,84.9758
5,15,2.82177,0.637334,2.34107,4.95029,20.2114,983.249,0.434662,84.9758
6,15,2.82177,0.670958,2.34107,4.95029,20.2114,983.249,0.434662,84.9758
7,15,2.82177,0.705835,2.34107,4.95029,20.2114,983.249,0.434662,84.9758
8,15,2.82177,0.624303,2.34107,4.95029,20.2114,983.249,0.434662,84.9758
9,15,2.82177,0.631487,2.34107,4.95029,20.2114,983.249,0.434662,84.9758
10,15,2.82177,0.667594,2.34107,4.95029,20.2114,983.249,0.434662,84.9758
1,16,2.82177,0.610945,2.34107,4.95029,20.2114,983.249,0.434662,84.9758
2,16,2.82177,0.614078,2.34107,4.95029,20.2114,983.249,0.434662,84.9758
3,16,2.82177,0.632899,2.34107,4.95029,20.2114,983.249,0.434662,84.9758
4,16,2.82177,0.588852,2.34107,4.95029,20.2114,983.249,0.434662,84.9758
5,16,2.82177,0.612017,2.34107,4.95029,20.2114,983.249,0.434662,84.9758
6,16,2.82177,0.619275,2.34107,4.95029,20.2114,983.249,0.434662,84.9758
7,16,2.82177,0.618446,2.34107,4.95029,20.2114,983.249,0.434662,84.9758
8,16,2.82177,0.589024,2.34107,4.95029,20.2114,983.249,0.434662,84.9758
9,16,2.82177,0.615461,2.34107,4.95029,20.2114,983.249,0.434662,84.9758
10,16,2.82177,0.608572,2.34107,4.95029,20.2114,983.249,0.434662,84.9758
1,17,2.82177,0.474955,2.34107,4.95029,20.2114,983.249,0.434662,84.9758
2,17,2.82177,0.502612,2.34107,4.95029,20.2114,983.249,0.434662,84.9758
3,17,2.82177,0.481602,2.34107,4.95029,20.2114,983.249,0.434662,84.9758
4,17,2.82177,0.479525,2.34107,4.95029,20.2114,983.249,0.434662,84.9758
5,17,2.82177,0.507007,2.34107,4.95029,20.2114,983.249,0.434662,84.9758
6,17,2.82177,0.496249,2.34107,4.95029,20.2114,983.249,0.434662,84.9758
7,17,2.82177,0.50112,2.34107,4.95029,20.2114,983.249,0.434662,84.9758
8,17,2.82177,0.498925,2.34107,4.95029,20.2114,983.249,0.434662,84.9758
9,17,2.82177,0.497636,2.34107,4.95029,20.2114,983.249,0.434662,84.9758
10,17,2.82177,0.506482,2.34107,4.95029,20.2114,983.249,0.434662,84.9758
1,18,2.82177,0.642528,2.34107,4.95029,20.2114,983.249,0.434662,84.9758
2,18,2.82177,0.649212,2.34107,4.95029,20.2114,983.249,0.434662,84.9758
3,18,2.82177,0.63743,2.34107,4.95029,20.2114,983.249,0.434662,84.9758
4,18,2.82177,0.618971,2.34107,4.95029,20.2114,983.249,0.434662,84.9758
5,18,2.82177,0.632751,2.34107,4.95029,20.2114,983.249,0.434662,84.9758
6,18,2.82177,0.652504,2.34107,4.95029,20.2114,983.249,0.434662,84.9758
7,18,2.82177,0.612403,2.34107,4.95029,20.2114,983.249,0.434662,84.9758
8,18,2.82177,0.652554,2.34107,4.95029,20.2114,983.249,0.434662,84.9758
9,18,2.82177,0.673778,2.34107,4.95029,20.2114,983.249,0.434662,84.9758
10,18,2.82177,0.63147,2.34107,4.95029,20.2114,983.249,0.434662,84.9758
1,19,2.82177,0.999606,2.34107,4.95029,20.2114,983.249,0.434662,84.9758
2,19,2.82177,0.997084,2.34107,4.95029,20.2114,983.249,0.434662,84.9758
3,19,2.82177,0.985777,2.34107,4.95029,20.2114,983.249,0.434662,84.9758
4,19,2.82177,0.913705,2.34107,4.95029,20.2114,983.249,0.434662,84.9758
5,19,2.82177,0.927719,2.34107,4.95029,20.2114,983.249,0.434662,84.9758
6,19,2.82177,0.899727,2.34107,4.95029,20.2114,983.249,0.434662,84.9758
7,19,2.82177,0.928456,2.34107,4.95029,20.2114,983.249,0.434662,84.9758
8,19,2.82177,0.925833,2.34107,4.95029,20.2114,983.249,0.434662,84.9758
9,19,2.82177,0.899443,2.34107,4.95029,20.2114,983.249,0.434662,84.9758
10,19,2.82177,0.984364,2.34107,4.95029,20.2114,983.249,0.434662,84.9758
1,20,2.82177,0.47673,2.34107,4.95029,20.2114,983.249,0.434662,84.9758
2,20,2.82177,0.475377,2.34107,4.95029,20.2114,983.249,0.434662,84.9758
3,20,2.82177,0.48586,2.34107,4.95029,20.2114,983.249,0.434662,84.9758
4,20,2.82177,0.4747,2.34107,4.95029,20.2114,983.249,0.434662,84.9758
5,20,2.82177,0.493022,2.34107,4.95029,20.2114,983.249,0.434662,84.9758
6,20,2.82177,0.497631,2.34107,4.95029,20.2114,983.249,0.434662,84.9758
7,20,2.82177,0.498414,2.34107,4.95029,20.2114,983.249,0.434662,84.9758
8,20,2.82177,0.476647,2.34107,4.95029,20.2114,983.249,0.434662,84.9758
9,20,2.82177,0.479326,2.34107,4.95029,20.2114,983.249,0.434662,84.9758
10,20,2.82177,0.489953,2.34107,4.95029,20.2114,983.249,0.434662,84.9758
1,21,2.82177,0.733837,2.34107,4.95029,20.2114,983.249,0.434662,84.9758
2,21,2.82177,0.846335,2.34107,4.95029,20.2114,983.249,0.434662,84.9758
3,21,2.82177,0.760535,2.34107,4.95029,20.2114,983.249,0.434662,84.9758
4,21,2.82177,0.82014,2.34107,4.95029,20.2114,983.249,0.434662,84.9758
5,21,2.82177,0.714336,2.34107,4.95029,20.2114,983.249,0.434662,84.9758
6,21,2.82177,0.772046,2.34107,4.95029,20.2114,983.249,0.434662,84.9758
7,21,2.82177,0.774657,2.34107,4.95029,20.2114,983.249,0.434662,84.9758
8,21,2.82177,0.844628,2.34107,4.95029,20.2114,983.249,0.434662,84.9758
9,21,2.82177,0.756893,2.34107,4.95029,20.2114,983.249,0.434662,84.9758
10,21,2.82177,0.768023,2.34107,4.95029,20.2114,983.249,0.434662,84.9758
1,22,2.82177,0.49465,2.34107,4.95029,20.2114,983.249,0.434662,84.9758
2,22,2.82177,0.464738,2.34107,4.95029,20.2114,983.249,0.434662,84.9758
3,22,2.82177,0.475641,2.34107,4.95029,20.2114,983.249,0.434662,84.9758
4,22,2.82177,0.447359,2.34107,4.95029,20.2114,983.249,0.434662,84.9758
5,22,2.82177,0.500603,2.34107,4.95029,20.2114,983.249,0.434662,84.9758
6,22,2.82177,0.4293,2.34107,4.95029,20.2114,983.249,0.434662,84.9758
7,22,2.82177,0.45131,2.34107,4.95029,20.2114,983.249,0.434662,84.9758
8,22,2.82177,0.476548,2.34107,4.95029,20.2114,983.249,0.434662,84.9758
9,22,2.82177,0.451003,2.34107,4.95029,20.2114,983.249,0.434662,84.9758
10,22,2.82177,0.478667,2.34107,4.95029,20.2114,983.249,0.434662,84.9758
1,23,2.82177,1.31976,2.34107,4.95029,20.2114,983.249,0.434662,84.9758
2,23,2.82177,1.25289,2.34107,4.95029,20.2114,983.249,0.434662,84.9758
3,23,2.82177,1.23627,2.34107,4.95029,20.2114,983.249,0.434662,84.9758
4,23,2.82177,1.19801,2.34107,4.95029,20.2114,983.249,0.434662,84.9758
5,23,2.82177,1.22003,2.34107,4.95029,20.2114,983.249,0.434662,84.9758
6,23,2.82177,1.23773,2.34107,4.95029,20.2114,983.249,0.434662,84.9758
7,23,2.82177,1.21725,2.34107,4.95029,20.2114,983.249,0.434662,84.9758
8,23,2.82177,1.23154,2.34107,4.95029,20.2114,983.249,0.434662,84.9758
9,23,2.82177,1.2097,2.34107,4.95029,20.2114,983.249,0.434662,84.9758
10,23,2.82177,1.21659,2.34107,4.95029,20.2114,983.249,0.434662,84.9758
1,24,2.82177,0.765784,2.34107,4.95029,20.2114,983.249,0.434662,84.9758
2,24,2.82177,0.765196,2.34107,4.95029,20.2114,983.249,0.434662,84.9758
3,24,2.82177,0.799777,2.34107,4.95029,20.2114,983.249,0.434662,84.9758
4,24,2.82177,0.744392,2.34107,4.95029,20.2114,983.249,0.434662,84.9758
5,24,2.82177,0.786258,2.34107,4.95029,20.2114,983.249,0.434662,84.9758
6,24,2.82177,0.740969,2.34107,4.95029,20.2114,983.249,0.434662,84.9758
7,24,2.82177,0.744804,2.34107,4.95029,20.2114,983.249,0.434662,84.9758
8,24,2.82177,0.740079,2.34107,4.95029,20.2114,983.249,0.434662,84.9758
9,24,2.82177,0.779264,2.34107,4.95029,20.2114,983.249,0.434662,84.9758
10,24,2.82177,0.755757,2.34107,4.95029,20.2114,983.249,0.434662,84.9758
1,25,2.82177,0.594223,2.34107,4.95029,20.2114,983.249,0.434662,84.9758
2,25,2.82177,0.647143,2.34107,4.95029,20.2114,983.249,0.434662,84.9758
3,25,2.82177,0.626013,2.34107,4.95029,20.2114,983.249,0.434662,84.9758
4,25,2.82177,0.589137,2.34107,4.95029,20.2114,983.249,0.434662,84.9758
5,25,2.82177,0.59498,2.34107,4.95029,20.2114,983.249,0.434662,84.9758
6,25,2.82177,0.649404,2.34107,4.95029,20.2114,983.249,0.434662,84.9758
7,25,2.82177,0.635802,2.34107,4.95029,20.2114,983.249,0.434662,84.9758
8,25,2.82177,0.628595,2.34107,4.95029,20.2114,983.249,0.434662,84.9758
9,25,2.82177,0.649821,2.34107,4.95029,20.2114,983.249,0.434662,84.9758
10,25,2.82177,0.608827,2.34107,4.95029,20.2114,983.249,0.434662,84.9758
1,26,2.82177,0.539524,2.34107,4.95029,20.2114,983.249,0.434662,84.9758
2,26,2.82177,0.511215,2.34107,4.95029,20.2114,983.249,0.434662,84.9758
3,26,2.82177,0.543011,2.34107,4.95029,20.2114,983.249,0.434662,84.9758
4,26,2.82177,0.536013,2.34107,4.95029,20.2114,983.249,0.434662,84.9758
5,26,2.82177,0.519397,2.34107,4.95029,20.2114,983.249,0.434662,84.9758
6,26,2.82177,0.54579,2.34107,4.95029,20.2114,983.249,0.434662,84.9758
7,26,2.82177,0.523792,2.34107,4.95029,20.2114,983.249,0.434662,84.9758
8,26,2.82177,0.52637,2.34107,4.95029,20.2114,983.249,0.434662,84.9758
9,26,2.82177,0.540557,2.34107,4.95029,20.2114,983.249,0.434662,84.9758
10,26,2.82177,0.548568,2.34107,4.95029,20.2114,983.249,0.434662,84.9758
1,27,2.82177,0.558904,2.34107,4.95029,20.2114,983.249,0.434662,84.9758
2,27,2.82177,0.581376,2.34107,4.95029,20.2114,983.249,0.434662,84.9758
3,27,2.82177,0.581321,2.34107,4.95029,20.2114,983.249,0.434662,84.9758
4,27,2.82177,0.591553,2.34107,4.95029,20.2114,983.249,0.434662,84.9758
5,27,2.82177,0.578126,2.34107,4.95029,20.2114,983.249,0.434662,84.9758
6,27,2.82177,0.567731,2.34107,4.95029,20.2114,983.249,0.434662,84.9758
7,27,2.82177,0.611746,2.34107,4.95029,20.2114,983.249,0.434662,84.9758
8,27,2.82177,0.581151,2.34107,4.95029,20.2114,983.249,0.434662,84.9758
9,27,2.82177,0.583795,2.34107,4.95029,20.2114,983.249,0.434662,84.9758
10,27,2.82177,0.614841,2.34107,4.95029,20.2114,983.249,0.434662,84.9758
1,28,2.82177,0.930021,2.34107,4.95029,20.2114,983.249,0.434662,84.9758
2,28,2.82177,0.985612,2.34107,4.95029,20.2114,983.249,0.434662,84.9758
3,28,2.82177,0.927123,2.34107,4.95029,20.2114,983.249,0.434662,84.9758
4,28,2.82177,0.936142,2.34107,4.95029,20.2114,983.249,0.434662,84.9758
5,28,2.82177,0.928293,2.34107,4.95029,20.2114,983.249,0.434662,84.9758
6,28,2.82177,0.960509,2.34107,4.95029,20.2114,983.249,0.434662,84.9758
7,28,2.82177,0.931914,2.34107,4.95029,20.2114,983.249,0.434662,84.9758
8,28,2.82177,0.933565,2.34107,4.95029,20.2114,983.249,0.434662,84.9758
9,28,2.82177,0.926766,2.34107,4.95029,20.2114,983.249,0.434662,84.9758
10,28,2.82177,1.03418,2.34107,4.95029,20.2114,983.249,0.434662,84.9758
1,29,2.82177,0.626337,2.34107,4.95029,20.2114,983.249,0.434662,84.9758
2,29,2.82177,0.633749,2.34107,4.95029,20.2114,983.249,0.434662,84.9758
3,29,2.82177,0.586073,2.34107,4.95029,20.2114,983.249,0.434662,84.9758
4,29,2.82177,0.60935,2.34107,4.95029,20.2114,983.249,0.434662,84.9758
5,29,2.82177,0.587432,2.34107,4.95029,20.2114,983.249,0.434662,84.9758
6,29,2.82177,0.629721,2.34107,4.95029,20.2114,983.249,0.434662,84.9758
7,29,2.82177,0.619124,2.34107,4.95029,20.2114,983.249,0.434662,84.9758
8,29,2.82177,0.677656,2.34107,4.95029,20.2114,983.249,0.434662,84.9758
9,29,2.82177,0.606579,2.34107,4.95029,20.2114,983.249,0.434662,84.9758
10,29,2.82177,0.637598,2.34107,4.95029,20.2114,983.249,0.434662,84.9758
1,30,2.82177,1.12151,2.34107,4.95029,20.2114,983.249,0.434662,84.9758
2,30,2.82177,1.12217,2.34107,4.95029,20.2114,983.249,0.434662,84.9758
3,30,2.82177,1.07468,2.34107,4.95029,20.2114,983.249,0.434662,84.9758
4,30,2.82177,1.12152,2.34107,4.95029,20.2114,983.249,0.434662,84.9758
5,30,2.82177,1.08829,2.34107,4.95029,20.2114,983.249,0.434662,84.9758
6,30,2.82177,1.08853,2.34107,4.95029,20.2114,983.249,0.434662,84.9758
7,30,2.82177,1.12964,2.34107,4.95029,20.2114,983.249,0.434662,84.9758
8,30,2.82177,1.16247,2.34107,4.95029,20.2114,983.249,0.434662,84.9758
9,30,2.82177,1.11051,2.34107,4.95029,20.2114,983.249,0.434662,84.9758
10,30,2.82177,1.03917,2.34107,4.95029,20.2114,983.249,0.434662,84.9758
1,31,2.82177,0.771679,2.34107,4.95029,20.2114,983.249,0.434662,84.9758
2,31,2.82177,0.800922,2.34107,4.95029,20.2114,983.249,0.434662,84.9758
3,31,2.82177,0.825802,2.34107,4.95029,20.2114,983.249,0.434662,84.9758
4,31,2.82177,0.758813,2.34107,4.95029,20.2114,983.249,0.434662,84.9758
5,31,2.82177,0.777884,2.34107,4.95029,20.2114,983.249,0.434662,84.9758
6,31,2.82177,0.803526,2.34107,4.95029,20.2114,983.249,0.434662,84.9758
7,31,2.82177,0.83587,2.34107,4.95029,20.2114,983.249,0.434662,84.9758
8,31,2.82177,0.798114,2.34107,4.95029,20.2114,983.249,0.434662,84.9758
9,31,2.82177,0.813076,2.34107,4.95029,20.2114,983.249,0.434662,84.9758
10,31,2.82177,0.81844,2.34107,4.95029,20.2114,983.249,0.434662,84.9758
1,32,2.82177,0.333389,2.34107,4.95029,20.2114,983.249,0.434662,84.9758
2,32,2.82177,0.341538,2.34107,4.95029,20.2114,983.249,0.434662,84.9758
3,32,2.82177,0.333934,2.34107,4.95029,20.2114,983.249,0.434662,84.9758
4,32,2.82177,0.322873,2.34107,4.95029,20.2114,983.249,0.434662,84.9758
5,32,2.82177,0.306496,2.34107,4.95029,20.2114,983.249,0.434662,84.9758
6,32,2.82177,0.335139,2.34107,4.95029,20.2114,983.249,0.434662,84.9758
7,32,2.82177,0.338565,2.34107,4.95029,20.2114,983.249,0.434662,84.9758
8,32,2.82177,0.332794,2.34107,4.95029,20.2114,983.249,0.434662,84.9758
9,32,2.82177,0.339007,2.34107,4.95029,20.2114,983.249,0.434662,84.9758
10,32,2.82177,0.319061,2.34107,4.95029,20.2114,983.249,0.434662,84.9758
1,33,2.82177,0.770589,2.34107,4.95029,20.2114,983.249,0.434662,84.9758
2,33,2.82177,0.770961,2.34107,4.95029,20.2114,983.249,0.434662,84.9758
3,33,2.82177,0.774741,2.34107,4.95029,20.2114,983.249,0.434662,84.9758
4,33,2.82177,0.776573,2.34107,4.95029,20.2114,983.249,0.434662,84.9758
5,33,2.82177,0.755911,2.34107,4.95029,20.2114,983.249,0.434662,84.9758
6,33,2.82177,0.839498,2.34107,4.95029,20.2114,983.249,0.434662,84.9758
7,33,2.82177,0.791973,2.34107,4.95029,20.2114,983.249,0.434662,84.9758
8,33,2.82177,0.809726,2.34107,4.95029,20.2114,983.249,0.434662,84.9758
9,33,2.82177,0.740674,2.34107,4.95029,20.2114,983.249,0.434662,84.9758
10,33,2.82177,0.810291,2.34107,4.95029,20.2114,983.249,0.434662,84.9758
1,34,2.82177,0.924355,2.34107,4.95029,20.2114,983.249,0.434662,84.9758
2,34,2.82177,0.907437,2.34107,4.95029,20.2114,983.249,0.434662,84.9758
3,34,2.82177,0.90376,2.34107,4.95029,20.2114,983.249,0.434662,84.9758
4,34,2.82177,0.946642,2.34107,4.95029,20.2114,983.249,0.434662,84.9758
5,34,2.82177,0.895014,2.34107,4.95029,20.2114,983.249,0.434662,84.9758
6,34,2.82177,0.901146,2.34107,4.95029,20.2114,983.249,0.434662,84.9758
7,34,2.82177,0.939683,2.34107,4.95029,20.2114,983.249,0.434662,84.9758
8,34,2.82177,0.950232,2.34107,4.95029,20.2114,983.249,0.434662,84.9758
9,34,2.82177,0.951098,2.34107,4.95029,20.2114,983.249,0.434662,84.9758
10,34,2.82177,0.915237,2.34107,4.95029,20.2114,983.249,0.434662,84.9758
1,35,2.82177,0.493067,2.34107,4.95029,20.2114,983.249,0.434662,84.9758
2,35,2.82177,0.476443,2.34107,4.95029,20.2114,983.249,0.434662,84.9758
3,35,2.82177,0.470914,2.34107,4.95029,20.2114,983.249,0.434662,84.9758
4,35,2.82177,0.498553,2.34107,4.95029,20.2114,983.249,0.434662,84.9758
5,35,2.82177,0.500013,2.34107,4.95029,20.2114,983.249,0.434662,84.9758
6,35,2.82177,0.499053,2.34107,4.95029,20.2114,983.249,0.434662,84.9758
7,35,2.82177,0.486529,2.34107,4.95029,20.2114,983.249,0.434662,84.9758
8,35,2.82177,0.502716,2.34107,4.95029,20.2114,983.249,0.434662,84.9758
9,35,2.82177,0.492434,2.34107,4.95029,20.2114,983.249,0.434662,84.9758
10,35,2.82177,0.493264,2.34107,4.95029,20.2114,983.249,0.434662,84.9758
1,36,2.82177,0.438486,2.34107,4.95029,20.2114,983.249,0.434662,84.9758
2,36,2.82177,0.393809,2.34107,4.95029,20.2114,983.249,0.434662,84.9758
3,36,2.82177,0.423985,2.34107,4.95029,20.2114,983.249,0.434662,84.9758
4,36,2.82177,0.426011,2.34107,4.95029,20.2114,983.249,0.434662,84.9758
5,36,2.82177,0.449996,2.34107,4.95029,20.2114,983.249,0.434662,84.9758
6,36,2.82177,0.411519,2.34107,4.95029,20.2114,983.249,0.434662,84.9758
7,36,2.82177,0.420194,2.34107,4.95029,20.2114,983.249,0.434662,84.9758
8,36,2.82177,0.444461,2.34107,4.95029,20.2114,983.249,0.434662,84.9758
9,36,2.82177,0.416285,2.34107,4.95029,20.2114,983.249,0.434662,84.9758
10,36,2.82177,0.407367,2.34107,4.95029,20.2114,983.249,0.434662,84.9758
1,37,2.82177,0.583511,2.34107,4.95029,20.2114,983.249,0.434662,84.9758
2,37,2.82177,0.544268,2.34107,4.95029,20.2114,983.249,0.434662,84.9758
3,37,2.82177,0.548336,2.34107,4.95029,20.2114,983.249,0.434662,84.9758
4,37,2.82177,0.533689,2.34107,4.95029,20.2114,983.249,0.434662,84.9758
5,37,2.82177,0.546544,2.34107,4.95029,20.2114,983.249,0.434662,84.9758
6,37,2.82177,0.581364,2.34107,4.95029,20.2114,983.249,0.434662,84.9758
7,37,2.82177,0.556687,2.34107,4.95029,20.2114,983.249,0.434662,84.9758
8,37,2.82177,0.564037,2.34107,4.95029,20.2114,983.249,0.434662,84.9758
9,37,2.82177,0.556687,2.34107,4.95029,20.2114,983.249,0.434662,84.9758
10,37,2.82177,0.559424,2.34107,4.95029,20.2114,983.249,0.434662,84.9758
1,38,2.82177,0.500393,2.34107,4.95029,20.2114,983.249,0.434662,84.9758
2,38,2.82177,0.490932,2.34107,4.95029,20.2114,983.249,0.434662,84.9758
3,38,2.82177,0.554274,2.34107,4.95029,20.2114,983.249,0.434662,84.9758
4,38,2.82177,0.550192,2.34107,4.95029,20.2114,983.249,0.434662,84.9758
5,38,2.82177,0.506449,2.34107,4.95029,20.2114,983.249,0.434662,84.9758
6,38,2.82177,0.556981,2.34107,4.95029,20.2114,983.249,0.434662,84.9758
7,38,2.82177,0.528482,2.34107,4.95029,20.2114,983.249,0.434662,84.9758
8,38,2.82177,0.549692,2.34107,4.95029,20.2114,983.249,0.434662,84.9758
9,38,2.82177,0.510835,2.34107,4.95029,20.2114,983.249,0.434662,84.9758
10,38,2.82177,0.528703,2.34107,4.95029,20.2114,983.249,0.434662,84.9758
1,39,2.82177,0.603096,2.34107,4.95029,20.2114,983.249,0.434662,84.9758
2,39,2.82177,0.598559,2.34107,4.95029,20.2114,983.249,0.434662,84.9758
3,39,2.82177,0.577351,2.34107,4.95029,20.2114,983.249,0.434662,84.9758
4,39,2.82177,0.597073,2.34107,4.95029,20.2114,983.249,0.434662,84.9758
5,39,2.82177,0.554157,2.34107,4.95029,20.2114,983.249,0.434662,84.9758
6,39,2.82177,0.594127,2.34107,4.95029,20.2114,983.249,0.434662,84.9758
7,39,2.82177,0.609542,2.34107,4.95029,20.2114,983.249,0.434662,84.9758
8,39,2.82177,0.560752,2.34107,4.95029,20.2114,983.249,0.434662,84.9758
9,39,2.82177,0.580934,2.34107,4.95029,20.2114,983.249,0.434662,84.9758
10,39,2.82177,0.55587,2.34107,4.95029,20.2114,983.249,0.434662,84.9758
1,40,2.82177,1.13252,2.34107,4.95029,20.2114,983.249,0.434662,84.9758
2,40,2.82177,1.08856,2.34107,4.95029,20.2114,983.249,0.434662,84.9758
3,40,2.82177,1.10244,2.34107,4.95029,20.2114,983.249,0.434662,84.9758
4,40,2.82177,1.07243,2.34107,4.95029,20.2114,983.249,0.434662,84.9758
5,40,2.82177,1.04628,2.34107,4.95029,20.2114,983.249,0.434662,84.9758
6,40,2.82177,1.04768,2.34107,4.95029,20.2114,983.249,0.434662,84.9758
7,40,2.82177,1.09813,2.34107,4.95029,20.2114,983.249,0.434662,84.9758
8,40,2.82177,1.02737,2.34107,4.95029,20.2114,983.249,0.434662,84.9758
9,40,2.82177,1.05404,2.34107,4.95029,20.2114,983.249,0.434662,84.9758
10,40,2.82177,1.12736,2.34107,4.95029,20.2114,983.249,0.434662,84.9758
1,41,2.82177,0.744847,2.34107,4.95029,20.2114,983.249,0.434662,84.9758
2,41,2.82177,0.722707,2.34107,4.95029,20.2114,983.249,0.434662,84.9758
3,41,2.82177,0.743868,2.34107,4.95029,20.2114,983.249,0.434662,84.9758
4,41,2.82177,0.755209,2.34107,4.95029,20.2114,983.249,0.434662,84.9758
5,41,2.82177,0.768656,2.34107,4.95029,20.2114,983.249,0.434662,84.9758
6,41,2.82177,0.751822,2.34107,4.95029,20.2114,983.249,0.434662,84.9758
7,41,2.82177,0.719252,2.34107,4.95029,20.2114,983.249,0.434662,84.9758
8,41,2.82177,0.783288,2.34107,4.95029,20.2114,983.249,0.434662,84.9758
9,41,2.82177,0.751625,2.34107,4.95029,20.2114,983.249,0.434662,84.9758
10,41,2.82177,0.756601,2.34107,4.95029,20.2114,983.249,0.434662,84.9758
1,42,2.82177,0.76258,2.34107,4.95029,20.2114,983.249,0.434662,84.9758
2,42,2.82177,0.792825,2.34107,4.95029,20.2114,983.249,0.434662,84.9758
3,42,2.82177,0.770338,2.34107,4.95029,20.2114,983.249,0.434662,84.9758
4,42,2.82177,0.813061,2.34107,4.95029,20.2114,983.249,0.434662,84.9758
5,42,2.82177,0.770853,2.34107,4.95029,20.2114,983.249,0.434662,84.9758
6,42,2.82177,0.826962,2.34107,4.95029,20.2114,983.249,0.434662,84.9758
7,42,2.82177,0.770885,2.34107,4.95029,20.2114,983.249,0.434662,84.9758
8,42,2.82177,0.811904,2.34107,4.95029,20.2114,983.249,0.434662,84.9758
9,42,2.82177,0.775589,2.34107,4.95029,20.2114,983.249,0.434662,84.9758
10,42,2.82177,0.766431,2.34107,4.95029,20.2114,983.249,0.434662,84.9758
1,43,2.82177,0.586925,2.34107,4.95029,20.2114,983.249,0.434662,84.9758
2,43,2.82177,0.557513,2.34107,4.95029,20.2114,983.249,0.434662,84.9758
3,43,2.82177,0.528268,2.34107,4.95029,20.2114,983.249,0.434662,84.9758
4,43,2.82177,0.549747,2.34107,4.95029,20.2114,983.249,0.434662,84.9758
5,43,2.82177,0.542694,2.34107,4.95029,20.2114,983.249,0.434662,84.9758
6,43,2.82177,0.547553,2.34107,4.95029,20.2114,983.249,0.434662,84.9758
7,43,2.82177,0.543615,2.34107,4.95029,20.2114,983.249,0.434662,84.9758
8,43,2.82177,0.53446,2.34107,4.95029,20.2114,983.249,0.434662,84.9758
9,43,2.82177,0.580017,2.34107,4.95029,20.2114,983.249,0.434662,84.9758
10,43,2.82177,0.578594,2.34107,4.95029,20.2114,983.249,0.434662,84.9758
1,44,2.82177,0.784445,2.34107,4.95029,20.2114,983.249,0.434662,84.9758
2,44,2.82177,0.722645,2.34107,4.95029,20.2114,983.249,0.434662,84.9758
3,44,2.82177,0.806103,2.34107,4.95029,20.2114,983.249,0.434662,84.9758
4,44,2.82177,0.765724,2.34107,4.95029,20.2114,983.249,0.434662,84.9758
5,44,2.82177,0.773552,2.34107,4.95029,20.2114,983.249,0.434662,84.9758
6,44,2.82177,0.810134,2.34107,4.95029,20.2114,983.249,0.434662,84.9758
7,44,2.82177,0.794656,2.34107,4.95029,20.2114,983.249,0.434662,84.9758
8,44,2.82177,0.779797,2.34107,4.95029,20.2114,983.249,0.434662,84.9758
9,44,2.82177,0.812734,2.34107,4.95029,20.2114,983.249,0.434662,84.9758
10,44,2.82177,0.815406,2.34107,4.95029,20.2114,983.249,0.434662,84.9758
1,45,2.82177,0.478771,2.34107,4.95029,20.2114,983.249,0.434662,84.9758
2,45,2.82177,0.494802,2.34107,4.95029,20.2114,983.249,0.434662,84.9758
3,45,2.82177,0.512822,2.34107,4.95029,20.2114,983.249,0.434662,84.9758
4,45,2.82177,0.498299,2.34107,4.95029,20.2114,983.249,0.434662,84.9758
5,45,2.82177,0.483333,2.34107,4.95029,20.2114,983.249,0.434662,84.9758
6,45,2.82177,0.482857,2.34107,4.95029,20.2114,983.249,0.434662,84.9758
7,45,2.82177,0.501612,2.34107,4.95029,20.2114,983.249,0.434662,84.9758
8,45,2.82177,0.478661,2.34107,4.95029,20.2114,983.249,0.434662,84.9758
9,45,2.82177,0.46642,2.34107,4.95029,20.2114,983.249,0.434662,84.9758
10,45,2.82177,0.482045,2.34107,4.95029,20.2114,983.249,0.434662,84.9758
