rep,id,eta_Cl,eta_V1,eta_Q,eta_V2,eta_S,eta_R0,eta_gamma,eta_MTT
1,1,0,-0.532737,0,0,0,0,0,0
2,1,0,-0.557047,0,0,0,0,0,0
3,1,0,-0.549719,0,0,0,0,0,0
4,1,0,-0.642485,0,0,0,0,0,0
5,1,0,-0.576956,0,0,0,0,0,0
6,1,0,-0.567247,0,0,0,0,0,0
7,1,0,-0.571791,0,0,0,0,0,0
8,1,0,-0.534142,0,0,0,0,0,0
9,1,0,-0.555996,0,0,0,0,0,0
10,1,0,-0.617485,0,0,0,0,0,0
1,2,0,-0.277119,0,0,0,0,0,0
2,2,0,-0.298919,0,0,0,0,0,0
3,2,0,-0.33877,0,0,0,0,0,0
4,2,0,-0.263113,0,0,0,0,0,0
5,2,0,-0.283709,0,0,0,0,0,0
6,2,0,-0.250333,0,0,0,0,0,0
7,2,0,-0.296697,0,0,0,0,0,0
8,2,0,-0.338134,0,0,0,0,0,0
9,2,0,-0.28016,0,0,0,0,0,0
10,2,0,-0.247406,0,0,0,0,0,0
1,3,0,0.319605,0,0,0,0,0,0
2,3,0,0.326677,0,0,0,0,0,0
3,3,0,0.328996,0,0,0,0,0,0
4,3,0,0.283744,0,0,0,0,0,0
5,3,0,0.309188,0,0,0,0,0,0
6,3,0,0.307167,0,0,0,0,0,0
7,3,0,0.341321,0,0,0,0,0,0
8,3,0,0.351308,0,0,0,0,0,0
9,3,0,0.3111,0,0,0,0,0,0
10,3,0,0.294516,0,0,0,0,0,0
1,4,0,0.0534208,0,0,0,0,0,0
2,4,0,-0.0489807,0,0,0,0,0,0
3,4,0,0.0439574,0,0,0,0,0,0
4,4,0,0.0151321,0,0,0,0,0,0
5,4,0,0.0187536,0,0,0,0,0,0
6,4,0,0.0571694,0,0,0,0,0,0
7,4,0,0.0753447,0,0,0,0,0,0
8,4,0,0.0897561,0,0,0,0,0,0
9,4,0,0.068749,0,0,0,0,0,0
10,4,0,0.020441,0,0,0,0,0,0
1,5,0,0.498287,0,0,0,0,0,0
2,5,0,0.528022,0,0,0,0,0,0
3,5,0,0.545796,0,0,0,0,0,0
4,5,0,0.498859,0,0,0,0,0,0
5,5,0,0.506103,0,0,0,0,0,0
6,5,0,0.468907,0,0,0,0,0,0
7,5,0,0.503919,0,0,0,0,0,0
8,5,0,0.513553,0,0,0,0,0,0
9,5,0,0.504944,0,0,0,0,0,0
10,5,0,0.506464,0,0,0,0,0,0
1,6,0,0.399031,0,0,0,0,0,0
2,6,0,0.419952,0,0,0,0,0,0
3,6,0,0.35018,0,0,0,0,0,0
4,6,0,0.383258,0,0,0,0,0,0
5,6,0,0.358829,0,0,0,0,0,0
6,6,0,0.366569,0,0,0,0,0,0
7,6,0,0.430491,0,0,0,0,0,0
8,6,0,0.41368,0,0,0,0,0,0
9,6,0,0.387103,0,0,0,0,0,0
10,6,0,0.386718,0,0,0,0,0,0
1,7,0,0.0398643,0,0,0,0,0,0
2,7,0,0.104311,0,0,0,0,0,0
3,7,0,0.0346041,0,0,0,0,0,0
4,7,0,0.0354525,0,0,0,0,0,0
5,7,0,0.0539434,0,0,0,0,0,0
6,7,0,0.000725831,0,0,0,0,0,0
7,7,0,0.0919182,0,0,0,0,0,0
8,7,0,0.0472171,0,0,0,0,0,0
9,7,0,0.0518594,0,0,0,0,0,0
10,7,0,0.0405995,0,0,0,0,0,0
1,8,0,0.458882,0,0,0,0,0,0
2,8,0,0.354591,0,0,0,0,0,0
3,8,0,0.351364,0,0,0,0,0,0
4,8,0,0.413692,0,0,0,0,0,0
5,8,0,0.44136,0,0,0,0,0,0
6,8,0,0.413504,0,0,0,0,0,0
7,8,0,0.419133,0,0,0,0,0,0
8,8,0,0.361758,0,0,0,0,0,0
9,8,0,0.366078,0,0,0,0,0,0
10,8,0,0.394847,0,0,0,0,0,0
1,9,0,0.207377,0,0,0,0,0,0
2,9,0,0.228097,0,0,0,0,0,0
3,9,0,0.233759,0,0,0,0,0,0
4,9,0,0.206208,0,0,0,0,0,0
5,9,0,0.182918,0,0,0,0,0,0
6,9,0,0.230181,0,0,0,0,0,0
7,9,0,0.26262,0,0,0,0,0,0
8,9,0,0.263946,0,0,0,0,0,0
9,9,0,0.307517,0,0,0,0,0,0
10,9,0,0.161047,0,0,0,0,0,0
1,10,0,0.303407,0,0,0,0,0,0
2,10,0,0.269218,0,0,0,0,0,0
3,10,0,0.280996,0,0,0,0,0,0
4,10,0,0.315931,0,0,0,0,0,0
5,10,0,0.315749,0,0,0,0,0,0
6,10,0,0.270823,0,0,0,0,0,0
7,10,0,0.336486,0,0,0,0,0,0
8,10,0,0.248528,0,0,0,0,0,0
9,10,0,0.307224,0,0,0,0,0,0
10,10,0,0.307878,0,0,0,0,0,0
1,11,0,0.637001,0,0,0,0,0,0
2,11,0,0.645532,0,0,0,0,0,0
3,11,0,0.656971,0,0,0,0,0,0
4,11,0,0.693608,0,0,0,0,0,0
5,11,0,0.701195,0,0,0,0,0,0
6,11,0,0.647099,0,0,0,0,0,0
7,11,0,0.55854,0,0,0,0,0,0
8,11,0,0.620301,0,0,0,0,0,0
9,11,0,0.609056,0,0,0,0,0,0
10,11,0,0.638583,0,0,0,0,0,0
1,12,0,-0.13361,0,0,0,0,0,0
2,12,0,-0.186124,0,0,0,0,0,0
3,12,0,-0.228503,0,0,0,0,0,0
4,12,0,-0.131847,0,0,0,0,0,0
5,12,0,-0.143352,0,0,0,0,0,0
6,12,0,-0.161597,0,0,0,0,0,0
7,12,0,-0.158067,0,0,0,0,0,0
8,12,0,-0.177688,0,0,0,0,0,0
9,12,0,-0.119615,0,0,0,0,0,0
10,12,0,-0.126508,0,0,0,0,0,0
1,13,0,-0.172168,0,0,0,0,0,0
2,13,0,-0.18632,0,0,0,0,0,0
3,13,0,-0.15004,0,0,0,0,0,0
4,13,0,-0.216484,0,0,0,0,0,0
5,13,0,-0.189534,0,0,0,0,0,0
6,13,0,-0.168197,0,0,0,0,0,0
7,13,0,-0.17539,0,0,0,0,0,0
8,13,0,-0.169363,0,0,0,0,0,0
9,13,0,-0.205567,0,0,0,0,0,0
10,13,0,-0.249668,0,0,0,0,0,0
1,14,0,-0.077013,0,0,0,0,0,0
2,14,0,-0.0694297,0,0,0,0,0,0
3,14,0,-0.120113,0,0,0,0,0,0
4,14,0,-0.0570687,0,0,0,0,0,0
5,14,0,-0.107241,0,0,0,0,0,0
6,14,0,-0.014524,0,0,0,0,0,0
7,14,0,-0.0251219,0,0,0,0,0,0
8,14,0,-0.0653413,0,0,0,0,0,0
9,14,0,-0.0134282,0,0,0,0,0,0
10,14,0,-0.0694407,0,0,0,0,0,0
1,15,0,-0.0566358,0,0,0,0,0,0
2,15,0,-0.0825639,0,0,0,0,0,0
3,15,0,-0.0724628,0,0,0,0,0,0
4,15,0,-0.0981288,0,0,0,0,0,0
5,15,0,-0.084263,0,0,0,0,0,0
6,15,0,-0.0328514,0,0,0,0,0,0
7,15,0,0.0178238,0,0,0,0,0,0
8,15,0,-0.104921,0,0,0,0,0,0
9,15,0,-0.0934809,0,0,0,0,0,0
10,15,0,-0.0378771,0,0,0,0,0,0
1,16,0,-0.12655,0,0,0,0,0,0
2,16,0,-0.121436,0,0,0,0,0,0
3,16,0,-0.091246,0,0,0,0,0,0
4,16,0,-0.163382,0,0,0,0,0,0
5,16,0,-0.124798,0,0,0,0,0,0
6,16,0,-0.113008,0,0,0,0,0,0
7,16,0,-0.114347,0,0,0,0,0,0
8,16,0,-0.163091,0,0,0,0,0,0
9,16,0,-0.119187,0,0,0,0,0,0
10,16,0,-0.130442,0,0,0,0,0,0
1,17,0,-0.378339,0,0,0,0,0,0
2,17,0,-0.321739,0,0,0,0,0,0
3,17,0,-0.364439,0,0,0,0,0,0
4,17,0,-0.368761,0,0,0,0,0,0
5,17,0,-0.313032,0,0,0,0,0,0
6,17,0,-0.33448,0,0,0,0,0,0
7,17,0,-0.324712,0,0,0,0,0,0
8,17,0,-0.329103,0,0,0,0,0,0
9,17,0,-0.331689,0,0,0,0,0,0
10,17,0,-0.314068,0,0,0,0,0,0
1,18,0,-0.0761474,0,0,0,0,0,0
2,18,0,-0.0657979,0,0,0,0,0,0
3,18,0,-0.0841125,0,0,0,0,0,0
4,18,0,-0.113499,0,0,0,0,0,0
5,18,0,-0.0914799,0,0,0,0,0,0
6,18,0,-0.0607407,0,0,0,0,0,0
7,18,0,-0.124167,0,0,0,0,0,0
8,18,0,-0.0606634,0,0,0,0,0,0
9,18,0,-0.028657,0,0,0,0,0,0
10,18,0,-0.0935066,0,0,0,0,0,0
1,19,0,0.365803,0,0,0,0,0,0
2,19,0,0.363278,0,0,0,0,0,0
3,19,0,0.351872,0,0,0,0,0,0
4,19,0,0.275951,0,0,0,0,0,0
5,19,0,0.291171,0,0,0,0,0,0
6,19,0,0.260534,0,0,0,0,0,0
7,19,0,0.291965,0,0,0,0,0,0
8,19,0,0.289136,0,0,0,0,0,0
9,19,0,0.260218,0,0,0,0,0,0
10,19,0,0.350438,0,0,0,0,0,0
1,20,0,-0.374608,0,0,0,0,0,0
2,20,0,-0.377449,0,0,0,0,0,0
3,20,0,-0.355637,0,0,0,0,0,0
4,20,0,-0.378875,0,0,0,0,0,0
5,20,0,-0.341004,0,0,0,0,0,0
6,20,0,-0.331698,0,0,0,0,0,0
7,20,0,-0.330126,0,0,0,0,0,0
8,20,0,-0.374782,0,0,0,0,0,0
9,20,0,-0.369176,0,0,0,0,0,0
10,20,0,-0.347248,0,0,0,0,0,0
1,21,0,0.0567296,0,0,0,0,0,0
2,21,0,0.199357,0,0,0,0,0,0
3,21,0,0.0924651,0,0,0,0,0,0
4,21,0,0.167917,0,0,0,0,0,0
5,21,0,0.0297962,0,0,0,0,0,0
6,21,0,0.107487,0,0,0,0,0,0
7,21,0,0.110863,0,0,0,0,0,0
8,21,0,0.197339,0,0,0,0,0,0
9,21,0,0.087664,0,0,0,0,0,0
10,21,0,0.102262,0,0,0,0,0,0
1,22,0,-0.337707,0,0,0,0,0,0
2,22,0,-0.400085,0,0,0,0,0,0
3,22,0,-0.376895,0,0,0,0,0,0
4,22,0,-0.438197,0,0,0,0,0,0
5,22,0,-0.325743,0,0,0,0,0,0
6,22,0,-0.479401,0,0,0,0,0,0
7,22,0,-0.429404,0,0,0,0,0,0
8,22,0,-0.374989,0,0,0,0,0,0
9,22,0,-0.430084,0,0,0,0,0,0
10,22,0,-0.370552,0,0,0,0,0,0
1,23,0,0.643646,0,0,0,0,0,0
2,23,0,0.591651,0,0,0,0,0,0
3,23,0,0.578295,0,0,0,0,0,0
4,23,0,0.546862,0,0,0,0,0,0
5,23,0,0.565073,0,0,0,0,0,0
6,23,0,0.579474,0,0,0,0,0,0
7,23,0,0.56279,0,0,0,0,0,0
8,23,0,0.574466,0,0,0,0,0,0
9,23,0,0.556567,0,0,0,0,0,0
10,23,0,0.562251,0,0,0,0,0,0
1,24,0,0.0993425,0,0,0,0,0,0
2,24,0,0.0985747,0,0,0,0,0,0
3,24,0,0.142775,0,0,0,0,0,0
4,24,0,0.0710095,0,0,0,0,0,0
5,24,0,0.125727,0,0,0,0,0,0
6,24,0,0.0664006,0,0,0,0,0,0
7,24,0,0.0715638,0,0,0,0,0,0
8,24,0,0.0651993,0,0,0,0,0,0
9,24,0,0.116792,0,0,0,0,0,0
10,24,0,0.0861622,0,0,0,0,0,0
1,25,0,-0.154302,0,0,0,0,0,0
2,25,0,-0.0689911,0,0,0,0,0,0
3,25,0,-0.102187,0,0,0,0,0,0
4,25,0,-0.162898,0,0,0,0,0,0
5,25,0,-0.153029,0,0,0,0,0,0
6,25,0,-0.0655024,0,0,0,0,0,0
7,25,0,-0.0866709,0,0,0,0,0,0
8,25,0,-0.0980705,0,0,0,0,0,0
9,25,0,-0.0648607,0,0,0,0,0,0
10,25,0,-0.130023,0,0,0,0,0,0
1,26,0,-0.250871,0,0,0,0,0,0
2,26,0,-0.304767,0,0,0,0,0,0
3,26,0,-0.244429,0,0,0,0,0,0
4,26,0,-0.257399,0,0,0,0,0,0
5,26,0,-0.28889,0,0,0,0,0,0
6,26,0,-0.239324,0,0,0,0,0,0
7,26,0,-0.280464,0,0,0,0,0,0
8,26,0,-0.275552,0,0,0,0,0,0
9,26,0,-0.248957,0,0,0,0,0,0
10,26,0,-0.234246,0,0,0,0,0,0
1,27,0,-0.21558,0,0,0,0,0,0
2,27,0,-0.17616,0,0,0,0,0,0
3,27,0,-0.176255,0,0,0,0,0,0
4,27,0,-0.158806,0,0,0,0,0,0
5,27,0,-0.181765,0,0,0,0,0,0
6,27,0,-0.19991,0,0,0,0,0,0
7,27,0,-0.12524,0,0,0,0,0,0
8,27,0,-0.176548,0,0,0,0,0,0
9,27,0,-0.172008,0,0,0,0,0,0
10,27,0,-0.120194,0,0,0,0,0,0
1,28,0,0.29365,0,0,0,0,0,0
2,28,0,0.351705,0,0,0,0,0,0
3,28,0,0.290529,0,0,0,0,0,0
4,28,0,0.30021,0,0,0,0,0,0
5,28,0,0.291789,0,0,0,0,0,0
6,28,0,0.325906,0,0,0,0,0,0
7,28,0,0.295683,0,0,0,0,0,0
8,28,0,0.297453,0,0,0,0,0,0
9,28,0,0.290143,0,0,0,0,0,0
10,28,0,0.399804,0,0,0,0,0,0
1,29,0,-0.10167,0,0,0,0,0,0
2,29,0,-0.089904,0,0,0,0,0,0
3,29,0,-0.168112,0,0,0,0,0,0
4,29,0,-0.129165,0,0,0,0,0,0
5,29,0,-0.165797,0,0,0,0,0,0
6,29,0,-0.0962813,0,0,0,0,0,0
7,29,0,-0.113253,0,0,0,0,0,0
8,29,0,-0.0229174,0,0,0,0,0,0
9,29,0,-0.133723,0,0,0,0,0,0
10,29,0,-0.0838491,0,0,0,0,0,0
1,30,0,0.480873,0,0,0,0,0,0
2,30,0,0.481459,0,0,0,0,0,0
3,30,0,0.438218,0,0,0,0,0,0
4,30,0,0.480878,0,0,0,0,0,0
5,30,0,0.450806,0,0,0,0,0,0
6,30,0,0.451028,0,0,0,0,0,0
7,30,0,0.488097,0,0,0,0,0,0
8,30,0,0.516741,0,0,0,0,0,0
9,30,0,0.471015,0,0,0,0,0,0
10,30,0,0.404616,0,0,0,0,0,0
1,31,0,0.10701,0,0,0,0,0,0
2,31,0,0.144206,0,0,0,0,0,0
3,31,0,0.174798,0,0,0,0,0,0
4,31,0,0.0901974,0,0,0,0,0,0
5,31,0,0.115019,0,0,0,0,0,0
6,31,0,0.147452,0,0,0,0,0,0
7,31,0,0.186916,0,0,0,0,0,0
8,31,0,0.140693,0,0,0,0,0,0
9,31,0,0.159267,0,0,0,0,0,0
10,31,0,0.165843,0,0,0,0,0,0
1,32,0,-0.732247,0,0,0,0,0,0
2,32,0,-0.708098,0,0,0,0,0,0
3,32,0,-0.730615,0,0,0,0,0,0
4,32,0,-0.764299,0,0,0,0,0,0
5,32,0,-0.816354,0,0,0,0,0,0
6,32,0,-0.727013,0,0,0,0,0,0
7,32,0,-0.716842,0,0,0,0,0,0
8,32,0,-0.734033,0,0,0,0,0,0
9,32,0,-0.715538,0,0,0,0,0,0
10,32,0,-0.776174,0,0,0,0,0,0
1,33,0,0.105598,0,0,0,0,0,0
2,33,0,0.106081,0,0,0,0,0,0
3,33,0,0.110971,0,0,0,0,0,0
4,33,0,0.113333,0,0,0,0,0,0
5,33,0,0.0863663,0,0,0,0,0,0
6,33,0,0.191246,0,0,0,0,0,0
7,33,0,0.132969,0,0,0,0,0,0
8,33,0,0.155138,0,0,0,0,0,0
9,33,0,0.0660026,0,0,0,0,0,0
10,33,0,0.155836,0,0,0,0,0,0
1,34,0,0.287539,0,0,0,0,0,0
2,34,0,0.269067,0,0,0,0,0,0
3,34,0,0.265006,0,0,0,0,0,0
4,34,0,0.311363,0,0,0,0,0,0
5,34,0,0.255282,0,0,0,0,0,0
6,34,0,0.26211,0,0,0,0,0,0
7,34,0,0.303985,0,0,0,0,0,0
8,34,0,0.315148,0,0,0,0,0,0
9,34,0,0.31606,0,0,0,0,0,0
10,34,0,0.277626,0,0,0,0,0,0
1,35,0,-0.340913,0,0,0,0,0,0
2,35,0,-0.37521,0,0,0,0,0,0
3,35,0,-0.386883,0,0,0,0,0,0
4,35,0,-0.329848,0,0,0,0,0,0
5,35,0,-0.326924,0,0,0,0,0,0
6,35,0,-0.328845,0,0,0,0,0,0
7,35,0,-0.354262,0,0,0,0,0,0
8,35,0,-0.321533,0,0,0,0,0,0
9,35,0,-0.342196,0,0,0,0,0,0
10,35,0,-0.340514,0,0,0,0,0,0
1,36,0,-0.458231,0,0,0,0,0,0
2,36,0,-0.565693,0,0,0,0,0,0
3,36,0,-0.491859,0,0,0,0,0,0
4,36,0,-0.487092,0,0,0,0,0,0
5,36,0,-0.432319,0,0,0,0,0,0
6,36,0,-0.521703,0,0,0,0,0,0
7,36,0,-0.50084,0,0,0,0,0,0
8,36,0,-0.444696,0,0,0,0,0,0
9,36,0,-0.510187,0,0,0,0,0,0
10,36,0,-0.531842,0,0,0,0,0,0
1,37,0,-0.172494,0,0,0,0,0,0
2,37,0,-0.242115,0,0,0,0,0,0
3,37,0,-0.234669,0,0,0,0,0,0
4,37,0,-0.261745,0,0,0,0,0,0
5,37,0,-0.237943,0,0,0,0,0,0
6,37,0,-0.176181,0,0,0,0,0,0
7,37,0,-0.219555,0,0,0,0,0,0
8,37,0,-0.206439,0,0,0,0,0,0
9,37,0,-0.219555,0,0,0,0,0,0
10,37,0,-0.21465,0,0,0,0,0,0
1,38,0,-0.326163,0,0,0,0,0,0
2,38,0,-0.345251,0,0,0,0,0,0
3,38,0,-0.223898,0,0,0,0,0,0
4,38,0,-0.23129,0,0,0,0,0,0
5,38,0,-0.314134,0,0,0,0,0,0
6,38,0,-0.219027,0,0,0,0,0,0
7,38,0,-0.27155,0,0,0,0,0,0
8,38,0,-0.2322,0,0,0,0,0,0
9,38,0,-0.305511,0,0,0,0,0,0
10,38,0,-0.271131,0,0,0,0,0,0
1,39,0,-0.139481,0,0,0,0,0,0
2,39,0,-0.147032,0,0,0,0,0,0
3,39,0,-0.183107,0,0,0,0,0,0
4,39,0,-0.149519,0,0,0,0,0,0
5,39,0,-0.22411,0,0,0,0,0,0
6,39,0,-0.154464,0,0,0,0,0,0
7,39,0,-0.12885,0,0,0,0,0,0
8,39,0,-0.212279,0,0,0,0,0,0
9,39,0,-0.176921,0,0,0,0,0,0
10,39,0,-0.221023,0,0,0,0,0,0
1,40,0,0.490646,0,0,0,0,0,0
2,40,0,0.45105,0,0,0,0,0,0
3,40,0,0.46372,0,0,0,0,0,0
4,40,0,0.43612,0,0,0,0,0,0
5,40,0,0.411438,0,0,0,0,0,0
6,40,0,0.412775,0,0,0,0,0,0
7,40,0,0.459809,0,0,0,0,0,0
8,40,0,0.393198,0,0,0,0,0,0
9,40,0,0.418831,0,0,0,0,0,0
10,40,0,0.48608,0,0,0,0,0,0
1,41,0,0.0716211,0,0,0,0,0,0
2,41,0,0.0414459,0,0,0,0,0,0
3,41,0,0.0703063,0,0,0,0,0,0
4,41,0,0.0854371,0,0,0,0,0,0
5,41,0,0.103086,0,0,0,0,0,0
6,41,0,0.0809425,0,0,0,0,0,0
7,41,0,0.0366544,0,0,0,0,0,0
8,41,0,0.121943,0,0,0,0,0,0
9,41,0,0.0806795,0,0,0,0,0,0
10,41,0,0.0872787,0,0,0,0,0,0
1,42,0,0.0951495,0,0,0,0,0,0
2,42,0,0.134044,0,0,0,0,0,0
3,42,0,0.105272,0,0,0,0,0,0
4,42,0,0.159249,0,0,0,0,0,0
5,42,0,0.10594,0,0,0,0,0,0
6,42,0,0.176201,0,0,0,0,0,0
7,42,0,0.105981,0,0,0,0,0,0
8,42,0,0.157825,0,0,0,0,0,0
9,42,0,0.112065,0,0,0,0,0,0
10,42,0,0.100187,0,0,0,0,0,0
1,43,0,-0.166661,0,0,0,0,0,0
2,43,0,-0.218072,0,0,0,0,0,0
3,43,0,-0.271954,0,0,0,0,0,0
4,43,0,-0.2321,0,0,0,0,0,0
5,43,0,-0.245012,0,0,0,0,0,0
6,43,0,-0.236099,0,0,0,0,0,0
7,43,0,-0.243316,0,0,0,0,0,0
8,43,0,-0.2603,0,0,0,0,0,0
9,43,0,-0.1785,0,0,0,0,0,0
10,43,0,-0.180957,0,0,0,0,0,0
1,44,0,0.123419,0,0,0,0,0,0
2,44,0,0.0413601,0,0,0,0,0,0
3,44,0,0.150654,0,0,0,0,0,0
4,44,0,0.0992644,0,0,0,0,0,0
5,44,0,0.109435,0,0,0,0,0,0
6,44,0,0.155643,0,0,0,0,0,0
7,44,0,0.136351,0,0,0,0,0,0
8,44,0,0.117475,0,0,0,0,0,0
9,44,0,0.158846,0,0,0,0,0,0
10,44,0,0.162128,0,0,0,0,0,0
1,45,0,-0.370336,0,0,0,0,0,0
2,45,0,-0.337401,0,0,0,0,0,0
3,45,0,-0.301629,0,0,0,0,0,0
4,45,0,-0.330358,0,0,0,0,0,0
5,45,0,-0.360852,0,0,0,0,0,0
6,45,0,-0.361837,0,0,0,0,0,0
7,45,0,-0.32373,0,0,0,0,0,0
8,45,0,-0.370565,0,0,0,0,0,0
9,45,0,-0.39647,0,0,0,0,0,0
10,45,0,-0.36352,0,0,0,0,0,0
