rep,id,eta_V,eta_Cl
1,1,0.299964,0
2,1,0.300275,0
3,1,0.299885,0
4,1,0.303979,0
5,1,0.300644,0
6,1,0.307586,0
7,1,0.30578,0
8,1,0.301508,0
9,1,0.305321,0
10,1,0.307445,0
1,2,-0.128521,0
2,2,-0.126709,0
3,2,-0.128347,0
4,2,-0.127502,0
5,2,-0.130268,0
6,2,-0.123877,0
7,2,-0.130035,0
8,2,-0.130544,0
9,2,-0.126489,0
10,2,-0.126803,0
1,3,-0.228436,0
2,3,-0.227669,0
3,3,-0.228246,0
4,3,-0.226999,0
5,3,-0.227554,0
6,3,-0.229589,0
7,3,-0.225392,0
8,3,-0.225183,0
9,3,-0.224711,0
10,3,-0.228684,0
1,4,-0.137349,0
2,4,-0.132698,0
3,4,-0.131007,0
4,4,-0.131207,0
5,4,-0.131568,0
6,4,-0.132806,0
7,4,-0.134306,0
8,4,-0.136726,0
9,4,-0.136512,0
10,4,-0.136587,0
1,5,0.316559,0
2,5,0.314432,0
3,5,0.318802,0
4,5,0.319456,0
5,5,0.318676,0
6,5,0.309321,0
7,5,0.315291,0
8,5,0.315938,0
9,5,0.32501,0
10,5,0.314746,0
1,6,0.282991,0
2,6,0.285298,0
3,6,0.290517,0
4,6,0.283475,0
5,6,0.286973,0
6,6,0.29067,0
7,6,0.285282,0
8,6,0.288276,0
9,6,0.286173,0
10,6,0.285477,0
1,7,-0.181941,0
2,7,-0.178894,0
3,7,-0.17745,0
4,7,-0.180351,0
5,7,-0.180291,0
6,7,-0.177273,0
7,7,-0.175053,0
8,7,-0.176404,0
9,7,-0.180953,0
10,7,-0.180317,0
1,8,0.247219,0
2,8,0.242237,0
3,8,0.249409,0
4,8,0.243853,0
5,8,0.243556,0
6,8,0.24762,0
7,8,0.245326,0
8,8,0.24514,0
9,8,0.246578,0
10,8,0.244041,0
1,9,-0.0349508,0
2,9,-0.0368266,0
3,9,-0.0331948,0
4,9,-0.0375851,0
5,9,-0.0353787,0
6,9,-0.0401673,0
7,9,-0.0380792,0
8,9,-0.0359617,0
9,9,-0.038755,0
10,9,-0.0371131,0
1,10,-0.253209,0
2,10,-0.253283,0
3,10,-0.252035,0
4,10,-0.255375,0
5,10,-0.254205,0
6,10,-0.252648,0
7,10,-0.253314,0
8,10,-0.256654,0
9,10,-0.254052,0
10,10,-0.256875,0
1,11,-0.0863981,0
2,11,-0.0871816,0
3,11,-0.0882009,0
4,11,-0.0902962,0
5,11,-0.0871461,0
6,11,-0.0864478,0
7,11,-0.0904172,0
8,11,-0.0901722,0
9,11,-0.0901369,0
10,11,-0.0890197,0
1,12,-0.131393,0
2,12,-0.127313,0
3,12,-0.125916,0
4,12,-0.13017,0
5,12,-0.127216,0
6,12,-0.123103,0
7,12,-0.123751,0
8,12,-0.124342,0
9,12,-0.127411,0
10,12,-0.128335,0
1,13,0.352206,0
2,13,0.355538,0
3,13,0.36058,0
4,13,0.348688,0
5,13,0.352128,0
6,13,0.355686,0
7,13,0.347874,0
8,13,0.356192,0
9,13,0.351752,0
10,13,0.361759,0
1,14,-0.122837,0
2,14,-0.118347,0
3,14,-0.120685,0
4,14,-0.121573,0
5,14,-0.118737,0
6,14,-0.123244,0
7,14,-0.120326,0
8,14,-0.124929,0
9,14,-0.123127,0
10,14,-0.122685,0
1,15,0.200622,0
2,15,0.207109,0
3,15,0.203824,0
4,15,0.198027,0
5,15,0.199817,0
6,15,0.203383,0
7,15,0.20097,0
8,15,0.19702,0
9,15,0.200832,0
10,15,0.201817,0
1,16,-0.128864,0
2,16,-0.132546,0
3,16,-0.133844,0
4,16,-0.133737,0
5,16,-0.134478,0
6,16,-0.133537,0
7,16,-0.126534,0
8,16,-0.135264,0
9,16,-0.131022,0
10,16,-0.130141,0
1,17,-0.246346,0
2,17,-0.242747,0
3,17,-0.246689,0
4,17,-0.246146,0
5,17,-0.244385,0
6,17,-0.241709,0
7,17,-0.240927,0
8,17,-0.247486,0
9,17,-0.243249,0
10,17,-0.242293,0
1,18,-0.139958,0
2,18,-0.137614,0
3,18,-0.13595,0
4,18,-0.134618,0
5,18,-0.136225,0
6,18,-0.132568,0
7,18,-0.136367,0
8,18,-0.133956,0
9,18,-0.135478,0
10,18,-0.132811,0
1,19,0.312178,0
2,19,0.324074,0
3,19,0.319066,0
4,19,0.31927,0
5,19,0.320722,0
6,19,0.31953,0
7,19,0.321329,0
8,19,0.32557,0
9,19,0.325623,0
10,19,0.327237,0
1,20,0.282152,0
2,20,0.283886,0
3,20,0.284123,0
4,20,0.280781,0
5,20,0.278226,0
6,20,0.282491,0
7,20,0.281766,0
8,20,0.284663,0
9,20,0.285416,0
10,20,0.291954,0
1,21,-0.179744,0
2,21,-0.180166,0
3,21,-0.177869,0
4,21,-0.177859,0
5,21,-0.182704,0
6,21,-0.183688,0
7,21,-0.178524,0
8,21,-0.180694,0
9,21,-0.177319,0
10,21,-0.183297,0
1,22,0.251383,0
2,22,0.236179,0
3,22,0.240114,0
4,22,0.244425,0
5,22,0.237471,0
6,22,0.245169,0
7,22,0.23946,0
8,22,0.242239,0
9,22,0.237593,0
10,22,0.239405,0
1,23,-0.0460962,0
2,23,-0.0394734,0
3,23,-0.0393595,0
4,23,-0.0452678,0
5,23,-0.0406642,0
6,23,-0.0444757,0
7,23,-0.0413271,0
8,23,-0.0459557,0
9,23,-0.0444609,0
10,23,-0.0404973,0
1,24,-0.269547,0
2,24,-0.273518,0
3,24,-0.273616,0
4,24,-0.270319,0
5,24,-0.272844,0
6,24,-0.269101,0
7,24,-0.273383,0
8,24,-0.271221,0
9,24,-0.268317,0
10,24,-0.267924,0
1,25,-0.0875945,0
2,25,-0.0883713,0
3,25,-0.0886639,0
4,25,-0.0884306,0
5,25,-0.0888788,0
6,25,-0.0928204,0
7,25,-0.0910347,0
8,25,-0.0874359,0
9,25,-0.0896531,0
10,25,-0.0881614,0
1,26,-0.131844,0
2,26,-0.126921,0
3,26,-0.130311,0
4,26,-0.131892,0
5,26,-0.129769,0
6,26,-0.129163,0
7,26,-0.129466,0
8,26,-0.131818,0
9,26,-0.130079,0
10,26,-0.128502,0
1,27,0.344426,0
2,27,0.348709,0
3,27,0.344362,0
4,27,0.344046,0
5,27,0.342449,0
6,27,0.359167,0
7,27,0.35234,0
8,27,0.353373,0
9,27,0.347585,0
10,27,0.350493,0
1,28,-0.125671,0
2,28,-0.123124,0
3,28,-0.124865,0
4,28,-0.126392,0
5,28,-0.128235,0
6,28,-0.127258,0
7,28,-0.123209,0
8,28,-0.124587,0
9,28,-0.128372,0
10,28,-0.124241,0
1,29,0.198926,0
2,29,0.207646,0
3,29,0.203867,0
4,29,0.202336,0
5,29,0.201374,0
6,29,0.199854,0
7,29,0.206192,0
8,29,0.208872,0
9,29,0.208043,0
10,29,0.208859,0
1,30,-0.150622,0
2,30,-0.148992,0
3,30,-0.147654,0
4,30,-0.145332,0
5,30,-0.147848,0
6,30,-0.154344,0
7,30,-0.148253,0
8,30,-0.146797,0
9,30,-0.147788,0
10,30,-0.144691,0
1,31,-0.247538,0
2,31,-0.246611,0
3,31,-0.246224,0
4,31,-0.2447,0
5,31,-0.244568,0
6,31,-0.247837,0
7,31,-0.246239,0
8,31,-0.242777,0
9,31,-0.245886,0
10,31,-0.245778,0
1,32,-0.133135,0
2,32,-0.136924,0
3,32,-0.132436,0
4,32,-0.135591,0
5,32,-0.14031,0
6,32,-0.13929,0
7,32,-0.139407,0
8,32,-0.137742,0
9,32,-0.137326,0
10,32,-0.137943,0
1,33,0.314401,0
2,33,0.319997,0
3,33,0.312068,0
4,33,0.312719,0
5,33,0.311678,0
6,33,0.321579,0
7,33,0.308211,0
8,33,0.316571,0
9,33,0.312767,0
10,33,0.32099,0
1,34,0.273097,0
2,34,0.277289,0
3,34,0.274121,0
4,34,0.284714,0
5,34,0.284433,0
6,34,0.27831,0
7,34,0.27928,0
8,34,0.283345,0
9,34,0.277297,0
10,34,0.283982,0
1,35,-0.179788,0
2,35,-0.17577,0
3,35,-0.179913,0
4,35,-0.180623,0
5,35,-0.180818,0
6,35,-0.182736,0
7,35,-0.179106,0
8,35,-0.178719,0
9,35,-0.180623,0
10,35,-0.181911,0
1,36,0.24493,0
2,36,0.246003,0
3,36,0.244777,0
4,36,0.243239,0
5,36,0.239445,0
6,36,0.241476,0
7,36,0.240398,0
8,36,0.239352,0
9,36,0.238672,0
10,36,0.237951,0
1,37,-0.0357225,0
2,37,-0.0389287,0
3,37,-0.0379066,0
4,37,-0.0377684,0
5,37,-0.0400451,0
6,37,-0.0400013,0
7,37,-0.0417498,0
8,37,-0.0397621,0
9,37,-0.0438752,0
10,37,-0.0400915,0
1,38,-0.267597,0
2,38,-0.271706,0
3,38,-0.274216,0
4,38,-0.270501,0
5,38,-0.270637,0
6,38,-0.270114,0
7,38,-0.267252,0
8,38,-0.27113,0
9,38,-0.272284,0
10,38,-0.267975,0
1,39,-0.0890992,0
2,39,-0.0897784,0
3,39,-0.0898903,0
4,39,-0.0903218,0
5,39,-0.0940676,0
6,39,-0.0907376,0
7,39,-0.0854283,0
8,39,-0.0902018,0
9,39,-0.0872619,0
10,39,-0.0890944,0
1,40,-0.128111,0
2,40,-0.131267,0
3,40,-0.128079,0
4,40,-0.130018,0
5,40,-0.131023,0
6,40,-0.12678,0
7,40,-0.128179,0
8,40,-0.131198,0
9,40,-0.132442,0
10,40,-0.133435,0
1,41,0.366488,0
2,41,0.366641,0
3,41,0.370859,0
4,41,0.375686,0
5,41,0.364538,0
6,41,0.363396,0
7,41,0.36991,0
8,41,0.366942,0
9,41,0.36393,0
10,41,0.366011,0
1,42,-0.132858,0
2,42,-0.127653,0
3,42,-0.129141,0
4,42,-0.12969,0
5,42,-0.126166,0
6,42,-0.125992,0
7,42,-0.129667,0
8,42,-0.127897,0
9,42,-0.130798,0
10,42,-0.131565,0
1,43,0.200615,0
2,43,0.206759,0
3,43,0.205749,0
4,43,0.202928,0
5,43,0.207824,0
6,43,0.209049,0
7,43,0.202467,0
8,43,0.209046,0
9,43,0.201803,0
10,43,0.206283,0
1,44,-0.153617,0
2,44,-0.153137,0
3,44,-0.151085,0
4,44,-0.148856,0
5,44,-0.149047,0
6,44,-0.150699,0
7,44,-0.15199,0
8,44,-0.154253,0
9,44,-0.152572,0
10,44,-0.150465,0
1,45,-0.349539,0
2,45,-0.354624,0
3,45,-0.354134,0
4,45,-0.352378,0
5,45,-0.353152,0
6,45,-0.352787,0
7,45,-0.352805,0
8,45,-0.352906,0
9,45,-0.353483,0
10,45,-0.356154,0
