rep,id,V,Cl
1,1,5.71803,2.80857
2,1,5.79001,2.80857
3,1,5.85184,2.80857
4,1,5.76191,2.80857
5,1,5.95329,2.80857
6,1,5.79148,2.80857
7,1,5.7797,2.80857
8,1,5.74373,2.80857
9,1,5.76873,2.80857
10,1,5.89568,2.80857
1,2,4.30682,2.80857
2,2,4.32063,2.80857
3,2,4.3406,2.80857
4,2,4.32611,2.80857
5,2,4.3406,2.80857
6,2,4.42935,2.80857
7,2,4.28345,2.80857
8,2,4.3778,2.80857
9,2,4.30525,2.80857
10,2,4.35496,2.80857
1,3,4.23924,2.80857
2,3,4.18763,2.80857
3,3,4.2251,2.80857
4,3,4.21727,2.80857
5,3,4.20723,2.80857
6,3,4.22682,2.80857
7,3,4.17383,2.80857
8,3,4.15947,2.80857
9,3,4.17946,2.80857
10,3,4.14799,2.80857
1,4,5.22247,2.80857
2,4,5.30331,2.80857
3,4,5.30136,2.80857
4,4,5.26403,2.80857
5,4,5.39617,2.80857
6,4,5.2047,2.80857
7,4,5.25665,2.80857
8,4,5.39704,2.80857
9,4,5.48666,2.80857
10,4,5.4569,2.80857
1,5,5.15924,2.80857
2,5,5.04513,2.80857
3,5,5.03744,2.80857
4,5,5.18588,2.80857
5,5,5.11859,2.80857
6,5,4.96263,2.80857
7,5,5.08711,2.80857
8,5,5.07687,2.80857
9,5,5.09431,2.80857
10,5,4.95542,2.80857
1,6,6.51495,2.80857
2,6,6.33848,2.80857
3,6,6.37827,2.80857
4,6,6.4763,2.80857
5,6,6.33334,2.80857
6,6,6.27236,2.80857
7,6,6.40079,2.80857
8,6,6.39321,2.80857
9,6,6.60082,2.80857
10,6,6.53261,2.80857
1,7,4.18882,2.80857
2,7,4.27554,2.80857
3,7,4.23354,2.80857
4,7,4.1685,2.80857
5,7,4.15593,2.80857
6,7,4.21592,2.80857
7,7,4.08761,2.80857
8,7,4.18575,2.80857
9,7,4.21141,2.80857
10,7,4.20281,2.80857
1,8,6.64197,2.80857
2,8,6.9585,2.80857
3,8,7.0691,2.80857
4,8,6.99502,2.80857
5,8,6.78507,2.80857
6,8,6.86774,2.80857
7,8,6.63672,2.80857
8,8,6.73049,2.80857
9,8,6.79956,2.80857
10,8,6.84297,2.80857
1,9,7.45319,2.80857
2,9,7.27415,2.80857
3,9,7.01735,2.80857
4,9,6.86235,2.80857
5,9,7.50754,2.80857
6,9,7.54573,2.80857
7,9,7.28892,2.80857
8,9,7.36163,2.80857
9,9,7.36014,2.80857
10,9,7.41444,2.80857
1,10,10.3871,2.80857
2,10,10.3794,2.80857
3,10,10.314,2.80857
4,10,10.2803,2.80857
5,10,10.3154,2.80857
6,10,10.255,2.80857
7,10,10.4601,2.80857
8,10,10.4419,2.80857
9,10,11.1409,2.80857
10,10,10.2942,2.80857
1,11,5.77273,2.80857
2,11,5.88141,2.80857
3,11,5.74998,2.80857
4,11,5.75947,2.80857
5,11,5.77559,2.80857
6,11,5.88547,2.80857
7,11,5.85215,2.80857
8,11,5.78139,2.80857
9,11,5.66571,2.80857
10,11,5.76591,2.80857
1,12,7.20427,2.80857
2,12,7.07956,2.80857
3,12,7.02644,2.80857
4,12,7.09021,2.80857
5,12,7.29923,2.80857
6,12,7.61392,2.80857
7,12,7.34371,2.80857
8,12,7.16681,2.80857
9,12,7.34381,2.80857
10,12,7.0787,2.80857
1,13,5.40413,2.80857
2,13,5.40582,2.80857
3,13,5.43604,2.80857
4,13,5.43698,2.80857
5,13,5.46975,2.80857
6,13,5.2784,2.80857
7,13,5.39607,2.80857
8,13,5.59069,2.80857
9,13,5.44929,2.80857
10,13,5.37295,2.80857
1,14,8.30401,2.80857
2,14,8.45261,2.80857
3,14,8.72862,2.80857
4,14,8.62609,2.80857
5,14,8.3318,2.80857
6,14,8.40238,2.80857
7,14,8.43625,2.80857
8,14,8.66211,2.80857
9,14,8.63008,2.80857
10,14,8.5101,2.80857
1,15,6.88785,2.80857
2,15,6.90234,2.80857
3,15,6.88528,2.80857
4,15,6.82214,2.80857
5,15,7.08207,2.80857
6,15,6.9732,2.80857
7,15,6.85361,2.80857
8,15,6.62197,2.80857
9,15,6.87879,2.80857
10,15,6.75373,2.80857
1,16,4.5408,2.80857
2,16,4.54194,2.80857
3,16,4.43937,2.80857
4,16,4.46909,2.80857
5,16,4.51181,2.80857
6,16,4.45474,2.80857
7,16,4.54432,2.80857
8,16,4.4851,2.80857
9,16,4.4261,2.80857
10,16,4.4969,2.80857
1,17,4.17225,2.80857
2,17,4.26529,2.80857
3,17,4.20582,2.80857
4,17,4.2032,2.80857
5,17,4.24833,2.80857
6,17,4.20033,2.80857
7,17,4.24736,2.80857
8,17,4.2991,2.80857
9,17,4.18131,2.80857
10,17,4.20371,2.80857
1,18,5.22848,2.80857
2,18,5.44092,2.80857
3,18,5.49838,2.80857
4,18,5.29724,2.80857
5,18,5.47765,2.80857
6,18,5.21958,2.80857
7,18,5.29399,2.80857
8,18,5.32191,2.80857
9,18,5.3284,2.80857
10,18,5.35742,2.80857
1,19,5.25796,2.80857
2,19,5.23494,2.80857
3,19,5.26133,2.80857
4,19,5.17999,2.80857
5,19,5.3675,2.80857
6,19,5.22523,2.80857
7,19,5.05457,2.80857
8,19,5.14027,2.80857
9,19,5.06186,2.80857
10,19,5.14592,2.80857
1,20,6.58246,2.80857
2,20,6.70124,2.80857
3,20,6.35215,2.80857
4,20,6.36818,2.80857
5,20,6.39077,2.80857
6,20,6.4306,2.80857
7,20,6.48982,2.80857
8,20,6.60504,2.80857
9,20,6.68547,2.80857
10,20,6.5044,2.80857
1,21,4.29603,2.80857
2,21,4.15754,2.80857
3,21,4.13229,2.80857
4,21,4.25648,2.80857
5,21,4.20592,2.80857
6,21,4.23442,2.80857
7,21,4.17704,2.80857
8,21,4.20091,2.80857
9,21,4.23242,2.80857
10,21,4.266,2.80857
1,22,7.70995,2.80857
2,22,7.45333,2.80857
3,22,7.59464,2.80857
4,22,7.43901,2.80857
5,22,7.32385,2.80857
6,22,7.10107,2.80857
7,22,7.69872,2.80857
8,22,7.12605,2.80857
9,22,7.1773,2.80857
10,22,7.28198,2.80857
1,23,7.13011,2.80857
2,23,7.30387,2.80857
3,23,7.11216,2.80857
4,23,7.36911,2.80857
5,23,7.31078,2.80857
6,23,7.12423,2.80857
7,23,7.24552,2.80857
8,23,7.3007,2.80857
9,23,7.35007,2.80857
10,23,7.06978,2.80857
1,24,11.3856,2.80857
2,24,11.4115,2.80857
3,24,11.1185,2.80857
4,24,10.3549,2.80857
5,24,11.0464,2.80857
6,24,10.863,2.80857
7,24,10.9001,2.80857
8,24,11.0973,2.80857
9,24,11.5428,2.80857
10,24,10.8184,2.80857
1,25,5.68486,2.80857
2,25,5.84602,2.80857
3,25,5.79416,2.80857
4,25,5.69072,2.80857
5,25,5.79069,2.80857
6,25,5.77841,2.80857
7,25,5.85684,2.80857
8,25,5.76634,2.80857
9,25,5.86375,2.80857
10,25,5.76772,2.80857
1,26,7.17948,2.80857
2,26,7.08548,2.80857
3,26,7.15894,2.80857
4,26,6.94191,2.80857
5,26,7.24404,2.80857
6,26,7.24111,2.80857
7,26,6.91495,2.80857
8,26,7.40276,2.80857
9,26,7.1564,2.80857
10,26,6.95939,2.80857
1,27,5.38672,2.80857
2,27,5.42237,2.80857
3,27,5.6792,2.80857
4,27,5.47526,2.80857
5,27,5.48559,2.80857
6,27,5.40432,2.80857
7,27,5.45661,2.80857
8,27,5.5792,2.80857
9,27,5.53263,2.80857
10,27,5.50906,2.80857
1,28,8.54907,2.80857
2,28,8.79043,2.80857
3,28,8.72827,2.80857
4,28,8.72466,2.80857
5,28,8.57478,2.80857
6,28,8.83153,2.80857
7,28,8.69783,2.80857
8,28,9.13594,2.80857
9,28,8.44574,2.80857
10,28,8.75711,2.80857
1,29,7.45789,2.80857
2,29,6.93648,2.80857
3,29,7.16937,2.80857
4,29,7.11084,2.80857
5,29,6.96045,2.80857
6,29,6.87895,2.80857
7,29,6.86055,2.80857
8,29,7.29045,2.80857
9,29,7.28141,2.80857
10,29,7.20901,2.80857
1,30,7.99509,2.80857
2,30,7.90049,2.80857
3,30,8.29067,2.80857
4,30,8.30749,2.80857
5,30,8.16468,2.80857
6,30,8.18586,2.80857
7,30,8.34434,2.80857
8,30,8.01544,2.80857
9,30,8.35015,2.80857
10,30,8.35689,2.80857
1,31,4.15534,2.80857
2,31,4.19734,2.80857
3,31,4.18235,2.80857
4,31,4.33831,2.80857
5,31,4.25444,2.80857
6,31,4.266,2.80857
7,31,4.16584,2.80857
8,31,4.19247,2.80857
9,31,4.18614,2.80857
10,31,4.22132,2.80857
1,32,5.58512,2.80857
2,32,5.36492,2.80857
3,32,5.4295,2.80857
4,32,5.33177,2.80857
5,32,5.54976,2.80857
6,32,5.48791,2.80857
7,32,5.26836,2.80857
8,32,5.39517,2.80857
9,32,5.56806,2.80857
10,32,5.33303,2.80857
1,33,5.00498,2.80857
2,33,4.98177,2.80857
3,33,5.06264,2.80857
4,33,5.08405,2.80857
5,33,5.02672,2.80857
6,33,4.99178,2.80857
7,33,5.09053,2.80857
8,33,5.01877,2.80857
9,33,4.96299,2.80857
10,33,4.94497,2.80857
1,34,6.6933,2.80857
2,34,6.55312,2.80857
3,34,6.83588,2.80857
4,34,6.48005,2.80857
5,34,6.53128,2.80857
6,34,6.7025,2.80857
7,34,6.55674,2.80857
8,34,6.48037,2.80857
9,34,6.70869,2.80857
10,34,6.82975,2.80857
1,35,4.2856,2.80857
2,35,4.21043,2.80857
3,35,4.31475,2.80857
4,35,4.17817,2.80857
5,35,4.256,2.80857
6,35,4.27687,2.80857
7,35,4.22473,2.80857
8,35,4.34367,2.80857
9,35,4.21912,2.80857
10,35,4.22563,2.80857
1,36,7.1116,2.80857
2,36,7.2949,2.80857
3,36,7.31423,2.80857
4,36,7.19685,2.80857
5,36,7.23226,2.80857
6,36,7.41648,2.80857
7,36,7.03569,2.80857
8,36,7.29611,2.80857
9,36,7.29288,2.80857
10,36,7.29883,2.80857
1,37,6.71936,2.80857
2,37,6.56115,2.80857
3,37,6.8603,2.80857
4,37,6.43558,2.80857
5,37,6.96757,2.80857
6,37,6.82755,2.80857
7,37,6.42841,2.80857
8,37,6.70722,2.80857
9,37,6.79725,2.80857
10,37,6.91522,2.80857
1,38,11.198,2.80857
2,38,11.1058,2.80857
3,38,11.2957,2.80857
4,38,11.0743,2.80857
5,38,11.2923,2.80857
6,38,11.0804,2.80857
7,38,11.1192,2.80857
8,38,11.3957,2.80857
9,38,11.1987,2.80857
10,38,11.4927,2.80857
1,39,5.67493,2.80857
2,39,5.70909,2.80857
3,39,5.6853,2.80857
4,39,5.80994,2.80857
5,39,5.61808,2.80857
6,39,5.8081,2.80857
7,39,5.68109,2.80857
8,39,5.74933,2.80857
9,39,5.69356,2.80857
10,39,5.73677,2.80857
1,40,7.65766,2.80857
2,40,7.18354,2.80857
3,40,7.08488,2.80857
4,40,7.1387,2.80857
5,40,7.12234,2.80857
6,40,7.13898,2.80857
7,40,7.05167,2.80857
8,40,7.13607,2.80857
9,40,7.1881,2.80857
10,40,7.14581,2.80857
1,41,5.53288,2.80857
2,41,5.55045,2.80857
3,41,5.60357,2.80857
4,41,5.41316,2.80857
5,41,5.55944,2.80857
6,41,5.39355,2.80857
7,41,5.33263,2.80857
8,41,5.43698,2.80857
9,41,5.52372,2.80857
10,41,5.55335,2.80857
1,42,8.54453,2.80857
2,42,8.5602,2.80857
3,42,8.39163,2.80857
4,42,8.71172,2.80857
5,42,8.3437,2.80857
6,42,8.37916,2.80857
7,42,8.33445,2.80857
8,42,8.63311,2.80857
9,42,8.41074,2.80857
10,42,8.17082,2.80857
1,43,7.09867,2.80857
2,43,7.12621,2.80857
3,43,7.37927,2.80857
4,43,7.24201,2.80857
5,43,7.02844,2.80857
6,43,7.17266,2.80857
7,43,7.00197,2.80857
8,43,7.10791,2.80857
9,43,7.30698,2.80857
10,43,7.02459,2.80857
1,44,8.03072,2.80857
2,44,8.06555,2.80857
3,44,7.82772,2.80857
4,44,8.18721,2.80857
5,44,8.05963,2.80857
6,44,7.68732,2.80857
7,44,8.3128,2.80857
8,44,8.09171,2.80857
9,44,8.23011,2.80857
10,44,8.31338,2.80857
1,45,4.67684,2.80857
2,45,4.59283,2.80857
3,45,4.61437,2.80857
4,45,4.62827,2.80857
5,45,4.66055,2.80857
6,45,4.64924,2.80857
7,45,4.70506,2.80857
8,45,4.6598,2.80857
9,45,4.61953,2.80857
10,45,4.70301,2.80857
