,TIME,DOSE,OBS,std,dose_amount
0,-48.0,0.0,918.0,82.32186154897671,0
4,24.0,0.0,1051.25,234.23545846007175,0
8,48.0,0.0,1128.5,153.52849898308787,0
12,72.0,0.0,953.75,114.75299560360068,0
16,96.0,0.0,1105.5,69.8307477643862,0
20,120.0,0.0,943.75,179.8598991808161,0
24,144.0,0.0,950.0,202.94991171879497,0
28,168.0,0.0,1117.0,127.41794745377645,0
32,192.0,0.0,1103.5,210.5571972964433,0
36,216.0,0.0,1034.75,105.54106625701041,0
40,240.0,0.0,1257.5,101.85119865110408,0
44,264.0,0.0,1080.5,68.22267462752639,0
48,288.0,0.0,1036.0,99.20181449953424,0
52,312.0,0.0,1146.6666666666667,83.18854087753512,0
56,336.0,0.0,967.75,48.602983447521005,0
59,360.0,0.0,914.75,103.40011283037043,0
63,384.0,0.0,1059.0,106.52229813517918,0
67,432.0,0.0,966.0,74.66815474707629,0
71,480.0,0.0,899.0,56.568542494923804,0
75,552.0,0.0,999.1818181818181,189.12420161460997,0
