,TIME,DOSE,OBS,std,dose_amount
1,-48.0,5.0,942.1818181818181,90.62540282042136,0.9854722222222223
5,24.0,5.0,834.5,78.5302489490515,0.9854722222222223
9,48.0,5.0,828.0,175.80860805622308,0.9854722222222223
13,72.0,5.0,793.0,90.46914759555695,0.9854722222222223
17,96.0,5.0,976.0,166.3039386184224,0.9854722222222223
21,120.0,5.0,1173.25,104.33080401619968,0.9854722222222223
25,144.0,5.0,1100.25,153.3218292785908,0.9854722222222223
29,168.0,5.0,1173.0,93.45230512584125,0.9854722222222223
33,192.0,5.0,1159.75,28.825625173908502,0.9854722222222223
37,216.0,5.0,856.75,355.37620910803804,0.9854722222222223
41,240.0,5.0,923.25,143.19537934817126,0.9854722222222223
45,264.0,5.0,1106.75,85.16797128811591,0.9854722222222223
49,288.0,5.0,1031.5,139.13662350366278,0.9854722222222223
53,312.0,5.0,1019.75,89.30238891914743,0.9854722222222223
57,336.0,5.0,1275.25,52.59515186782901,0.9854722222222223
60,360.0,5.0,1059.6666666666667,74.96888243353595,0.9854722222222223
64,384.0,5.0,1078.3333333333333,79.77677189090402,0.9854722222222223
68,432.0,5.0,1045.25,64.08002808988148,0.9854722222222223
72,480.0,5.0,906.0,90.76342875850382,0.9854722222222223
76,552.0,5.0,946.9166666666666,75.6732909929056,0.9854722222222223
